scan to X = 100000000: 25 records, deepest L_1 = 238
   i        m_i      N_i    N_i/m_i   m_i/N_i   log2(m_i)/N_i   m_{i+1}/m_i   dN
    0           3      1     0.3333      3.000       1.5850        2.333     3
    1           7      4     0.5714      1.750       0.7018        3.857    35
    2          27     39     1.4444      0.692       0.1219       26.037    11
    3         703     50     0.0711     14.060       0.1891        1.333     1
    4         937     51     0.0544     18.373       0.1936        1.333     1
    5        1249     52     0.0416     24.019       0.1978        1.780     2
    6        2223     54     0.0243     41.167       0.2059        4.538    11
    7       10087     65     0.0064    155.185       0.2046        1.333     1
    8       13449     66     0.0049    203.773       0.2078        2.651    19
    9       35655     85     0.0024    419.471       0.1779        1.710    10
   10       60975     95     0.0016    641.842       0.1673        4.432     7
   11      270271    102     0.0004   2649.716       0.1769        1.333     1
   12      360361    103     0.0003   3498.650       0.1792        1.059     5
   13      381727    108     0.0003   3534.509       0.1717        1.333     1
   14      508969    109     0.0002   4669.440       0.1739        1.231     4
   15      626331    113     0.0002   5542.752       0.1704        1.338    21
   16      837799    134     0.0002   6252.231       0.1468        1.344     6
   17     1126015    140     0.0001   8042.964       0.1436        1.238     3
   18     1394431    143     0.0001   9751.266       0.1427        1.333     1
   19     1859241    144     0.0001  12911.396       0.1446        3.576    46
   20     6649279    190     0.0000  34996.205       0.1193        1.333     1
   21     8865705    191     0.0000  46417.304       0.1208        1.185     3
   22    10507503    194     0.0000  54162.387       0.1202        5.418     3
   23    56924955    197     0.0000  288959.162       0.1308        1.120    41
   24    63728127    238     0.0000  267765.239       0.1089           -     -

survivor sieve: seeds with L_1 >= N among odd m <= X
   N   #survivors   density      least survivor   1/density
   10     7365428   1.473e-01               27            6.8
   20     2342986   4.686e-02               27           21.3
   30      882115   1.764e-02               27           56.7
   40      378429   7.569e-03              703          132.1
   50      170023   3.400e-03              703          294.1
   60       79146   1.583e-03            10087          631.7
   70       36949   7.390e-04            35655         1353.2
   80       18841   3.768e-04            35655         2653.8
