J=400 R=200 s=3.0 theta_max=0.137
   lam   K     N   A_N       a_N     maxP    meanP     medP maxrun
     3  16   152    10   0.06579   0.1657   0.0885   0.0868      6
     3  24   128     0   0.00000   0.1195   0.0760   0.0730      0
     3  32   104     0   0.00000   0.0977   0.0708   0.0675      0
   # lam=3 done in 20.8s
     9  16   152    17   0.11184   0.1739   0.0818   0.0752      9
     9  24   128     0   0.00000   0.1196   0.0685   0.0650      0
     9  32   104     0   0.00000   0.0996   0.0626   0.0589      0
   # lam=9 done in 20.7s
    11  16   152    17   0.11184   0.1835   0.0849   0.0791     12
    11  24   128     0   0.00000   0.1334   0.0752   0.0756      0
    11  32   104     0   0.00000   0.0992   0.0678   0.0659      0
   # lam=11 done in 20.1s
    13  16   152     4   0.02632   0.1399   0.0878   0.0868      4
    13  24   128     0   0.00000   0.1050   0.0735   0.0748      0
    13  32   104     0   0.00000   0.1076   0.0703   0.0697      0
   # lam=13 done in 13.3s
    17  16   152     1   0.00658   0.1397   0.0839   0.0840      1
    17  24   128     0   0.00000   0.1055   0.0710   0.0746      0
    17  32   104     0   0.00000   0.0949   0.0674   0.0659      0
   # lam=17 done in 11.7s
# wrote press_400_b.json
