J=400 R=200 s=3.0 theta_max=0.137
   lam   K     N   A_N       a_N     maxP    meanP     medP maxrun
    19  16   152     0   0.00000   0.1270   0.0770   0.0750      0
    19  24   128     0   0.00000   0.0928   0.0638   0.0611      0
    19  32   104     0   0.00000   0.0781   0.0603   0.0610      0
   # lam=19 done in 11.5s
    23  16   152     3   0.01974   0.1475   0.0770   0.0764      3
    23  24   128     0   0.00000   0.1155   0.0711   0.0670      0
    23  32   104     0   0.00000   0.0938   0.0604   0.0609      0
   # lam=23 done in 12.7s
    29  16   152     3   0.01974   0.1594   0.0784   0.0771      3
    29  24   128     0   0.00000   0.1130   0.0676   0.0695      0
    29  32   104     0   0.00000   0.0969   0.0690   0.0747      0
   # lam=29 done in 20.9s
    31  16   152     0   0.00000   0.1110   0.0701   0.0704      0
    31  24   128     0   0.00000   0.1027   0.0613   0.0592      0
    31  32   104     0   0.00000   0.0882   0.0558   0.0552      0
   # lam=31 done in 13.0s
  1025  16   152     6   0.03947   0.1501   0.0836   0.0811      5
  1025  24   128     0   0.00000   0.1098   0.0730   0.0733      0
  1025  32   104     0   0.00000   0.0927   0.0656   0.0641      0
   # lam=1025 done in 20.6s
# wrote press_400_c.json
