J=400 R=200 s=3.0 theta_max=0.137
   lam   K     N   A_N       a_N     maxP    meanP     medP maxrun
     1  16   152    18   0.11842   0.1739   0.0832   0.0763      9
     1  24   128     0   0.00000   0.1196   0.0696   0.0652      0
     1  32   104     0   0.00000   0.0996   0.0630   0.0592      0
   # lam=1 done in 18.7s
     5  16   152    13   0.08553   0.1593   0.0856   0.0856     13
     5  24   128     1   0.00781   0.1454   0.0754   0.0698      1
     5  32   104     0   0.00000   0.1217   0.0692   0.0637      0
   # lam=5 done in 21.0s
     7  16   152     1   0.00658   0.1400   0.0806   0.0800      1
     7  24   128     0   0.00000   0.1034   0.0691   0.0685      0
     7  32   104     0   0.00000   0.0758   0.0597   0.0601      0
   # lam=7 done in 19.9s
    25  16   152     2   0.01316   0.1459   0.0826   0.0850      2
    25  24   128     0   0.00000   0.1235   0.0704   0.0688      0
    25  32   104     0   0.00000   0.1044   0.0696   0.0703      0
   # lam=25 done in 18.2s
   101  16   152     1   0.00658   0.1375   0.0749   0.0738      1
   101  24   128     0   0.00000   0.1067   0.0653   0.0662      0
   101  32   104     0   0.00000   0.0898   0.0607   0.0606      0
   # lam=101 done in 11.0s
# wrote press_400_a.json
