J=800 R=400 s=3.0 theta_max=0.137
   lam   K     N   A_N       a_N     maxP    meanP     medP maxrun
     3  16   352    21   0.05966   0.1626   0.0910   0.0934      6
     3  24   328     0   0.00000   0.1192   0.0769   0.0784      0
     3  32   304     0   0.00000   0.1029   0.0700   0.0715      0
   # lam=3 done in 90.0s
     9  16   352    37   0.10511   0.1684   0.0879   0.0847     11
     9  24   328     0   0.00000   0.1236   0.0755   0.0731      0
     9  32   304     0   0.00000   0.1044   0.0698   0.0655      0
   # lam=9 done in 57.1s
    11  16   352    23   0.06534   0.1528   0.0998   0.1016      8
    11  24   328     6   0.01829   0.1590   0.0863   0.0837      6
    11  32   304     0   0.00000   0.1347   0.0790   0.0776      0
   # lam=11 done in 59.1s
    13  16   352    40   0.11364   0.1869   0.0935   0.0891     15
    13  24   328     0   0.00000   0.1330   0.0788   0.0767      0
    13  32   304     0   0.00000   0.1152   0.0726   0.0723      0
   # lam=13 done in 64.3s
    17  16   352    26   0.07386   0.1585   0.0974   0.0998     10
    17  24   328     0   0.00000   0.1286   0.0826   0.0828      0
    17  32   304     0   0.00000   0.1016   0.0730   0.0724      0
   # lam=17 done in 56.5s
# wrote press_800_b.json
