J=800 R=400 s=3.0 theta_max=0.137
   lam   K     N   A_N       a_N     maxP    meanP     medP maxrun
     1  16   352    39   0.11080   0.1684   0.0882   0.0849     11
     1  24   328     0   0.00000   0.1236   0.0758   0.0735      0
     1  32   304     0   0.00000   0.1044   0.0700   0.0660      0
   # lam=1 done in 77.5s
     5  16   352    40   0.11364   0.1783   0.0972   0.0939     14
     5  24   328     0   0.00000   0.1256   0.0801   0.0784      0
     5  32   304     0   0.00000   0.1044   0.0718   0.0704      0
   # lam=5 done in 63.4s
     7  16   352    50   0.14205   0.2242   0.1020   0.0971     17
     7  24   328    14   0.04268   0.1692   0.0898   0.0866     14
     7  32   304     2   0.00658   0.1414   0.0838   0.0831      2
   # lam=7 done in 62.9s
    25  16   352    16   0.04545   0.1554   0.0882   0.0880      6
    25  24   328     0   0.00000   0.1306   0.0739   0.0717      0
    25  32   304     0   0.00000   0.1088   0.0660   0.0636      0
   # lam=25 done in 67.7s
   101  16   352    64   0.18182   0.1832   0.1027   0.0934     14
   101  24   328     0   0.00000   0.1357   0.0866   0.0813      0
   101  32   304     0   0.00000   0.1126   0.0797   0.0797      0
   # lam=101 done in 60.1s
# wrote press_800_a.json
