J=800 R=400 s=3.0 theta_max=0.137
   lam   K     N   A_N       a_N     maxP    meanP     medP maxrun
    19  16   352    47   0.13352   0.2156   0.1006   0.1012     13
    19  24   328    15   0.04573   0.1544   0.0896   0.0870     11
    19  32   304     0   0.00000   0.1307   0.0852   0.0839      0
   # lam=19 done in 92.5s
    23  16   352    27   0.07670   0.1755   0.1002   0.0986     10
    23  24   328     0   0.00000   0.1309   0.0871   0.0873      0
    23  32   304     0   0.00000   0.1287   0.0792   0.0779      0
   # lam=23 done in 58.7s
    29  16   352     6   0.01705   0.1467   0.0883   0.0891      3
    29  24   328     0   0.00000   0.1281   0.0756   0.0761      0
    29  32   304     0   0.00000   0.1105   0.0701   0.0695      0
   # lam=29 done in 61.3s
    31  16   352    50   0.14205   0.2083   0.1037   0.1030     15
    31  24   328     5   0.01524   0.1445   0.0881   0.0882      5
    31  32   304     0   0.00000   0.1287   0.0798   0.0782      0
   # lam=31 done in 65.9s
  1025  16   352     7   0.01989   0.1492   0.0877   0.0875      4
  1025  24   328     0   0.00000   0.1203   0.0731   0.0728      0
  1025  32   304     0   0.00000   0.1114   0.0674   0.0668      0
   # lam=1025 done in 58.1s
# wrote press_800_c.json
