J=1600 R=800 Rend=799, theta=0.137
    lam  Lam_long   C(.137)  L*(.137)  L*(.10)  maxmean@64     @128
      5   0.04881    1.3614        22       44     0.08094  0.06924   (13s)
     17   0.04389    2.6062        72      128     0.14184  0.09702   (11s)
     29   0.04512    1.3823        20       48     0.08104  0.07028   (13s)
     41   0.04209    1.2968        36       58     0.08548  0.06973   (11s)
     53   0.04140    2.3514        32       58     0.09501  0.07236   (11s)
     65   0.04102    1.6310        26       50     0.08773  0.06923   (13s)
     77   0.04269    2.2807        32       50     0.08480  0.07006   (13s)
     89   0.04781    1.7164        30       66     0.10117  0.07196   (13s)
