J=1600 R=800 Rend=799, theta=0.137
    lam  Lam_long   C(.137)  L*(.137)  L*(.10)  maxmean@64     @128
      9   0.04854    1.8107        24       50     0.08876  0.07082   (13s)
     21   0.04347    1.6713        38       60     0.09418  0.07713   (13s)
     33   0.04338    1.5638        20       38     0.07525  0.06883   (11s)
     45   0.04814    1.4036        22       44     0.08158  0.06959   (13s)
     57   0.04929    2.0647        30       62     0.09664  0.07573   (13s)
     69   0.04635    1.4109        28       48     0.08762  0.07410   (13s)
     81   0.04831    1.8108        24       50     0.08876  0.07092   (11s)
     93   0.05118    1.4742        26       50     0.08853  0.07279   (13s)
