J=200 R=100 Rend=99, theta=0.137
    lam  Lam_long   C(.137)  L*(.137)  L*(.10)  maxmean@64     @128
      1  -0.00915    0.7423        14       22     0.01563      nan   (0s)
      3   0.02149    0.7700        14       22     0.04178      nan   (0s)
      5   0.00858    0.9350        10       12     0.02823      nan   (0s)
      7   0.00142    0.8086        10       18     0.02271      nan   (0s)
     11   0.00508    0.5435        10       12     0.03302      nan   (0s)
     13   0.02518    1.3518        14       24     0.04614      nan   (0s)
     17   0.01076    0.9880        20       30     0.04528      nan   (0s)
     19   0.02042    1.0236        14       20     0.03325      nan   (0s)
     23   0.03661    0.5987        10       14     0.04217      nan   (0s)
     29   0.01562    0.8336        16       24     0.03587      nan   (0s)
     31   0.04669    1.1938        18       40     0.08357      nan   (0s)
     85   0.03323    1.1327        14       22     0.05348      nan   (0s)
    101  -0.00275    0.6949        10       12     0.01794      nan   (0s)
    611   0.02452    0.6599        10       14     0.03668      nan   (0s)
   1025  -0.00173    0.6200         8        8     0.01393      nan   (0s)
   2085   0.02720    0.8135         8       10     0.03256      nan   (0s)

ENVELOPE over the 16 environments at J=200:
      L  max mean rate     lam  >0.137?
      4        0.43603      13      YES
      6        0.27360      19      YES
      8        0.23822      17      YES
     10        0.21395      17      YES
     12        0.20806      17      YES
     14        0.16455      17      YES
     16        0.15976      17      YES
     18        0.14152      17      YES
     20        0.11928      17       no
     22        0.13141      31       no
     24        0.11495      31       no
     26        0.11172      31       no
     28        0.10732      17       no
     30        0.10401      31       no
     32        0.09502      31       no
     34        0.08463      31       no
     36        0.08515      31       no
     38        0.10149      31       no
     40        0.09408      31       no
     42        0.08908      31       no
     44        0.09094      31       no
     46        0.08518      31       no
     48        0.08459      31       no
     50        0.07962      31       no
     52        0.08274      31       no
     54        0.08301      31       no
     56        0.08232      31       no
     58        0.07476      31       no
     60        0.08062      31       no
     62        0.08755      31       no
     64        0.08357      31       no
     66        0.07668      31       no
     68        0.07244      31       no
     70        0.06757      31       no
     72        0.06275      31       no
     74        0.06239      31       no
     76        0.05129      31       no

  L*(0.137; J=200) = 20   max C(0.137) = 1.3518 (lam=13)
wrote lstar_200_a.json
