J=1600 R=800 Rend=799, theta=0.137
    lam  Lam_long   C(.137)  L*(.137)  L*(.10)  maxmean@64     @128
      1   0.04832    1.8131        24       50     0.08866  0.07078   (9s)
      3   0.04840    1.8372        24       66     0.10440  0.08192   (7s)
      5   0.04881    1.3614        22       44     0.08094  0.06924   (8s)
      7   0.04901    1.4010        26       44     0.08011  0.06914   (7s)
     11   0.04166    2.2689        34       62     0.09548  0.07530   (7s)
     13   0.04162    1.5602        26       36     0.08181  0.06890   (7s)
     17   0.04389    2.6062        72      128     0.14184  0.09702   (7s)
     19   0.05106    1.7359        26       54     0.08977  0.06718   (7s)
     23   0.04449    1.7371        30       78     0.10746  0.07983   (9s)
     29   0.04512    1.3823        20       48     0.08104  0.07028   (14s)
     31   0.04852    2.1273        28       46     0.08779  0.06953   (15s)
     85   0.04515    1.5010        28       58     0.09476  0.07841   (14s)
    101   0.04946    1.3302        38       70     0.09489  0.08074   (13s)
    611   0.04306    1.7931        34       86     0.10981  0.07874   (12s)
   1025   0.04553    1.5808        30       52     0.08610  0.07082   (12s)
   2085   0.04253    1.6113        26       44     0.09311  0.06761   (13s)

ENVELOPE over the 16 environments at J=1600:
      L  max mean rate     lam  >0.137?
      4        0.70423      11      YES
      6        0.46762      11      YES
      8        0.39701      17      YES
     10        0.37413      17      YES
     12        0.31860      17      YES
     14        0.28990      17      YES
     16        0.26273      17      YES
     18        0.23474      17      YES
     20        0.22380      17      YES
     22        0.22422      17      YES
     24        0.19845      17      YES
     26        0.19614      17      YES
     28        0.18038      17      YES
     30        0.17788      17      YES
     32        0.16305      17      YES
     34        0.16186      17      YES
     36        0.15135      17      YES
     38        0.14492      17      YES
     40        0.14537      17      YES
     42        0.14039      17      YES
     44        0.13220      17       no
     46        0.13872      17      YES
     48        0.13936      17      YES
     50        0.13541      17       no
     52        0.12631      17       no
     54        0.12606      17       no
     56        0.12666      17       no
     58        0.13850      17      YES
     60        0.12861      17       no
     62        0.13768      17      YES
     64        0.14184      17      YES
     66        0.14447      17      YES
     68        0.13620      17       no
     70        0.13860      17      YES
     72        0.13399      17       no
     74        0.12669      17       no
     76        0.12328      17       no
     78        0.12188      17       no
     80        0.12129      17       no
     82        0.11771      17       no
     84        0.11695      17       no
     86        0.11887      17       no
     88        0.11648      17       no
     90        0.12204      17       no
     92        0.12273      17       no
     94        0.12099      17       no
     96        0.11606      17       no
     98        0.11173      17       no
    100        0.11332      17       no
    102        0.11166      17       no
    104        0.11288      17       no
    106        0.10771      17       no
    108        0.11048      17       no
    110        0.11024      17       no
    112        0.10533      17       no
    114        0.10633      17       no
    116        0.10596      17       no
    118        0.10262      17       no
    120        0.10422      17       no
    122        0.10128      17       no
    124        0.09988      17       no
    126        0.10137      17       no
    128        0.09702      17       no
    144        0.08849      17       no
    160        0.08516      17       no
    192        0.08385      17       no
    224        0.08011      17       no
    256        0.07586      17       no
    320        0.07288      17       no
    384        0.06891      17       no

  L*(0.137; J=1600) = 72   max C(0.137) = 2.6062 (lam=17)
wrote lstar_1600_a.json
