J=1600 R=800 Rend=799, theta=0.137
    lam  Lam_long   C(.137)  L*(.137)  L*(.10)  maxmean@64     @128
      7   0.04901    1.4010        26       44     0.08011  0.06914   (7s)
     19   0.05106    1.7359        26       54     0.08977  0.06718   (8s)
     31   0.04852    2.1273        28       46     0.08779  0.06953   (11s)
     43   0.04715    1.6270        24       62     0.09206  0.07176   (12s)
     55   0.04733    1.0451        18       44     0.08042  0.07004   (11s)
     67   0.04129    1.4532        28       42     0.08491  0.07304   (14s)
     79   0.04942    2.1312        34       56     0.09687  0.07729   (11s)
     91   0.05186    1.9035        38       60     0.09500  0.08824   (13s)
    103   0.05011    1.4244        28       52     0.08536  0.06945   (13s)
