J=3200 R=1600 Rend=1599, theta=0.137
    lam  Lam_long   C(.137)  L*(.137)  L*(.10)  maxmean@64     @128
      1   0.05045    3.0714        50      110     0.11517  0.09538   (33s)
      3   0.05055    2.2996        46       84     0.11151  0.08331   (37s)
      5   0.04675    3.1454        46      110     0.12014  0.08938   (60s)
      7   0.04915    2.0607        34       82     0.10183  0.08405   (58s)
     11   0.05103    2.6151        46       96     0.11421  0.08995   (50s)
     13   0.05205    1.4636        30       66     0.10301  0.08187   (38s)
     17   0.04889    2.0981        34       60     0.09460  0.07620   (41s)
     19   0.04872    1.8513        36       62     0.09436  0.07654   (43s)

ENVELOPE over the 8 environments at J=3200:
      L  max mean rate     lam  >0.137?
      4        0.72317       1      YES
      6        0.59504       1      YES
      8        0.50254       1      YES
     10        0.40677       1      YES
     12        0.39590       5      YES
     14        0.34409       5      YES
     16        0.31064       5      YES
     18        0.27114       5      YES
     20        0.23263       5      YES
     22        0.22528       5      YES
     24        0.21329       5      YES
     26        0.19585      11      YES
     28        0.20110       3      YES
     30        0.19127       1      YES
     32        0.18170      11      YES
     34        0.18176      11      YES
     36        0.16947      11      YES
     38        0.16669       1      YES
     40        0.15834      11      YES
     42        0.14677      11      YES
     44        0.14610      11      YES
     46        0.14609       1      YES
     48        0.13825       1      YES
     50        0.13482      11       no
     52        0.13092       1       no
     54        0.12880      11       no
     56        0.13234      11       no
     58        0.12713       5       no
     60        0.12449       5       no
     62        0.12219       5       no
     64        0.12014       5       no
     66        0.11811       5       no
     68        0.12472      11       no
     70        0.12241       1       no
     72        0.12351      11       no
     74        0.11980      11       no
     76        0.11736      11       no
     78        0.11575       5       no
     80        0.11187       1       no
     82        0.11020       5       no
     84        0.10848       5       no
     86        0.11147       5       no
     88        0.11047       5       no
     90        0.10772       5       no
     92        0.10575       5       no
     94        0.10322       5       no
     96        0.10230       5       no
     98        0.09994       5       no
    100        0.10097       1       no
    102        0.10489       1       no
    104        0.10213       1       no
    106        0.10050       5       no
    108        0.10064       1       no
    110        0.09805       1       no
    112        0.09661       5       no
    114        0.09615       5       no
    116        0.09443       5       no
    118        0.09281       1       no
    120        0.09232       1       no
    122        0.09685       1       no
    124        0.09759       1       no
    126        0.09731       1       no
    128        0.09538       1       no
    144        0.09160       1       no
    160        0.08896       1       no
    192        0.08243       1       no
    224        0.08043       1       no
    256        0.07786       1       no
    320        0.07185       1       no
    384        0.06743       1       no

  L*(0.137; J=3200) = 50   max C(0.137) = 3.1454 (lam=5)
wrote lstar_3200_a.json
