J=1600 R=800 Rend=799, theta=0.137
    lam  Lam_long   C(.137)  L*(.137)  L*(.10)  maxmean@64     @128
     11   0.04166    2.2689        34       62     0.09548  0.07530   (12s)
     23   0.04449    1.7371        30       78     0.10746  0.07983   (12s)
     35   0.04640    2.1599        32       56     0.09430  0.07259   (13s)
     47   0.04051    1.7270        26       46     0.08161  0.06828   (12s)
     59   0.05090    1.3057        34       60     0.09646  0.07222   (11s)
     71   0.04578    1.5793        24       40     0.09740  0.07621   (12s)
     83   0.04616    2.0446        42       72     0.09949  0.07167   (12s)
     95   0.04509    1.2747        28       50     0.09124  0.07149   (13s)
