J=400 R=200 Rend=199, theta=0.137
    lam  Lam_long   C(.137)  L*(.137)  L*(.10)  maxmean@64     @128
      1   0.02087    1.1026        14       22     0.06231  0.04469   (1s)
      3   0.03281    1.2575        18       42     0.08239  0.05898   (1s)
      5   0.02798    1.0364        20       30     0.08327  0.04206   (0s)
      7   0.02669    1.2273        14       22     0.05750  0.04506   (1s)
     11   0.03536    1.3956        20       30     0.07532  0.05369   (0s)
     13   0.02969    1.4942        18       42     0.08366  0.06162   (0s)
     17   0.02355    0.7983        12       20     0.06392  0.04947   (0s)
     19   0.02677    0.7412        10       16     0.06205  0.04900   (0s)
     23   0.04030    1.3730        16       20     0.05789  0.05154   (0s)
     29   0.02563    0.8971        20       46     0.08870  0.04716   (0s)
     31   0.02804    1.2680        18       32     0.06515  0.04630   (1s)
     85   0.02974    0.8938        16       26     0.06432  0.04789   (1s)
    101   0.03116    0.8101        12       20     0.07122  0.04343   (1s)
    611   0.06651    1.3501        22       48     0.07507  0.07106   (1s)
   1025   0.04061    1.1229        12       30     0.07231  0.04765   (1s)
   2085   0.03468    1.7158        64      106     0.13433  0.08377   (1s)

ENVELOPE over the 16 environments at J=400:
      L  max mean rate     lam  >0.137?
      4        0.51208    2085      YES
      6        0.38475    2085      YES
      8        0.30557    2085      YES
     10        0.28085    2085      YES
     12        0.24152    2085      YES
     14        0.22560    2085      YES
     16        0.19470    2085      YES
     18        0.20771    2085      YES
     20        0.20777    2085      YES
     22        0.19850    2085      YES
     24        0.20295    2085      YES
     26        0.19547    2085      YES
     28        0.19264    2085      YES
     30        0.17710    2085      YES
     32        0.16927    2085      YES
     34        0.16554    2085      YES
     36        0.16500    2085      YES
     38        0.15419    2085      YES
     40        0.16473    2085      YES
     42        0.15668    2085      YES
     44        0.15750    2085      YES
     46        0.15927    2085      YES
     48        0.15644    2085      YES
     50        0.14855    2085      YES
     52        0.14462    2085      YES
     54        0.15077    2085      YES
     56        0.14592    2085      YES
     58        0.14626    2085      YES
     60        0.14004    2085      YES
     62        0.13717    2085      YES
     64        0.13433    2085       no
     66        0.13311    2085       no
     68        0.12901    2085       no
     70        0.12945    2085       no
     72        0.12455    2085       no
     74        0.12297    2085       no
     76        0.11948    2085       no
     78        0.12087    2085       no
     80        0.11696    2085       no
     82        0.11670    2085       no
     84        0.11342    2085       no
     86        0.11286    2085       no
     88        0.11131    2085       no
     90        0.10724    2085       no
     92        0.10516    2085       no
     94        0.10401    2085       no
     96        0.10609    2085       no
     98        0.10841    2085       no
    100        0.10521    2085       no
    102        0.10336    2085       no
    104        0.10304    2085       no
    106        0.09973    2085       no
    108        0.09749    2085       no
    110        0.09473    2085       no
    112        0.09706    2085       no
    114        0.09445    2085       no
    116        0.09562    2085       no
    118        0.09406    2085       no
    120        0.09467    2085       no
    122        0.09193    2085       no
    124        0.08901    2085       no
    126        0.08647    2085       no
    128        0.08377    2085       no
    144        0.07067     611       no
    160        0.06677     611       no

  L*(0.137; J=400) = 64   max C(0.137) = 1.7158 (lam=2085)
wrote lstar_400_a.json
