J=800 R=400 Rend=399, theta=0.137
    lam  Lam_long   C(.137)  L*(.137)  L*(.10)  maxmean@64     @128
      1   0.03324    0.8810        14       26     0.05968  0.05403   (2s)
      3   0.03710    1.2901        20       32     0.07020  0.05652   (2s)
      5   0.04532    1.1707        20       36     0.07416  0.06609   (2s)
      7   0.04383    1.2755        32       60     0.09212  0.07537   (3s)
     11   0.04041    1.7378        28       50     0.09224  0.06958   (2s)
     13   0.04304    1.0872        30       50     0.08837  0.06649   (2s)
     17   0.04377    1.3144        16       30     0.06786  0.05752   (2s)
     19   0.04060    1.3792        32       50     0.08683  0.06573   (2s)
     23   0.04334    1.6590        20       38     0.08431  0.06200   (2s)
     29   0.03767    1.0585        26       34     0.07372  0.06619   (2s)
     31   0.03990    1.9899        26       58     0.09511  0.07118   (2s)
     85   0.03694    3.0259        48       90     0.11893  0.08191   (2s)
    101   0.04136    1.5162        26       44     0.08752  0.06073   (2s)
    611   0.04265    1.7117        22       42     0.08015  0.07245   (2s)
   1025   0.03700    1.3176        24       46     0.08629  0.06799   (2s)
   2085   0.04292    1.3177        36       62     0.09891  0.08290   (2s)

ENVELOPE over the 16 environments at J=800:
      L  max mean rate     lam  >0.137?
      4        0.75396      85      YES
      6        0.56440      85      YES
      8        0.45471      85      YES
     10        0.43902      85      YES
     12        0.38915      85      YES
     14        0.32893      85      YES
     16        0.28870      85      YES
     18        0.27216      85      YES
     20        0.24170      85      YES
     22        0.23830      85      YES
     24        0.23009      85      YES
     26        0.20990      85      YES
     28        0.20267      85      YES
     30        0.18700      85      YES
     32        0.17309      85      YES
     34        0.17113      85      YES
     36        0.16131      85      YES
     38        0.14946      85      YES
     40        0.15412      85      YES
     42        0.14322      85      YES
     44        0.14930      85      YES
     46        0.14078      85      YES
     48        0.13356      85       no
     50        0.13596      85       no
     52        0.13495      85       no
     54        0.12926      85       no
     56        0.13252      85       no
     58        0.12640      85       no
     60        0.12623      85       no
     62        0.12202      85       no
     64        0.11893      85       no
     66        0.11694      85       no
     68        0.11418      85       no
     70        0.10793      85       no
     72        0.10919      85       no
     74        0.10772      85       no
     76        0.10510      85       no
     78        0.10737      85       no
     80        0.10125      85       no
     82        0.10021      85       no
     84        0.10142      85       no
     86        0.09959      85       no
     88        0.10046      85       no
     90        0.09775      85       no
     92        0.09775      85       no
     94        0.09527      85       no
     96        0.09279      85       no
     98        0.09376      85       no
    100        0.09222      85       no
    102        0.09339      85       no
    104        0.09032      85       no
    106        0.09075      85       no
    108        0.08786      85       no
    110        0.08908    2085       no
    112        0.08717      85       no
    114        0.08546      85       no
    116        0.08476      85       no
    118        0.08472    2085       no
    120        0.08340      85       no
    122        0.08501    2085       no
    124        0.08404      85       no
    126        0.08141      85       no
    128        0.08290    2085       no
    144        0.07845    2085       no
    160        0.07683    2085       no
    192        0.06922      85       no
    224        0.06639      11       no
    256        0.06532      11       no
    320        0.05665      11       no

  L*(0.137; J=800) = 48   max C(0.137) = 3.0259 (lam=85)
wrote lstar_800_a.json
