J=1600 R=800 Rend=799, theta=0.137
    lam  Lam_long   C(.137)  L*(.137)  L*(.10)  maxmean@64     @128
      3   0.04840    1.8372        24       66     0.10440  0.08192   (7s)
     15   0.04144    1.4632        20       44     0.09063  0.07397   (8s)
     27   0.04916    1.8347        24       66     0.10458  0.08201   (12s)
     39   0.04536    1.7196        26       62     0.09359  0.07395   (11s)
     51   0.04471    1.8208        34      106     0.12604  0.08660   (13s)
     63   0.05049    1.4020        26       44     0.08009  0.06915   (13s)
     75   0.04387    1.3286        24       38     0.08357  0.07158   (11s)
     87   0.04443    1.3137        22       54     0.09212  0.07366   (12s)
     99   0.04134    2.2690        38       62     0.09549  0.07925   (12s)
