J=1600 R=800 Rend=799, theta=0.137
    lam  Lam_long   C(.137)  L*(.137)  L*(.10)  maxmean@64     @128
      1   0.04832    1.8131        24       50     0.08866  0.07078   (13s)
     13   0.04162    1.5602        26       36     0.08181  0.06890   (10s)
     25   0.04452    1.5052        24       44     0.08606  0.06968   (14s)
     37   0.04934    2.1417        38       60     0.09679  0.08690   (11s)
     49   0.04293    1.5017        32       66     0.10660  0.07672   (11s)
     61   0.04910    1.3853        26       56     0.09532  0.07910   (10s)
     73   0.04653    1.5264        22       50     0.08246  0.07306   (10s)
     85   0.04515    1.5010        28       58     0.09476  0.07841   (13s)
     97   0.04419    2.2552        28       58     0.08971  0.06907   (10s)
