MODE=w J=400 R=200 lambda = 5..9999 step 10 (odd only)
    lam  Lam_long b8     b16    b32    b64    b128    pre6  dbr
      5   0.02798 0.2408 0.1575 0.0924 0.0833 0.0421     0    0
     15   0.02641 0.2637 0.1361 0.0999 0.0739 0.0485     0    0
     25   0.03323 0.2157 0.1307 0.0922 0.0757 0.0554     0    0
     35   0.03225 0.1618 0.0991 0.0630 0.0538 0.0431     0    0
     45   0.03083 0.2408 0.1575 0.0924 0.0833 0.0421     0    0
     55   0.01878 0.2162 0.1186 0.0712 0.0568 0.0381     0    0
     65   0.02089 0.3123 0.1535 0.1148 0.0901 0.0521     1    1
     75   0.03964 0.3131 0.1701 0.0973 0.0725 0.0644     0    0
     85   0.02974 0.1897 0.1245 0.0779 0.0643 0.0479     0    0
     95   0.03468 0.2102 0.1522 0.0808 0.0640 0.0512     0    0
    105   0.02838 0.2141 0.1203 0.0854 0.0685 0.0449     0    0
    115   0.02849 0.2784 0.1622 0.0958 0.0715 0.0385     2    2
    125   0.01531 0.2529 0.1389 0.0980 0.0761 0.0380     0    0
    135   0.02723 0.2635 0.1361 0.0888 0.0739 0.0471     0    0
    145   0.03671 0.1610 0.1093 0.0848 0.0724 0.0541     0    0
    155   0.02544 0.2453 0.1632 0.0759 0.0601 0.0439     0    0
    165   0.02321 0.1696 0.1059 0.0741 0.0519 0.0446     0    0
    175   0.02309 0.2693 0.1532 0.1068 0.0487 0.0363     0    0
    185   0.02960 0.2206 0.1393 0.1109 0.0655 0.0560     0    0
    195   0.02189 0.2231 0.1330 0.0780 0.0663 0.0445     0    0
    205   0.02679 0.1821 0.1123 0.0759 0.0534 0.0370     0    0
    215   0.02464 0.2202 0.1333 0.0879 0.0618 0.0467     0    0
    225   0.03838 0.2157 0.1517 0.1014 0.0790 0.0579     0    0
    235   0.02070 0.1988 0.1593 0.0892 0.0614 0.0533     0    0
    245   0.03614 0.2722 0.1205 0.0879 0.0721 0.0526     0    0
    255   0.03394 0.2784 0.1668 0.1040 0.0642 0.0506     0    0
    265   0.03096 0.1876 0.1360 0.0803 0.0690 0.0534     0    0
    275   0.02573 0.2238 0.1877 0.1005 0.0757 0.0460     0    0
    285   0.03418 0.1836 0.1155 0.0790 0.0653 0.0505     0    0
    295   0.02676 0.2203 0.1499 0.0908 0.0666 0.0539     0    0
    305   0.01833 0.1766 0.1306 0.0850 0.0645 0.0368     1    1
    315   0.02656 0.1710 0.0989 0.0683 0.0548 0.0445     0    0
    325   0.03801 0.2199 0.1294 0.0917 0.0721 0.0595     0    0
    335   0.04185 0.2290 0.1653 0.1090 0.0835 0.0530     0    0
    345   0.03562 0.2210 0.1321 0.0974 0.0594 0.0445     0    0
    355   0.03035 0.2148 0.1330 0.0965 0.0634 0.0468     0    0
    365   0.03124 0.1660 0.1262 0.0771 0.0612 0.0462     0    0
    375   0.02698 0.3440 0.1928 0.1056 0.0763 0.0515     0    0
    385   0.03547 0.2561 0.1672 0.1163 0.0653 0.0544     1    1
    395   0.03175 0.1865 0.1179 0.0845 0.0658 0.0508     0    0
    405   0.02709 0.2495 0.1575 0.0924 0.0833 0.0429     0    0
    415   0.04158 0.2309 0.1250 0.1150 0.0792 0.0630     0    0
    425   0.03613 0.1877 0.1054 0.0943 0.0672 0.0539     0    0
    435   0.02793 0.2095 0.1395 0.0914 0.0638 0.0503     0    0
    445   0.03459 0.2513 0.1580 0.1278 0.0789 0.0576     0    0
    455   0.03360 0.2075 0.1403 0.1078 0.0767 0.0572     0    0
    465   0.02855 0.3015 0.1726 0.1144 0.0697 0.0583     0    0
    475   0.02638 0.2333 0.1198 0.0753 0.0675 0.0453     1    1
    485   0.02051 0.2082 0.1474 0.1039 0.0785 0.0403     0    0
    495   0.01806 0.2080 0.1148 0.0693 0.0550 0.0353     0    0
    505   0.03646 0.2139 0.1221 0.0942 0.0595 0.0481     0    0
    515   0.05368 0.2114 0.1305 0.0887 0.0745 0.0591     0    0
    525   0.02741 0.2007 0.1641 0.1115 0.0608 0.0365     0    0
    535   0.03807 0.2170 0.1172 0.0843 0.0651 0.0533     1    1
    545   0.03700 0.2076 0.1344 0.0806 0.0532 0.0419     0    0
    555   0.03794 0.2003 0.1424 0.1036 0.0823 0.0485     0    0
    565   0.03134 0.3390 0.2060 0.1507 0.1026 0.0704     0    0
    575   0.04107 0.2066 0.1037 0.0865 0.0585 0.0558     0    0
    585   0.02191 0.3128 0.1528 0.1178 0.0945 0.0529     0    0
    595   0.03286 0.2490 0.1835 0.1498 0.1018 0.0478     0    0
    605   0.01858 0.2524 0.0989 0.0706 0.0458 0.0409     0    0
    615   0.03300 0.2229 0.1424 0.0843 0.0692 0.0515     0    0
    625   0.02768 0.3495 0.2180 0.1507 0.1073 0.0463     0    0
    635   0.03839 0.1808 0.1345 0.0945 0.0649 0.0526     0    0
    645   0.03052 0.2764 0.1559 0.0943 0.0867 0.0503     0    0
    655   0.04740 0.2757 0.1835 0.1141 0.0995 0.0700     0    0
    665   0.03733 0.1799 0.1154 0.0950 0.0719 0.0600     0    0
    675   0.04668 0.3235 0.1707 0.0983 0.0738 0.0649     0    0
    685   0.03443 0.1937 0.1267 0.0936 0.0739 0.0528     0    0
    695   0.03279 0.3257 0.2315 0.1671 0.1187 0.0869     0    0
    705   0.01905 0.2213 0.1625 0.1141 0.0715 0.0555     0    0
    715   0.02194 0.2718 0.1269 0.0934 0.0698 0.0460     0    0
    725   0.04031 0.2371 0.1517 0.0932 0.0720 0.0600     0    0
    735   0.03638 0.2000 0.1225 0.0888 0.0711 0.0623     0    0
    745   0.02324 0.2817 0.1660 0.0968 0.0725 0.0545     0    0
    755   0.02644 0.2232 0.1297 0.0778 0.0623 0.0468     0    0
    765   0.02783 0.1857 0.1229 0.0804 0.0657 0.0478     0    0
    775   0.02698 0.1922 0.1146 0.0905 0.0604 0.0447     0    0
    785   0.03321 0.2127 0.1165 0.0923 0.0697 0.0587     0    0
    795   0.03793 0.1969 0.1290 0.0937 0.0637 0.0551     0    0
    805   0.02979 0.1679 0.1211 0.0910 0.0645 0.0524     0    0
    815   0.04257 0.1819 0.1319 0.1004 0.0712 0.0571     0    0
    825   0.02181 0.1790 0.1133 0.0762 0.0510 0.0368     0    0
    835   0.02726 0.2205 0.1413 0.0964 0.0770 0.0465     0    0
    845   0.03207 0.2447 0.1288 0.1173 0.0848 0.0493     0    0
    855   0.03054 0.1897 0.1344 0.0803 0.0639 0.0519     0    0
    865   0.03461 0.2063 0.1040 0.0727 0.0626 0.0492     1    1
    875   0.02115 0.2554 0.1199 0.0803 0.0666 0.0513     2    2
    885   0.02952 0.2272 0.1072 0.0766 0.0698 0.0507     0    0
    895   0.03073 0.1583 0.0968 0.0750 0.0560 0.0481     0    0
    905   0.01126 0.2046 0.1320 0.0922 0.0585 0.0454     1    1
    915   0.01304 0.1829 0.1239 0.0864 0.0683 0.0359     0    0
    925   0.02403 0.2001 0.1104 0.0749 0.0550 0.0397     0    0
    935   0.03199 0.1938 0.1503 0.0860 0.0587 0.0442     0    0
    945   0.02532 0.2000 0.1132 0.0817 0.0660 0.0464     0    0
    955   0.02144 0.2578 0.1543 0.1003 0.0812 0.0545     0    0
    965   0.03599 0.2235 0.1625 0.1302 0.0784 0.0488     0    0
    975   0.03147 0.2636 0.1600 0.0970 0.0756 0.0550     0    0
    985   0.02841 0.2165 0.1107 0.0829 0.0540 0.0455     1    1
    995   0.02331 0.2442 0.1290 0.0799 0.0555 0.0484     0    0
   1005   0.03736 0.2786 0.1837 0.0916 0.0678 0.0501     0    0
   1015   0.05033 0.3078 0.1883 0.1251 0.0965 0.0662     0    0
   1025   0.04061 0.2147 0.1012 0.0893 0.0723 0.0476     0    0
   1035   0.02730 0.2796 0.1628 0.0961 0.0718 0.0403     0    0
   1045   0.02800 0.1916 0.1250 0.0805 0.0635 0.0470     0    0
   1055   0.03160 0.1823 0.1067 0.0793 0.0587 0.0483     0    0
   1065   0.03537 0.2060 0.1162 0.0809 0.0684 0.0500     0    0
   1075   0.03016 0.1750 0.1219 0.0966 0.0694 0.0456     0    0
   1085   0.02284 0.2103 0.1195 0.0913 0.0679 0.0590     0    0
   1095   0.04443 0.1969 0.1304 0.0948 0.0773 0.0603     0    0
   1105   0.02795 0.3949 0.2929 0.1700 0.1108 0.0606     0    0
   1115   0.03571 0.2739 0.1685 0.1160 0.0874 0.0453     0    0
   1125   0.02101 0.2673 0.1384 0.0994 0.0746 0.0387     0    0
   1135   0.03292 0.3104 0.1844 0.1114 0.0788 0.0503     0    0
   1145   0.03456 0.2273 0.1473 0.0848 0.0625 0.0489     0    0
   1155   0.04439 0.2250 0.1640 0.1292 0.0795 0.0609     1    1
   1165   0.04479 0.3732 0.2645 0.1475 0.1031 0.0741     3    3
   1175   0.03082 0.1900 0.1262 0.0802 0.0637 0.0511     0    0
   1185   0.02407 0.1646 0.1075 0.0739 0.0655 0.0514     0    0
   1195   0.02505 0.1911 0.1290 0.0972 0.0712 0.0517     0    0
   1205   0.04069 0.1971 0.1364 0.0866 0.0729 0.0566     0    0
   1215   0.02584 0.2636 0.1361 0.0887 0.0740 0.0476     0    0
   1225   0.02852 0.2504 0.1167 0.0834 0.0775 0.0612     1    1
   1235   0.04420 0.2553 0.1410 0.1059 0.0827 0.0648     0    0
   1245   0.04408 0.2764 0.1503 0.0995 0.0775 0.0618     0    0
   1255   0.02493 0.2869 0.1702 0.1032 0.0741 0.0365     0    0
   1265   0.03950 0.1882 0.1207 0.0763 0.0588 0.0473     0    0
   1275   0.03422 0.2121 0.1395 0.1069 0.0896 0.0625     0    0
   1285   0.03106 0.2683 0.1720 0.0901 0.0746 0.0585     0    0
   1295   0.03271 0.3415 0.1659 0.1151 0.0762 0.0502     1    1
   1305   0.03481 0.1606 0.1082 0.0850 0.0723 0.0548     0    0
   1315   0.03929 0.2596 0.1779 0.1155 0.0972 0.0758     0    0
   1325   0.03283 0.1966 0.1130 0.0941 0.0737 0.0565     0    0
   1335   0.03001 0.2278 0.1266 0.0849 0.0716 0.0536     0    0
   1345   0.03069 0.2251 0.1747 0.1185 0.0766 0.0481     0    0
   1355   0.03024 0.1850 0.1300 0.0923 0.0583 0.0504     0    0
   1365   0.03695 0.1748 0.1342 0.0906 0.0760 0.0597     0    0
   1375   0.03381 0.2323 0.1437 0.1156 0.0710 0.0591     1    1
   1385   0.03308 0.3745 0.2234 0.1509 0.1056 0.0806     0    0
   1395   0.02786 0.1940 0.1154 0.0732 0.0580 0.0442     0    0
   1405   0.03304 0.2160 0.1069 0.0946 0.0702 0.0490     0    0
   1415   0.03714 0.3208 0.1823 0.1081 0.0766 0.0560     0    0
   1425   0.03613 0.2275 0.1430 0.0819 0.0681 0.0574     1    1
   1435   0.02414 0.2939 0.1702 0.1154 0.0802 0.0368     0    0
   1445   0.03800 0.2416 0.1338 0.0969 0.0664 0.0546     1    1
   1455   0.02768 0.2827 0.1615 0.0993 0.0632 0.0378     0    0
   1465   0.03320 0.2227 0.1389 0.0864 0.0712 0.0495     1    1
   1475   0.03501 0.3054 0.1559 0.1018 0.0772 0.0616     1    1
   1485   0.02450 0.1663 0.1070 0.0767 0.0528 0.0461     0    0
   1495   0.02374 0.2094 0.1292 0.0868 0.0632 0.0563     0    0
   1505   0.02685 0.2236 0.1319 0.0857 0.0686 0.0514     0    0
   1515   0.02796 0.2351 0.1267 0.0916 0.0711 0.0471     1    1
   1525   0.02956 0.2199 0.1277 0.0881 0.0575 0.0433     0    0
   1535   0.03689 0.2193 0.1441 0.0898 0.0761 0.0553     0    0
   1545   0.04214 0.1866 0.1520 0.0920 0.0683 0.0538     1    1
   1555   0.04337 0.2902 0.1955 0.1048 0.0805 0.0601     0    0
   1565   0.03803 0.2325 0.1519 0.0864 0.0642 0.0499     1    1
   1575   0.02285 0.2698 0.1532 0.1069 0.0499 0.0368     0    0
   1585   0.02993 0.2205 0.1454 0.0983 0.0642 0.0546     0    0
   1595   0.03300 0.2121 0.1550 0.1043 0.0744 0.0621     0    0
   1605   0.03655 0.2080 0.1406 0.0939 0.0703 0.0601     0    0
   1615   0.02717 0.2369 0.1670 0.0915 0.0753 0.0396     0    0
   1625   0.03182 0.2424 0.1612 0.1080 0.0809 0.0427     1    1
   1635   0.03983 0.3039 0.1370 0.1142 0.0592 0.0427     0    0
   1645   0.02973 0.2465 0.1203 0.1030 0.0752 0.0501     0    0
   1655   0.03455 0.2514 0.1716 0.0978 0.0828 0.0574     0    0
   1665   0.02995 0.1912 0.1348 0.1009 0.0609 0.0539     0    0
   1675   0.03349 0.3081 0.1687 0.1095 0.0678 0.0598     0    0
   1685   0.02383 0.2485 0.1580 0.1171 0.0867 0.0686     0    0
   1695   0.03400 0.3697 0.2251 0.1451 0.1087 0.0775     0    0
   1705   0.02718 0.2096 0.1272 0.0918 0.0785 0.0442     0    0
   1715   0.04120 0.2124 0.1243 0.0997 0.0720 0.0573     0    0
   1725   0.04852 0.2682 0.1478 0.0985 0.0742 0.0617     0    0
   1735   0.03236 0.1957 0.1430 0.0896 0.0683 0.0541     1    1
   1745   0.04341 0.2298 0.1666 0.1006 0.0721 0.0595     0    0
   1755   0.02735 0.2228 0.1362 0.0813 0.0699 0.0464     0    0
   1765   0.02633 0.1892 0.1259 0.0910 0.0684 0.0480     0    0
   1775   0.04019 0.2616 0.1543 0.1109 0.0793 0.0539     0    0
   1785   0.03362 0.2835 0.1593 0.1041 0.0700 0.0482     0    0
   1795   0.02395 0.3046 0.1896 0.1112 0.0738 0.0471     1    1
   1805   0.02739 0.3893 0.2432 0.1253 0.0900 0.0487     0    0
   1815   0.03694 0.3022 0.1324 0.0896 0.0757 0.0542     0    0
   1825   0.03291 0.2282 0.1195 0.1015 0.0746 0.0610     2    2
   1835   0.04275 0.2585 0.1458 0.1091 0.0767 0.0641     1    1
   1845   0.02562 0.1988 0.1122 0.0761 0.0533 0.0377     0    0
   1855   0.03754 0.1710 0.1381 0.0796 0.0703 0.0561     0    0
   1865   0.04848 0.2316 0.1419 0.1102 0.0840 0.0653     1    1
   1875   0.03005 0.3628 0.2318 0.1571 0.1066 0.0430     0    0
   1885   0.03487 0.2221 0.1192 0.0765 0.0633 0.0529     0    0
   1895   0.03564 0.3090 0.1566 0.1009 0.0809 0.0664     0    0
   1905   0.02525 0.2627 0.1499 0.0866 0.0681 0.0563     0    0
   1915   0.03354 0.3982 0.1948 0.1324 0.0851 0.0584     0    0
   1925   0.02803 0.3054 0.1684 0.0930 0.0742 0.0427     1    1
   1935   0.02292 0.2164 0.1313 0.0797 0.0609 0.0422     0    0
   1945   0.03278 0.2233 0.1342 0.0944 0.0642 0.0541     0    0
   1955   0.02223 0.1940 0.1601 0.0914 0.0624 0.0517     0    0
   1965   0.05542 0.2281 0.1597 0.0987 0.0857 0.0605     1    1
   1975   0.02539 0.3338 0.1672 0.1162 0.0670 0.0500     0    0
   1985   0.02604 0.2062 0.1302 0.0841 0.0737 0.0541     0    0
   1995   0.04121 0.2168 0.1433 0.1045 0.0866 0.0712     0    0
   2005   0.03442 0.2088 0.1393 0.1107 0.0773 0.0460     0    0
   2015   0.04107 0.1949 0.1284 0.0838 0.0650 0.0605     0    0
   2025   0.04137 0.2158 0.1559 0.1030 0.0797 0.0583     0    0
   2035   0.02599 0.2312 0.1399 0.0769 0.0573 0.0432     1    1
   2045   0.04408 0.2688 0.1580 0.0986 0.0815 0.0605     0    0
   2055   0.02656 0.1433 0.1021 0.0791 0.0612 0.0410     1    1
   2065   0.03268 0.3955 0.2049 0.1247 0.0940 0.0562     1    1
   2075   0.03975 0.2734 0.1720 0.0973 0.0721 0.0518     0    0
   2085   0.03468 0.3056 0.1947 0.1693 0.1343 0.0838     0    0
   2095   0.03067 0.1952 0.1228 0.0824 0.0563 0.0489     1    1
   2105   0.04008 0.1812 0.1316 0.0925 0.0711 0.0572     0    0
   2115   0.01894 0.2082 0.1639 0.0977 0.0614 0.0546     1    1
   2125   0.02908 0.1596 0.1379 0.0753 0.0692 0.0507     1    1
   2135   0.02545 0.1803 0.1040 0.0936 0.0588 0.0387     0    0
   2145   0.02688 0.1680 0.1156 0.0888 0.0715 0.0480     0    0
   2155   0.04187 0.1819 0.1223 0.0833 0.0653 0.0486     0    0
   2165   0.02550 0.2518 0.1742 0.1383 0.1036 0.0466     0    0
   2175   0.03884 0.1968 0.1284 0.0936 0.0733 0.0579     0    0
   2185   0.02454 0.2759 0.1471 0.1073 0.0731 0.0633     1    1
   2195   0.03382 0.2347 0.1378 0.1113 0.0673 0.0561     0    0
   2205   0.03776 0.2735 0.1205 0.0879 0.0720 0.0529     0    0
   2215   0.04497 0.2186 0.1379 0.1065 0.0753 0.0645     0    0
   2225   0.03914 0.2274 0.1749 0.1379 0.0755 0.0675     0    0
   2235   0.02718 0.2295 0.1533 0.0908 0.0710 0.0521     0    0
   2245   0.03885 0.2706 0.1292 0.0947 0.0740 0.0563     0    0
   2255   0.02585 0.1917 0.0906 0.0750 0.0542 0.0397     1    1
   2265   0.02093 0.2161 0.1114 0.0675 0.0538 0.0419     0    0
   2275   0.02590 0.1374 0.1180 0.0796 0.0643 0.0497     0    0
   2285   0.02266 0.2379 0.1509 0.1062 0.0738 0.0451     0    0
   2295   0.03091 0.2608 0.1593 0.0974 0.0626 0.0501     0    0
   2305   0.03434 0.2071 0.1428 0.0836 0.0664 0.0475     0    0
   2315   0.03296 0.3368 0.1975 0.1322 0.0971 0.0651     0    0
   2325   0.03910 0.2121 0.1228 0.0798 0.0590 0.0563     0    0
   2335   0.03914 0.2102 0.1421 0.0878 0.0709 0.0558     0    0
   2345   0.02827 0.2476 0.1746 0.1110 0.0745 0.0590     0    0
   2355   0.02798 0.1763 0.1148 0.0649 0.0550 0.0408     1    1
   2365   0.04405 0.2004 0.1481 0.1048 0.0730 0.0636     0    0
   2375   0.04024 0.2517 0.1491 0.0962 0.0792 0.0499     0    0
   2385   0.03292 0.1875 0.1459 0.0824 0.0685 0.0546     0    0
   2395   0.04469 0.2590 0.1440 0.0981 0.0747 0.0618     0    0
   2405   0.02951 0.1586 0.1162 0.0857 0.0647 0.0511     0    0
   2415   0.03430 0.2628 0.1485 0.1153 0.0905 0.0591     0    0
   2425   0.03143 0.3625 0.2338 0.1573 0.1050 0.0845     0    0
   2435   0.03044 0.1966 0.1272 0.0774 0.0629 0.0550     2    2
   2445   0.04580 0.2163 0.1428 0.1094 0.0771 0.0587     0    0
   2455   0.04310 0.2445 0.1480 0.0939 0.0795 0.0628     0    0
   2465   0.03192 0.2221 0.1300 0.0958 0.0745 0.0497     1    1
   2475   0.02381 0.2238 0.1898 0.1020 0.0756 0.0451     0    0
   2485   0.02771 0.1940 0.1104 0.0851 0.0600 0.0486     0    0
   2495   0.02692 0.2002 0.1286 0.0924 0.0609 0.0529     0    0
   2505   0.03217 0.2106 0.1621 0.1100 0.0857 0.0497     0    0
   2515   0.03482 0.2407 0.1260 0.0972 0.0757 0.0566     0    0
   2525   0.02034 0.1334 0.0883 0.0646 0.0484 0.0402     0    0
   2535   0.02906 0.2090 0.1331 0.0865 0.0587 0.0438     0    0
   2545   0.02981 0.1512 0.0987 0.0801 0.0636 0.0426     1    1
   2555   0.02950 0.1871 0.1415 0.0923 0.0754 0.0565     0    0
   2565   0.03351 0.1851 0.1149 0.0787 0.0659 0.0506     0    0
   2575   0.02755 0.2864 0.1426 0.1084 0.0741 0.0550     0    0
   2585   0.03375 0.2155 0.1208 0.0813 0.0590 0.0527     0    0
   2595   0.03436 0.2901 0.1547 0.0989 0.0599 0.0480     0    0
   2605   0.03261 0.3254 0.1926 0.1154 0.0794 0.0563     0    0
   2615   0.03083 0.2405 0.1735 0.1322 0.0862 0.0511     0    0
   2625   0.03105 0.3082 0.1859 0.0983 0.0738 0.0574     2    2
   2635   0.03060 0.2000 0.1268 0.0846 0.0706 0.0529     0    0
   2645   0.03788 0.2748 0.1439 0.0962 0.0799 0.0588     0    0
   2655   0.03065 0.2097 0.1518 0.0878 0.0665 0.0522     0    0
   2665   0.03367 0.1899 0.1260 0.0921 0.0726 0.0522     0    0
   2675   0.02951 0.2119 0.1363 0.0974 0.0669 0.0422     0    0
   2685   0.02607 0.2663 0.1410 0.0842 0.0635 0.0557     0    0
   2695   0.02815 0.2254 0.1302 0.0702 0.0557 0.0470     1    1
   2705   0.02781 0.2529 0.1245 0.0835 0.0519 0.0459     0    0
   2715   0.02797 0.2726 0.1751 0.1069 0.0738 0.0410     2    2
   2725   0.03584 0.1391 0.0936 0.0739 0.0537 0.0473     0    0
   2735   0.03234 0.2042 0.1246 0.0980 0.0667 0.0536     0    0
   2745   0.02164 0.1766 0.1306 0.0850 0.0645 0.0368     0    0
   2755   0.05201 0.2771 0.1942 0.1387 0.0942 0.0652     0    0
   2765   0.03884 0.2587 0.1429 0.1041 0.0783 0.0629     0    0
   2775   0.03531 0.2183 0.1243 0.0946 0.0656 0.0488     0    0
   2785   0.02275 0.2560 0.1456 0.0997 0.0765 0.0453     0    0
   2795   0.02182 0.2219 0.1411 0.0890 0.0622 0.0445     0    0
   2805   0.03610 0.1645 0.0962 0.0878 0.0580 0.0418     0    0
   2815   0.03767 0.2354 0.1393 0.0921 0.0660 0.0553     0    0
   2825   0.02753 0.2660 0.1465 0.0984 0.0705 0.0558     0    0
   2835   0.02601 0.1723 0.0988 0.0721 0.0566 0.0454     0    0
   2845   0.02976 0.2705 0.1884 0.1191 0.0736 0.0458     0    0
   2855   0.03542 0.2214 0.1912 0.1044 0.0679 0.0526     0    0
   2865   0.03226 0.2752 0.1520 0.1072 0.0733 0.0515     0    0
   2875   0.04367 0.1912 0.1301 0.0908 0.0762 0.0623     1    1
   2885   0.01712 0.2091 0.1207 0.1006 0.0673 0.0410     0    0
   2895   0.03019 0.1988 0.0977 0.0768 0.0606 0.0483     0    0
   2905   0.04060 0.2083 0.1880 0.1095 0.0717 0.0565     1    1
   2915   0.03623 0.1934 0.1244 0.0965 0.0617 0.0510     1    1
   2925   0.03552 0.2205 0.1297 0.0918 0.0722 0.0591     0    0
   2935   0.03627 0.1955 0.1296 0.0848 0.0725 0.0540     0    0
   2945   0.03549 0.2038 0.1241 0.0755 0.0552 0.0435     0    0
   2955   0.03337 0.1890 0.1059 0.0823 0.0639 0.0513     0    0
   2965   0.01691 0.3265 0.1914 0.1125 0.0818 0.0630     1    1
   2975   0.03525 0.2065 0.1592 0.1013 0.0582 0.0458     0    0
   2985   0.02040 0.2037 0.1030 0.0804 0.0661 0.0472     0    0
   2995   0.03825 0.2560 0.1373 0.0972 0.0664 0.0555     0    0
   3005   0.02322 0.2959 0.1624 0.1074 0.0880 0.0507     0    0
   3015   0.03752 0.2544 0.1318 0.1090 0.0835 0.0510     0    0
   3025   0.02763 0.2432 0.1507 0.1173 0.0865 0.0423     1    1
   3035   0.02992 0.2480 0.1423 0.1065 0.0698 0.0577     0    0
   3045   0.04273 0.2630 0.1342 0.0909 0.0626 0.0509     0    0
   3055   0.04536 0.2186 0.1255 0.0840 0.0715 0.0607     2    1
   3065   0.04736 0.2438 0.1517 0.1115 0.0891 0.0738     1    1
   3075   0.04193 0.2025 0.1244 0.0865 0.0636 0.0527     0    0
   3085   0.03362 0.2023 0.1231 0.0831 0.0626 0.0512     0    0
   3095   0.03497 0.2273 0.1132 0.0874 0.0715 0.0539     1    1
   3105   0.03237 0.2216 0.1373 0.0998 0.0553 0.0454     0    0
   3115   0.04742 0.2547 0.1447 0.1083 0.0888 0.0640     0    0
   3125   0.02995 0.2071 0.1420 0.0891 0.0772 0.0559     0    0
   3135   0.04393 0.2573 0.1295 0.0966 0.0744 0.0605     0    0
   3145   0.02759 0.1855 0.1244 0.0836 0.0567 0.0508     1    1
   3155   0.03513 0.2292 0.1436 0.0943 0.0667 0.0468     1    1
   3165   0.04599 0.2314 0.1474 0.1075 0.0847 0.0623     0    0
   3175   0.03980 0.2644 0.1288 0.1011 0.0792 0.0590     0    0
   3185   0.02906 0.2036 0.1583 0.0708 0.0577 0.0449     0    0
   3195   0.03552 0.2174 0.1328 0.0955 0.0635 0.0470     0    0
   3205   0.02601 0.1800 0.1322 0.1032 0.0665 0.0496     1    1
   3215   0.02477 0.1886 0.1017 0.0913 0.0689 0.0364     0    0
   3225   0.03460 0.1557 0.1130 0.0898 0.0677 0.0512     0    0
   3235   0.04322 0.3400 0.1918 0.1132 0.0798 0.0649     0    0
   3245   0.03340 0.1929 0.1355 0.0810 0.0571 0.0504     0    0
   3255   0.02349 0.2495 0.1361 0.0909 0.0786 0.0576     0    0
   3265   0.03813 0.2708 0.1409 0.0928 0.0639 0.0533     0    0
   3275   0.04403 0.2440 0.1519 0.1041 0.0830 0.0609     0    0
   3285   0.03241 0.1687 0.1282 0.0776 0.0604 0.0456     0    0
   3295   0.03108 0.1913 0.1197 0.0758 0.0578 0.0452     0    0
   3305   0.02697 0.1826 0.1324 0.0975 0.0705 0.0441     0    0
   3315   0.01943 0.3358 0.2109 0.1419 0.0897 0.0543     1    1
   3325   0.03908 0.1673 0.1208 0.0818 0.0581 0.0512     0    0
   3335   0.04555 0.2338 0.1404 0.1043 0.0688 0.0561     0    0
   3345   0.02812 0.2361 0.1247 0.1003 0.0638 0.0509     1    1
   3355   0.04746 0.2856 0.1660 0.1133 0.0767 0.0655     0    0
   3365   0.02345 0.2044 0.1439 0.0776 0.0620 0.0496     1    1
   3375   0.03264 0.3440 0.1991 0.1091 0.0763 0.0511     0    0
   3385   0.04008 0.2266 0.1751 0.0954 0.0659 0.0528     0    0
   3395   0.03986 0.2414 0.1322 0.0952 0.0752 0.0589     0    0
   3405   0.03174 0.2803 0.1491 0.1180 0.0918 0.0559     0    0
   3415   0.04141 0.3301 0.1826 0.0992 0.0764 0.0639     0    0
   3425   0.02812 0.2344 0.1080 0.0674 0.0445 0.0311     0    0
   3435   0.03048 0.1971 0.1275 0.0976 0.0708 0.0574     0    0
   3445   0.02520 0.2281 0.1248 0.0779 0.0560 0.0432     0    0
   3455   0.03536 0.1965 0.1532 0.0899 0.0661 0.0550     1    1
   3465   0.03542 0.2462 0.1636 0.1145 0.0659 0.0551     2    2
   3475   0.04238 0.1924 0.1281 0.0958 0.0766 0.0578     0    0
   3485   0.02748 0.1977 0.1456 0.0823 0.0681 0.0429     0    0
   3495   0.05138 0.3930 0.2415 0.1100 0.0993 0.0722     3    3
   3505   0.02883 0.2160 0.1225 0.1108 0.0705 0.0564     0    0
   3515   0.02794 0.2434 0.1456 0.0884 0.0642 0.0432     0    0
   3525   0.03048 0.1844 0.1223 0.0852 0.0711 0.0511     0    0
   3535   0.02259 0.2494 0.1483 0.1115 0.0776 0.0576     0    0
   3545   0.02881 0.2356 0.1307 0.0843 0.0611 0.0472     0    0
   3555   0.03358 0.1622 0.1154 0.0829 0.0661 0.0522     0    0
   3565   0.04163 0.1976 0.1351 0.1079 0.0771 0.0558     0    0
   3575   0.03576 0.1972 0.1351 0.0939 0.0754 0.0656     0    0
   3585   0.01682 0.2391 0.1617 0.1039 0.0788 0.0450     0    0
   3595   0.03851 0.2166 0.1143 0.0712 0.0626 0.0455     1    1
   3605   0.03021 0.2807 0.1428 0.1114 0.0780 0.0533     0    0
   3615   0.03181 0.1915 0.1236 0.0832 0.0695 0.0517     0    0
   3625   0.03063 0.2372 0.1535 0.1094 0.0800 0.0556     0    0
   3635   0.03468 0.2464 0.1513 0.1002 0.0660 0.0524     0    0
   3645   0.03080 0.2495 0.1575 0.0924 0.0833 0.0435     0    0
   3655   0.03944 0.2965 0.2004 0.1510 0.0879 0.0586     0    0
   3665   0.04138 0.2848 0.1665 0.1247 0.0628 0.0536     1    1
   3675   0.03115 0.1971 0.1343 0.0870 0.0662 0.0511     1    1
   3685   0.03418 0.1868 0.1604 0.0912 0.0680 0.0494     1    1
   3695   0.03033 0.2170 0.1236 0.0837 0.0678 0.0535     0    0
   3705   0.05179 0.2390 0.1762 0.1094 0.0939 0.0743     0    0
   3715   0.03778 0.2086 0.1201 0.0768 0.0574 0.0498     1    1
   3725   0.03153 0.2190 0.1308 0.0817 0.0715 0.0550     0    0
   3735   0.04168 0.2306 0.1257 0.1160 0.0771 0.0567     0    0
   3745   0.02915 0.2001 0.1437 0.1053 0.0745 0.0558     0    0
   3755   0.03564 0.3160 0.1823 0.1072 0.0762 0.0508     1    1
   3765   0.03425 0.3842 0.1938 0.0940 0.0751 0.0428     1    1
   3775   0.02955 0.1641 0.1573 0.1027 0.0651 0.0562     1    1
   3785   0.02914 0.1718 0.1229 0.0751 0.0568 0.0462     0    0
   3795   0.04071 0.2986 0.1824 0.1311 0.0918 0.0409     0    0
   3805   0.03131 0.1647 0.1313 0.0950 0.0599 0.0537     0    0
   3815   0.03576 0.1570 0.1202 0.0804 0.0719 0.0576     0    0
   3825   0.04056 0.1998 0.1122 0.0922 0.0662 0.0518     0    0
   3835   0.03115 0.2549 0.1411 0.0892 0.0760 0.0632     0    0
   3845   0.03554 0.1815 0.1288 0.0747 0.0639 0.0531     0    0
   3855   0.02564 0.2480 0.1289 0.0840 0.0699 0.0482     0    0
   3865   0.05030 0.2365 0.1352 0.0890 0.0812 0.0665     0    0
   3875   0.03915 0.2404 0.1311 0.0970 0.0735 0.0599     0    0
   3885   0.03307 0.1845 0.1153 0.0979 0.0727 0.0508     0    0
   3895   0.03192 0.2720 0.1420 0.0958 0.0676 0.0523     1    1
   3905   0.03202 0.3109 0.1525 0.0998 0.0731 0.0562     0    0
   3915   0.02644 0.2095 0.1395 0.0914 0.0631 0.0505     0    0
   3925   0.02581 0.2498 0.2005 0.1248 0.0794 0.0461     0    0
   3935   0.02701 0.2269 0.1114 0.0769 0.0636 0.0437     0    0
   3945   0.03787 0.3406 0.1889 0.1185 0.0893 0.0746     0    0
   3955   0.02917 0.2504 0.1581 0.1087 0.0712 0.0627     0    0
   3965   0.02418 0.2129 0.1254 0.0896 0.0728 0.0437     0    0
   3975   0.03756 0.1839 0.1206 0.0779 0.0708 0.0576     0    0
   3985   0.03807 0.3319 0.1558 0.1226 0.0856 0.0545     0    0
   3995   0.04687 0.3342 0.1583 0.1174 0.0843 0.0683     0    0
   4005   0.03381 0.2504 0.1567 0.1274 0.0787 0.0577     0    0
   4015   0.03992 0.2484 0.1933 0.1151 0.0749 0.0629     0    0
   4025   0.02819 0.1687 0.1222 0.0814 0.0633 0.0502     0    0
   4035   0.03816 0.1718 0.1372 0.0872 0.0745 0.0543     0    0
   4045   0.02803 0.1672 0.0937 0.0712 0.0589 0.0470     1    1
   4055   0.04290 0.3216 0.1932 0.1098 0.0768 0.0605     1    1
   4065   0.03257 0.2519 0.1258 0.0908 0.0717 0.0560     0    0
   4075   0.03194 0.1586 0.1129 0.0794 0.0673 0.0481     0    0
   4085   0.04660 0.2328 0.1564 0.0965 0.0756 0.0616     0    0
   4095   0.03349 0.2061 0.1400 0.1042 0.0751 0.0556     1    1
   4105   0.04038 0.2884 0.1781 0.1127 0.0823 0.0601     0    0
   4115   0.03214 0.2585 0.1459 0.0827 0.0768 0.0556     0    0
   4125   0.04004 0.2135 0.1434 0.0881 0.0774 0.0563     1    1
   4135   0.01275 0.2445 0.1659 0.1396 0.0735 0.0558     0    0
   4145   0.03184 0.2101 0.1260 0.0927 0.0687 0.0523     1    1
   4155   0.03671 0.2207 0.1469 0.1153 0.0852 0.0692     0    0
   4165   0.03005 0.2055 0.1532 0.0986 0.0839 0.0678     0    0
   4175   0.06204 0.2968 0.1787 0.1292 0.0988 0.0807     0    0
   4185   0.02717 0.2105 0.1379 0.0980 0.0673 0.0570     1    1
   4195   0.04125 0.2436 0.1402 0.0989 0.0694 0.0548     1    1
   4205   0.03514 0.2435 0.1644 0.1072 0.0646 0.0582     1    1
   4215   0.03695 0.2656 0.1283 0.0957 0.0683 0.0527     0    0
   4225   0.04099 0.1759 0.1167 0.0904 0.0630 0.0526     0    0
   4235   0.02882 0.3624 0.1868 0.0993 0.0799 0.0613     1    1
   4245   0.04160 0.1949 0.1332 0.0885 0.0666 0.0536     0    0
   4255   0.03655 0.2721 0.1435 0.1053 0.0707 0.0600     0    0
   4265   0.04700 0.1942 0.1540 0.1068 0.0674 0.0590     0    0
   4275   0.02833 0.2523 0.1216 0.0753 0.0675 0.0457     1    1
   4285   0.03643 0.4012 0.1952 0.1238 0.0810 0.0533     0    0
   4295   0.04032 0.2183 0.1172 0.1002 0.0721 0.0596     0    0
   4305   0.03154 0.3509 0.2228 0.1419 0.0947 0.0415     0    0
   4315   0.02907 0.2363 0.1574 0.1075 0.0623 0.0516     0    0
   4325   0.04141 0.1949 0.1213 0.0800 0.0640 0.0517     0    0
   4335   0.03550 0.2043 0.1346 0.0886 0.0780 0.0506     1    1
   4345   0.03498 0.2223 0.1461 0.0926 0.0732 0.0574     0    0
   4355   0.04155 0.3413 0.2053 0.1409 0.0974 0.0702     0    0
   4365   0.02033 0.2118 0.1470 0.1037 0.0787 0.0374     0    0
   4375   0.03113 0.2142 0.1081 0.0919 0.0672 0.0480     0    0
   4385   0.02126 0.1923 0.1227 0.0950 0.0613 0.0475     0    0
   4395   0.02964 0.2183 0.1243 0.1051 0.0840 0.0529     1    1
   4405   0.03286 0.2130 0.1206 0.0921 0.0735 0.0596     0    0
   4415   0.03886 0.2247 0.1252 0.0748 0.0607 0.0522     0    0
   4425   0.02924 0.2635 0.1590 0.1251 0.0889 0.0600     1    1
   4435   0.03239 0.2104 0.1213 0.0838 0.0612 0.0487     0    0
   4445   0.02612 0.1789 0.1075 0.0750 0.0597 0.0374     1    1
   4455   0.02060 0.2024 0.1123 0.0680 0.0543 0.0352     0    0
   4465   0.04557 0.2760 0.1718 0.1170 0.0877 0.0765     0    0
   4475   0.04109 0.2294 0.1301 0.0879 0.0688 0.0538     0    0
   4485   0.03117 0.3416 0.2243 0.1205 0.0881 0.0667     0    0
   4495   0.03200 0.2096 0.1391 0.0990 0.0599 0.0474     0    0
   4505   0.03759 0.2786 0.1454 0.1110 0.0728 0.0515     0    0
   4515   0.03347 0.2379 0.1660 0.1061 0.0763 0.0586     1    1
   4525   0.03936 0.3550 0.1997 0.1076 0.0754 0.0602     1    1
   4535   0.04563 0.1965 0.1273 0.1037 0.0728 0.0560     1    1
   4545   0.03584 0.2157 0.1221 0.0949 0.0593 0.0493     1    1
   4555   0.03374 0.1766 0.1281 0.0898 0.0624 0.0523     0    0
   4565   0.04788 0.2375 0.1610 0.1099 0.0727 0.0566     0    0
   4575   0.03434 0.2215 0.1699 0.1298 0.0757 0.0473     0    0
   4585   0.03789 0.2344 0.1282 0.0951 0.0760 0.0609     0    0
   4595   0.02693 0.2589 0.1922 0.1053 0.0768 0.0474     0    0
   4605   0.04494 0.2231 0.1233 0.0847 0.0759 0.0616     1    1
   4615   0.02195 0.1731 0.1206 0.0833 0.0645 0.0501     0    0
   4625   0.03952 0.3747 0.1827 0.1081 0.0782 0.0729     0    0
   4635   0.04543 0.2191 0.1346 0.0916 0.0752 0.0602     0    0
   4645   0.04428 0.2197 0.1429 0.1067 0.0788 0.0645     0    0
   4655   0.02813 0.2454 0.1347 0.0893 0.0705 0.0607     0    0
   4665   0.04785 0.2507 0.1409 0.0976 0.0729 0.0664     0    0
   4675   0.03539 0.2046 0.1228 0.0821 0.0625 0.0480     0    0
   4685   0.03646 0.1998 0.1478 0.0957 0.0726 0.0468     1    1
   4695   0.04644 0.2280 0.1284 0.0910 0.0702 0.0612     0    0
   4705   0.02897 0.2203 0.1566 0.1022 0.0739 0.0526     0    0
   4715   0.04611 0.2134 0.1495 0.1013 0.0730 0.0628     0    0
   4725   0.02811 0.2024 0.1641 0.1115 0.0623 0.0366     0    0
   4735   0.02539 0.2599 0.1988 0.1198 0.0868 0.0573     0    0
   4745   0.02689 0.2796 0.1359 0.0880 0.0779 0.0431     0    0
   4755   0.03166 0.2280 0.1660 0.0987 0.0644 0.0559     0    0
   4765   0.04648 0.2609 0.1369 0.1021 0.0638 0.0557     1    1
   4775   0.03482 0.2695 0.1842 0.0999 0.0822 0.0628     0    0
   4785   0.03028 0.2219 0.1404 0.1169 0.0839 0.0646     0    0
   4795   0.02418 0.1536 0.1146 0.0800 0.0618 0.0407     0    0
   4805   0.03820 0.2262 0.1572 0.0999 0.0741 0.0580     0    0
   4815   0.03741 0.2166 0.1254 0.0882 0.0651 0.0542     0    0
   4825   0.03851 0.2201 0.1789 0.0998 0.0741 0.0503     0    0
   4835   0.03475 0.1905 0.1231 0.1020 0.0733 0.0589     0    0
   4845   0.03241 0.2059 0.1415 0.0924 0.0621 0.0512     0    0
   4855   0.02660 0.2268 0.0994 0.0771 0.0551 0.0460     0    0
   4865   0.03038 0.1854 0.1193 0.0841 0.0652 0.0484     0    0
   4875   0.02315 0.2095 0.1294 0.0846 0.0699 0.0524     1    1
   4885   0.02906 0.2551 0.1517 0.1062 0.0748 0.0614     0    0
   4895   0.03544 0.1604 0.1301 0.0911 0.0697 0.0520     0    0
   4905   0.03621 0.2077 0.1292 0.0823 0.0517 0.0429     1    1
   4915   0.03326 0.2433 0.1527 0.0986 0.0674 0.0579     0    0
   4925   0.02004 0.3180 0.1538 0.0911 0.0700 0.0479     0    0
   4935   0.02309 0.1965 0.1419 0.0937 0.0642 0.0431     0    0
   4945   0.03178 0.1916 0.1210 0.0833 0.0641 0.0502     0    0
   4955   0.02325 0.1629 0.1091 0.0700 0.0521 0.0459     0    0
   4965   0.03428 0.2099 0.1796 0.0991 0.0812 0.0649     0    0
   4975   0.02648 0.2503 0.1462 0.0994 0.0716 0.0561     0    0
   4985   0.03440 0.2227 0.1204 0.0883 0.0724 0.0579     0    0
   4995   0.03997 0.1963 0.1424 0.1036 0.0823 0.0541     0    0
   5005   0.02771 0.1853 0.0997 0.0773 0.0577 0.0540     0    0
   5015   0.03711 0.2243 0.1867 0.1226 0.0963 0.0524     0    0
   5025   0.03261 0.2630 0.1556 0.0903 0.0663 0.0560     0    0
   5035   0.03225 0.2563 0.1273 0.0946 0.0681 0.0583     0    0
   5045   0.02631 0.2885 0.1593 0.0996 0.0709 0.0501     0    0
   5055   0.02552 0.2996 0.1432 0.1179 0.0778 0.0646     0    0
   5065   0.04027 0.2391 0.1445 0.0957 0.0697 0.0579     1    1
   5075   0.04897 0.3237 0.1709 0.0950 0.0670 0.0589     0    0
   5085   0.02662 0.3393 0.2059 0.1509 0.1028 0.0717     0    0
   5095   0.03828 0.2721 0.1522 0.1028 0.0655 0.0524     2    2
   5105   0.03812 0.2739 0.1598 0.1071 0.0840 0.0545     0    0
   5115   0.03133 0.2640 0.1579 0.1065 0.0682 0.0576     0    0
   5125   0.03452 0.1747 0.0965 0.0690 0.0547 0.0443     0    0
   5135   0.05167 0.3745 0.2146 0.1378 0.0891 0.0667     0    0
   5145   0.02402 0.2551 0.1294 0.0894 0.0576 0.0423     0    0
   5155   0.04488 0.1835 0.1279 0.0817 0.0653 0.0582     1    1
   5165   0.02866 0.2869 0.1519 0.0965 0.0632 0.0520     1    1
   5175   0.04116 0.2196 0.1126 0.0896 0.0617 0.0570     0    0
   5185   0.03180 0.1416 0.1162 0.0727 0.0589 0.0446     1    1
   5195   0.03895 0.2290 0.1285 0.1035 0.0720 0.0570     0    0
   5205   0.03242 0.1942 0.1293 0.0938 0.0704 0.0586     0    0
   5215   0.02889 0.1936 0.1443 0.0877 0.0685 0.0414     0    0
   5225   0.03395 0.1745 0.1338 0.0737 0.0631 0.0537     0    0
   5235   0.04125 0.1557 0.1064 0.0799 0.0666 0.0577     0    0
   5245   0.01962 0.1592 0.1106 0.0763 0.0671 0.0417     0    0
   5255   0.02266 0.2389 0.1350 0.0959 0.0656 0.0532     0    0
   5265   0.02523 0.3112 0.1523 0.1174 0.0947 0.0521     0    0
   5275   0.03203 0.2370 0.1300 0.0736 0.0667 0.0494     2    1
   5285   0.02759 0.2059 0.1042 0.0940 0.0663 0.0507     0    0
   5295   0.02621 0.2675 0.1750 0.1112 0.0617 0.0520     0    0
   5305   0.03399 0.2511 0.1187 0.0899 0.0681 0.0625     0    0
   5315   0.03305 0.1781 0.1263 0.0974 0.0714 0.0581     0    0
   5325   0.03897 0.1909 0.1367 0.0980 0.0601 0.0504     0    0
   5335   0.04587 0.2117 0.1381 0.1117 0.0733 0.0601     0    0
   5345   0.03731 0.1655 0.1120 0.0897 0.0707 0.0532     0    0
   5355   0.03316 0.2490 0.1826 0.1492 0.0984 0.0434     0    0
   5365   0.04519 0.2530 0.1542 0.1006 0.0800 0.0615     0    0
   5375   0.02671 0.1591 0.0957 0.0735 0.0542 0.0365     0    0
   5385   0.01819 0.1782 0.1184 0.0895 0.0575 0.0387     1    1
   5395   0.03208 0.2035 0.1399 0.0785 0.0656 0.0462     0    0
   5405   0.02656 0.2027 0.1286 0.1003 0.0740 0.0551     0    0
   5415   0.02320 0.2454 0.1436 0.1021 0.0608 0.0432     0    0
   5425   0.03367 0.1738 0.1167 0.0773 0.0608 0.0524     0    0
   5435   0.02948 0.1917 0.1286 0.0918 0.0616 0.0555     0    0
   5445   0.01835 0.2524 0.0933 0.0706 0.0450 0.0408     0    0
   5455   0.02242 0.2176 0.1226 0.0916 0.0760 0.0526     0    0
   5465   0.03767 0.2062 0.1233 0.0738 0.0659 0.0563     0    0
   5475   0.03366 0.2149 0.1402 0.0985 0.0746 0.0598     1    1
   5485   0.03340 0.2394 0.1345 0.0906 0.0784 0.0591     0    0
   5495   0.01843 0.1857 0.1321 0.1011 0.0688 0.0554     0    0
   5505   0.04313 0.2435 0.1409 0.1221 0.0887 0.0680     1    1
   5515   0.03501 0.2078 0.1033 0.0744 0.0538 0.0476     0    0
   5525   0.04247 0.3259 0.2053 0.1391 0.0930 0.0546     0    0
   5535   0.03386 0.2230 0.1425 0.0843 0.0692 0.0502     0    0
   5545   0.03873 0.3293 0.1545 0.1067 0.0840 0.0653     1    1
   5555   0.03015 0.2400 0.1433 0.0981 0.0717 0.0569     0    0
   5565   0.04210 0.2194 0.1371 0.1021 0.0825 0.0635     0    0
   5575   0.04746 0.2244 0.1550 0.0803 0.0606 0.0503     0    0
   5585   0.01614 0.2064 0.1415 0.0826 0.0586 0.0409     0    0
   5595   0.03284 0.1943 0.1328 0.0906 0.0682 0.0598     0    0
   5605   0.03302 0.1595 0.1009 0.0717 0.0569 0.0507     1    1
   5615   0.02385 0.1979 0.1195 0.0699 0.0565 0.0415     0    0
   5625   0.02657 0.3416 0.2141 0.1488 0.1074 0.0466     0    0
   5635   0.03733 0.2324 0.1469 0.0896 0.0612 0.0524     0    0
   5645   0.02723 0.2616 0.1406 0.0815 0.0585 0.0466     0    0
   5655   0.03375 0.1660 0.0976 0.0776 0.0606 0.0530     0    0
   5665   0.02822 0.1944 0.1371 0.1120 0.0750 0.0572     0    0
   5675   0.02123 0.2420 0.1407 0.0720 0.0535 0.0478     0    0
   5685   0.03731 0.2344 0.1743 0.0971 0.0749 0.0628     0    0
   5695   0.01711 0.1643 0.0933 0.0668 0.0545 0.0380     1    1
   5705   0.02393 0.2618 0.1610 0.1285 0.0795 0.0578     0    0
   5715   0.03312 0.1823 0.1326 0.0945 0.0631 0.0523     1    1
   5725   0.03436 0.1663 0.0993 0.0847 0.0616 0.0546     0    0
   5735   0.03479 0.1768 0.1081 0.0796 0.0680 0.0531     0    0
   5745   0.02910 0.3188 0.1718 0.0920 0.0709 0.0500     0    0
   5755   0.03414 0.1667 0.1254 0.0808 0.0732 0.0527     0    0
   5765   0.03717 0.2233 0.1176 0.0969 0.0699 0.0570     0    0
   5775   0.02781 0.2823 0.1213 0.0749 0.0564 0.0426     0    0
   5785   0.05325 0.2682 0.1449 0.0976 0.0789 0.0652     0    0
   5795   0.04333 0.2061 0.1330 0.0857 0.0721 0.0625     0    0
   5805   0.03067 0.2764 0.1529 0.0944 0.0867 0.0468     0    0
   5815   0.03350 0.3463 0.2384 0.1232 0.0877 0.0507     0    0
   5825   0.03716 0.3395 0.1941 0.1168 0.0765 0.0652     3    2
   5835   0.02567 0.2232 0.1272 0.0837 0.0608 0.0457     0    0
   5845   0.02309 0.2186 0.1325 0.0833 0.0596 0.0427     0    0
   5855   0.04721 0.2283 0.1612 0.1045 0.0837 0.0612     0    0
   5865   0.02805 0.1934 0.1203 0.0867 0.0527 0.0456     1    1
   5875   0.03911 0.1769 0.1352 0.0938 0.0613 0.0524     0    0
   5885   0.02845 0.1572 0.1199 0.0720 0.0601 0.0446     0    0
   5895   0.04857 0.2726 0.1821 0.1135 0.0990 0.0689     0    0
   5905   0.02662 0.2575 0.1242 0.0962 0.0656 0.0442     1    1
   5915   0.03646 0.3533 0.1868 0.1187 0.0784 0.0562     0    0
   5925   0.03800 0.2772 0.1960 0.1068 0.0591 0.0470     1    1
   5935   0.02553 0.2723 0.1445 0.1137 0.0736 0.0651     0    0
   5945   0.03780 0.2566 0.1627 0.0954 0.0609 0.0458     0    0
   5955   0.04347 0.1922 0.1291 0.1029 0.0735 0.0523     1    1
   5965   0.04458 0.2024 0.1340 0.1124 0.0749 0.0667     1    1
   5975   0.03056 0.1962 0.1457 0.0841 0.0744 0.0503     0    0
   5985   0.04184 0.1769 0.1473 0.1018 0.0705 0.0627     0    0
   5995   0.01664 0.1277 0.0859 0.0766 0.0505 0.0360     1    1
   6005   0.03081 0.1996 0.1083 0.0845 0.0717 0.0572     0    0
   6015   0.04007 0.1928 0.1024 0.0788 0.0681 0.0546     1    1
   6025   0.03352 0.2829 0.1777 0.1210 0.0880 0.0679     0    0
   6035   0.03942 0.2763 0.1621 0.1297 0.0798 0.0683     0    0
   6045   0.03120 0.2017 0.1271 0.0854 0.0686 0.0537     0    0
   6055   0.03695 0.2411 0.1950 0.1274 0.0809 0.0587     0    0
   6065   0.03766 0.2743 0.1656 0.0928 0.0700 0.0610     0    0
   6075   0.04933 0.3254 0.1726 0.0983 0.0740 0.0649     0    0
   6085   0.03247 0.2444 0.1660 0.0885 0.0646 0.0586     0    0
   6095   0.02486 0.1772 0.1188 0.0837 0.0665 0.0510     0    0
   6105   0.01819 0.1696 0.1054 0.0784 0.0554 0.0470     0    0
   6115   0.02108 0.2634 0.1652 0.0960 0.0779 0.0530     0    0
   6125   0.02017 0.2260 0.1554 0.0944 0.0689 0.0551     1    1
   6135   0.04242 0.2147 0.1104 0.0856 0.0783 0.0552     0    0
   6145   0.04491 0.2225 0.1856 0.1300 0.0995 0.0693     0    0
   6155   0.03200 0.2077 0.1048 0.0792 0.0578 0.0437     0    0
   6165   0.03251 0.1937 0.1267 0.0935 0.0750 0.0535     0    0
   6175   0.03933 0.2201 0.1059 0.0770 0.0672 0.0547     0    0
   6185   0.03996 0.2294 0.1878 0.1366 0.0854 0.0622     0    0
   6195   0.03528 0.3024 0.1521 0.0923 0.0758 0.0593     2    1
   6205   0.02873 0.2233 0.1462 0.0870 0.0687 0.0514     0    0
   6215   0.03472 0.2823 0.1421 0.0969 0.0793 0.0653     0    0
   6225   0.04470 0.2452 0.1369 0.1062 0.0782 0.0540     0    0
   6235   0.04084 0.3242 0.1756 0.1312 0.0817 0.0498     0    0
   6245   0.03719 0.3101 0.1645 0.1148 0.0782 0.0666     2    1
   6255   0.03654 0.3257 0.2315 0.1671 0.1187 0.0823     0    0
   6265   0.02496 0.2531 0.1538 0.0886 0.0649 0.0492     0    0
   6275   0.01518 0.1995 0.1700 0.1090 0.0737 0.0395     0    0
   6285   0.02871 0.1887 0.1304 0.0953 0.0677 0.0561     0    0
   6295   0.03552 0.1727 0.1062 0.0878 0.0617 0.0488     0    0
   6305   0.02097 0.2221 0.1478 0.0988 0.0743 0.0448     0    0
   6315   0.03351 0.1827 0.1200 0.0911 0.0747 0.0543     0    0
   6325   0.04216 0.3025 0.1668 0.0903 0.0696 0.0536     0    0
   6335   0.01799 0.2655 0.1561 0.0844 0.0768 0.0425     1    1
   6345   0.02000 0.2116 0.1574 0.1116 0.0703 0.0555     1    1
   6355   0.02598 0.1621 0.1203 0.0702 0.0513 0.0423     0    0
   6365   0.03471 0.2265 0.1420 0.0840 0.0544 0.0471     0    0
   6375   0.03198 0.1565 0.0868 0.0698 0.0589 0.0474     1    1
   6385   0.02711 0.2358 0.1112 0.0836 0.0697 0.0527     0    0
   6395   0.02274 0.2192 0.1177 0.0898 0.0592 0.0391     0    0
   6405   0.02507 0.1421 0.0902 0.0692 0.0547 0.0450     0    0
   6415   0.03299 0.1762 0.1199 0.1005 0.0711 0.0476     0    0
   6425   0.04571 0.1914 0.1233 0.0947 0.0731 0.0544     0    0
   6435   0.02206 0.2718 0.1349 0.0861 0.0682 0.0452     1    1
   6445   0.03228 0.1881 0.1074 0.0779 0.0608 0.0511     0    0
   6455   0.03434 0.3532 0.1882 0.1346 0.0972 0.0533     0    0
   6465   0.04904 0.2759 0.1517 0.0980 0.0714 0.0576     0    0
   6475   0.03034 0.2767 0.1483 0.1003 0.0740 0.0522     0    0
   6485   0.02113 0.2362 0.1373 0.0785 0.0614 0.0376     0    0
   6495   0.03378 0.1857 0.1070 0.0845 0.0556 0.0482     1    1
   6505   0.03088 0.1791 0.1396 0.0966 0.0642 0.0564     0    0
   6515   0.02580 0.3117 0.2215 0.1420 0.0975 0.0542     0    0
   6525   0.04088 0.2274 0.1392 0.0939 0.0736 0.0603     0    0
   6535   0.04132 0.2946 0.1478 0.0754 0.0684 0.0534     3    2
   6545   0.02312 0.2901 0.1690 0.1239 0.0825 0.0534     0    0
   6555   0.02666 0.2427 0.1395 0.0870 0.0688 0.0580     0    0
   6565   0.04698 0.2062 0.1257 0.0975 0.0732 0.0601     0    0
   6575   0.02631 0.1862 0.1028 0.0803 0.0687 0.0563     0    0
   6585   0.03979 0.3896 0.2069 0.1423 0.0664 0.0549     0    0
   6595   0.02930 0.2340 0.1565 0.1180 0.0709 0.0616     0    0
   6605   0.04721 0.2434 0.1718 0.1080 0.0780 0.0576     0    0
   6615   0.03663 0.1937 0.1222 0.0879 0.0695 0.0607     0    0
   6625   0.03830 0.1888 0.1042 0.0921 0.0660 0.0526     1    1
   6635   0.03274 0.3120 0.1608 0.1094 0.0696 0.0503     0    0
   6645   0.02328 0.1979 0.1228 0.0864 0.0606 0.0524     0    0
   6655   0.04086 0.1979 0.1097 0.0806 0.0644 0.0581     0    0
   6665   0.02623 0.2916 0.1783 0.1011 0.0816 0.0556     0    0
   6675   0.04206 0.2388 0.1531 0.1173 0.0804 0.0647     0    0
   6685   0.03633 0.2226 0.1290 0.0921 0.0724 0.0612     0    0
   6695   0.02640 0.2457 0.1086 0.0797 0.0527 0.0407     1    1
   6705   0.02543 0.2817 0.1660 0.0968 0.0725 0.0545     0    0
   6715   0.02435 0.1968 0.1240 0.1042 0.0764 0.0498     0    0
   6725   0.03220 0.1752 0.1228 0.0966 0.0700 0.0571     0    0
   6735   0.03651 0.1923 0.1067 0.0917 0.0644 0.0541     0    0
   6745   0.02266 0.2255 0.1197 0.0882 0.0599 0.0396     0    0
   6755   0.05144 0.2666 0.1492 0.1258 0.0809 0.0669     0    0
   6765   0.01928 0.1812 0.1059 0.0793 0.0598 0.0446     1    1
   6775   0.03341 0.2382 0.1600 0.0933 0.0717 0.0528     0    0
   6785   0.02777 0.1952 0.1495 0.0789 0.0703 0.0534     0    0
   6795   0.02343 0.2229 0.1295 0.0765 0.0616 0.0461     0    0
   6805   0.03080 0.2346 0.1426 0.0912 0.0665 0.0427     1    1
   6815   0.03370 0.3294 0.2013 0.1347 0.0973 0.0772     1    1
   6825   0.03143 0.1864 0.1142 0.0769 0.0575 0.0464     0    0
   6835   0.02857 0.1763 0.1175 0.0784 0.0620 0.0506     0    0
   6845   0.03737 0.2455 0.1603 0.1155 0.0813 0.0596     0    0
   6855   0.01791 0.2246 0.1212 0.0877 0.0708 0.0541     0    0
   6865   0.02920 0.1824 0.1130 0.0753 0.0562 0.0412     1    1
   6875   0.05456 0.2297 0.1652 0.1182 0.0892 0.0599     2    1
   6885   0.02772 0.1807 0.1220 0.0817 0.0655 0.0470     0    0
   6895   0.03397 0.2275 0.1463 0.0984 0.0795 0.0631     0    0
   6905   0.02732 0.2748 0.1208 0.0970 0.0748 0.0533     0    0
   6915   0.04067 0.2818 0.1354 0.1050 0.0712 0.0553     0    0
   6925   0.03037 0.2107 0.1571 0.1125 0.0768 0.0591     0    0
   6935   0.02937 0.2977 0.1532 0.1025 0.0795 0.0589     0    0
   6945   0.03417 0.3020 0.1906 0.1223 0.0983 0.0612     0    0
   6955   0.04180 0.2580 0.1856 0.1041 0.0686 0.0541     0    0
   6965   0.03742 0.2710 0.1390 0.1162 0.0679 0.0547     0    0
   6975   0.03078 0.1922 0.1143 0.0903 0.0603 0.0450     0    0
   6985   0.02505 0.3060 0.2273 0.0722 0.0658 0.0512     1    1
   6995   0.03590 0.2433 0.1355 0.0961 0.0659 0.0548     0    0
   7005   0.03467 0.2182 0.1592 0.0841 0.0674 0.0503     0    0
   7015   0.02200 0.2217 0.1302 0.0856 0.0657 0.0410     0    0
   7025   0.03427 0.1803 0.1138 0.0938 0.0644 0.0548     0    0
   7035   0.02303 0.1956 0.1356 0.0788 0.0626 0.0523     0    0
   7045   0.03647 0.2406 0.1852 0.1064 0.0693 0.0535     0    0
   7055   0.02329 0.2428 0.1164 0.0803 0.0671 0.0566     0    0
   7065   0.04257 0.1675 0.1330 0.1067 0.0716 0.0585     0    0
   7075   0.02687 0.3401 0.1503 0.0958 0.0740 0.0569     0    0
   7085   0.03770 0.2521 0.1086 0.0836 0.0679 0.0573     0    0
   7095   0.04632 0.2997 0.2060 0.1417 0.0909 0.0697     0    0
   7105   0.03545 0.2628 0.1410 0.0856 0.0658 0.0505     0    0
   7115   0.04105 0.2421 0.1608 0.0884 0.0642 0.0548     0    0
   7125   0.04512 0.2645 0.1413 0.1076 0.0569 0.0511     0    0
   7135   0.03290 0.2733 0.1571 0.0874 0.0581 0.0518     0    0
   7145   0.03733 0.1935 0.1416 0.0804 0.0641 0.0486     1    1
   7155   0.04359 0.2252 0.1338 0.0924 0.0674 0.0570     0    0
   7165   0.03907 0.2381 0.1691 0.1115 0.0811 0.0626     0    0
   7175   0.02651 0.2231 0.1209 0.0817 0.0586 0.0396     1    1
   7185   0.03110 0.3135 0.1902 0.1089 0.0725 0.0465     1    1
   7195   0.03559 0.2395 0.1468 0.0930 0.0740 0.0573     0    0
   7205   0.04693 0.2568 0.1341 0.1070 0.0757 0.0553     0    0
   7215   0.03424 0.2669 0.1649 0.1028 0.0880 0.0580     0    0
   7225   0.02956 0.2143 0.1594 0.1015 0.0638 0.0501     0    0
   7235   0.03239 0.2149 0.1251 0.0897 0.0633 0.0530     0    0
   7245   0.03114 0.1616 0.1107 0.0911 0.0689 0.0533     0    0
   7255   0.03007 0.2407 0.1588 0.0856 0.0634 0.0535     0    0
   7265   0.02206 0.1826 0.1204 0.0766 0.0612 0.0482     0    0
   7275   0.02397 0.2581 0.1579 0.1095 0.0877 0.0634     0    0
   7285   0.02878 0.2334 0.1486 0.0842 0.0521 0.0372     3    2
   7295   0.03601 0.2474 0.1572 0.1034 0.0847 0.0576     0    0
   7305   0.02075 0.2810 0.1327 0.0855 0.0668 0.0500     1    1
   7315   0.03353 0.2011 0.1240 0.0745 0.0622 0.0558     0    0
   7325   0.03963 0.1848 0.1192 0.0826 0.0751 0.0571     1    1
   7335   0.03559 0.1870 0.1317 0.0995 0.0740 0.0576     0    0
   7345   0.03160 0.2895 0.1995 0.1148 0.0826 0.0664     0    0
   7355   0.04367 0.3447 0.1803 0.1107 0.0710 0.0468     2    2
   7365   0.04531 0.2046 0.1491 0.0998 0.0780 0.0634     1    1
   7375   0.03376 0.1514 0.1295 0.0807 0.0655 0.0493     1    1
   7385   0.01940 0.1775 0.1221 0.0808 0.0621 0.0465     0    0
   7395   0.02765 0.2709 0.1457 0.1041 0.0606 0.0449     0    0
   7405   0.03215 0.2351 0.1423 0.1059 0.0883 0.0629     0    0
   7415   0.02885 0.2140 0.1555 0.1104 0.0816 0.0548     0    0
   7425   0.02986 0.1864 0.1112 0.0772 0.0520 0.0373     0    0
   7435   0.02486 0.1801 0.1322 0.0731 0.0622 0.0442     0    0
   7445   0.03079 0.2609 0.1559 0.0948 0.0767 0.0628     0    0
   7455   0.02864 0.1716 0.1326 0.1071 0.0604 0.0420     0    0
   7465   0.04823 0.3575 0.2858 0.1591 0.0960 0.0628     0    0
   7475   0.03093 0.2705 0.1811 0.1049 0.0763 0.0486     0    0
   7485   0.02781 0.1831 0.1543 0.1010 0.0684 0.0571     0    0
   7495   0.02293 0.2760 0.1547 0.1052 0.0649 0.0490     0    0
   7505   0.02954 0.2994 0.1345 0.0956 0.0641 0.0476     0    0
   7515   0.03729 0.2203 0.1416 0.1017 0.0763 0.0513     1    1
   7525   0.04473 0.2564 0.1392 0.1142 0.0921 0.0666     0    0
   7535   0.04094 0.2224 0.1216 0.0907 0.0653 0.0497     0    0
   7545   0.03364 0.2657 0.1380 0.1119 0.0762 0.0626     0    0
   7555   0.05321 0.2748 0.1697 0.1370 0.0910 0.0735     0    0
   7565   0.02781 0.2514 0.1373 0.0818 0.0652 0.0494     0    0
   7575   0.02591 0.2141 0.1114 0.0682 0.0556 0.0445     1    1
   7585   0.02964 0.2194 0.1297 0.0953 0.0636 0.0567     0    0
   7595   0.02041 0.2295 0.1442 0.0969 0.0683 0.0497     0    0
   7605   0.03352 0.2444 0.1290 0.1175 0.0846 0.0492     0    0
   7615   0.01519 0.1742 0.1091 0.0741 0.0553 0.0410     0    0
   7625   0.02494 0.2876 0.1712 0.1019 0.0566 0.0419     0    0
   7635   0.03014 0.1926 0.1258 0.0733 0.0602 0.0445     1    1
   7645   0.04708 0.2361 0.1311 0.0771 0.0676 0.0602     0    0
   7655   0.03090 0.1667 0.0908 0.0711 0.0504 0.0428     2    2
   7665   0.02534 0.1441 0.1141 0.0819 0.0684 0.0418     0    0
   7675   0.02534 0.2273 0.1391 0.0779 0.0616 0.0467     0    0
   7685   0.02217 0.2282 0.1071 0.0758 0.0534 0.0424     0    0
   7695   0.03236 0.1898 0.1348 0.0803 0.0639 0.0512     0    0
   7705   0.02429 0.1689 0.1036 0.0897 0.0690 0.0553     0    0
   7715   0.04453 0.2269 0.1405 0.1075 0.0764 0.0594     0    0
   7725   0.04346 0.1796 0.1342 0.0831 0.0625 0.0501     0    0
   7735   0.03611 0.2053 0.1237 0.0955 0.0629 0.0503     0    0
   7745   0.04063 0.2198 0.1501 0.1181 0.0830 0.0670     0    0
   7755   0.02938 0.1954 0.1042 0.0809 0.0672 0.0445     0    0
   7765   0.02334 0.2075 0.1461 0.0946 0.0628 0.0480     0    0
   7775   0.04400 0.2650 0.1387 0.1127 0.0798 0.0613     0    0
   7785   0.03851 0.2070 0.1047 0.0731 0.0616 0.0488     0    0
   7795   0.03391 0.2709 0.1582 0.1091 0.0760 0.0511     1    1
   7805   0.03777 0.2137 0.1233 0.0950 0.0667 0.0514     0    0
   7815   0.02782 0.3324 0.1938 0.1383 0.0958 0.0637     0    0
   7825   0.03576 0.2438 0.1760 0.1270 0.0991 0.0746     1    1
   7835   0.03032 0.1838 0.1295 0.0984 0.0704 0.0595     0    0
   7845   0.02633 0.1724 0.1139 0.0943 0.0818 0.0585     0    0
   7855   0.04921 0.2322 0.1613 0.1153 0.1060 0.0758     0    0
   7865   0.02634 0.2975 0.1893 0.1252 0.0576 0.0404     0    0
   7875   0.02723 0.2441 0.1198 0.0802 0.0665 0.0461     0    0
   7885   0.04116 0.2145 0.1467 0.1045 0.0736 0.0611     0    0
   7895   0.02812 0.1867 0.1468 0.0859 0.0650 0.0526     0    0
   7905   0.03272 0.2003 0.1450 0.0997 0.0632 0.0491     0    0
   7915   0.02493 0.2082 0.1116 0.0842 0.0646 0.0495     0    0
   7925   0.02785 0.1936 0.1544 0.0974 0.0696 0.0523     0    0
   7935   0.03584 0.2585 0.1593 0.0924 0.0726 0.0562     0    0
   7945   0.02926 0.1926 0.1239 0.0700 0.0567 0.0435     0    0
   7955   0.03945 0.2053 0.1515 0.1190 0.0728 0.0532     0    0
   7965   0.03206 0.1971 0.0998 0.0768 0.0698 0.0507     0    0
   7975   0.03010 0.1947 0.1441 0.1125 0.0836 0.0660     0    0
   7985   0.04074 0.2810 0.1845 0.1189 0.0744 0.0616     0    0
   7995   0.04134 0.2035 0.1362 0.1012 0.0755 0.0573     0    0
   8005   0.02575 0.2268 0.1289 0.0715 0.0543 0.0474     0    0
   8015   0.03530 0.2586 0.1354 0.1002 0.0613 0.0506     0    0
   8025   0.03121 0.2579 0.1493 0.0996 0.0747 0.0491     0    0
   8035   0.03277 0.1881 0.1185 0.0860 0.0617 0.0470     0    0
   8045   0.03678 0.2090 0.1332 0.0863 0.0699 0.0564     0    0
   8055   0.03019 0.1767 0.1235 0.0751 0.0558 0.0474     0    0
   8065   0.01324 0.2908 0.1538 0.0976 0.0806 0.0454     0    0
   8075   0.03490 0.1825 0.1316 0.0923 0.0735 0.0587     0    0
   8085   0.03325 0.1518 0.0949 0.0681 0.0553 0.0447     0    0
   8095   0.03001 0.2825 0.1314 0.0980 0.0581 0.0449     0    0
   8105   0.04829 0.2642 0.1447 0.1051 0.0797 0.0614     0    0
   8115   0.02847 0.2093 0.1266 0.0816 0.0611 0.0471     1    1
   8125   0.02705 0.1675 0.1076 0.0701 0.0598 0.0452     1    1
   8135   0.04583 0.2030 0.1793 0.1070 0.0878 0.0659     0    0
   8145   0.01027 0.1982 0.1318 0.0912 0.0574 0.0412     3    2
   8155   0.03462 0.2575 0.1669 0.1213 0.0827 0.0607     1    1
   8165   0.03087 0.2784 0.1870 0.0964 0.0715 0.0586     1    1
   8175   0.04568 0.2277 0.1284 0.0925 0.0669 0.0507     0    0
   8185   0.03364 0.1779 0.1256 0.0790 0.0608 0.0490     1    1
   8195   0.04222 0.2101 0.1129 0.0932 0.0715 0.0607     0    0
   8205   0.03279 0.1979 0.1387 0.0907 0.0709 0.0542     0    0
   8215   0.04212 0.3298 0.2171 0.1314 0.0866 0.0598     0    0
   8225   0.03010 0.2333 0.1172 0.0820 0.0624 0.0433     0    0
   8235   0.01486 0.1829 0.1239 0.0864 0.0683 0.0348     0    0
   8245   0.02993 0.2688 0.1489 0.0876 0.0721 0.0500     0    0
   8255   0.02654 0.1820 0.1242 0.0911 0.0739 0.0597     0    0
   8265   0.04387 0.1857 0.1156 0.0777 0.0661 0.0564     0    0
   8275   0.03641 0.2316 0.1241 0.0905 0.0605 0.0556     0    0
   8285   0.01723 0.1694 0.1378 0.0848 0.0655 0.0424     1    1
   8295   0.03434 0.2192 0.1290 0.0836 0.0630 0.0529     0    0
   8305   0.03762 0.2299 0.1242 0.0968 0.0713 0.0549     0    0
   8315   0.02991 0.1756 0.1218 0.0899 0.0635 0.0460     1    1
   8325   0.02387 0.2001 0.1101 0.0704 0.0551 0.0397     0    0
   8335   0.01934 0.2975 0.1394 0.0891 0.0698 0.0484     0    0
   8345   0.02613 0.3057 0.1507 0.1069 0.0781 0.0504     0    0
   8355   0.03122 0.1904 0.1224 0.0932 0.0664 0.0525     0    0
   8365   0.04078 0.1910 0.1442 0.0905 0.0771 0.0622     0    0
   8375   0.01729 0.2062 0.0966 0.0704 0.0591 0.0504     0    0
   8385   0.02920 0.1757 0.1201 0.0932 0.0635 0.0549     0    0
   8395   0.04672 0.3906 0.2020 0.1223 0.0781 0.0589     0    0
   8405   0.04017 0.2251 0.1087 0.0788 0.0545 0.0480     0    0
   8415   0.03346 0.1939 0.1528 0.0859 0.0587 0.0437     0    0
   8425   0.03317 0.2175 0.1389 0.0978 0.0878 0.0651     1    1
   8435   0.03530 0.2116 0.1625 0.0989 0.0665 0.0503     0    0
   8445   0.02893 0.2625 0.1543 0.1158 0.0822 0.0560     0    0
   8455   0.02353 0.2348 0.1442 0.1076 0.0609 0.0479     0    0
   8465   0.03316 0.2409 0.1297 0.0888 0.0713 0.0551     0    0
   8475   0.03579 0.2390 0.1658 0.1195 0.0666 0.0484     0    0
   8485   0.03884 0.2798 0.1590 0.1056 0.0780 0.0557     0    0
   8495   0.04307 0.2711 0.1393 0.1162 0.0775 0.0583     0    0
   8505   0.02668 0.2091 0.1139 0.0832 0.0668 0.0461     0    0
   8515   0.04558 0.3101 0.1921 0.1447 0.1080 0.0720     1    1
   8525   0.02822 0.1657 0.1426 0.0876 0.0643 0.0507     0    0
   8535   0.02849 0.2053 0.1256 0.0829 0.0690 0.0542     0    0
   8545   0.03731 0.2008 0.1355 0.0967 0.0662 0.0509     0    0
   8555   0.03576 0.2175 0.1218 0.0991 0.0581 0.0415     0    0
   8565   0.02734 0.2204 0.1317 0.0879 0.0574 0.0387     0    0
   8575   0.02513 0.2494 0.1748 0.0907 0.0726 0.0598     1    1
   8585   0.04352 0.1570 0.1435 0.0838 0.0681 0.0519     0    0
   8595   0.02169 0.2533 0.1457 0.0990 0.0798 0.0528     0    0
   8605   0.02704 0.1707 0.1063 0.0849 0.0610 0.0470     0    0
   8615   0.03293 0.1475 0.1034 0.0709 0.0534 0.0431     0    0
   8625   0.03518 0.1807 0.1212 0.0867 0.0694 0.0526     0    0
   8635   0.02485 0.2316 0.1358 0.0863 0.0744 0.0486     0    0
   8645   0.04086 0.2604 0.1463 0.0947 0.0754 0.0544     0    0
   8655   0.02210 0.2245 0.1341 0.0984 0.0597 0.0482     0    0
   8665   0.04473 0.3485 0.1809 0.1127 0.0870 0.0700     2    1
   8675   0.03747 0.1670 0.1090 0.0813 0.0580 0.0434     0    0
   8685   0.03056 0.2358 0.1829 0.1360 0.0787 0.0493     0    0
   8695   0.02685 0.1914 0.1135 0.0961 0.0736 0.0504     0    0
   8705   0.04365 0.2797 0.1710 0.1145 0.0861 0.0689     4    2
   8715   0.04303 0.2539 0.1488 0.0946 0.0712 0.0640     0    0
   8725   0.03081 0.1781 0.1057 0.0745 0.0545 0.0491     1    1
   8735   0.04225 0.2561 0.1542 0.1227 0.0854 0.0634     0    0
   8745   0.02414 0.2467 0.1294 0.0904 0.0716 0.0483     1    1
   8755   0.04672 0.2174 0.1333 0.1102 0.0759 0.0658     0    0
   8765   0.03645 0.2174 0.1259 0.0842 0.0662 0.0544     0    0
   8775   0.03114 0.2636 0.1706 0.0971 0.0796 0.0535     0    0
   8785   0.04018 0.1610 0.1316 0.0942 0.0740 0.0653     0    0
   8795   0.04082 0.3438 0.1868 0.1235 0.0955 0.0676     0    0
   8805   0.04253 0.2108 0.1618 0.1161 0.0936 0.0771     0    0
   8815   0.04144 0.1924 0.1543 0.0892 0.0662 0.0534     1    1
   8825   0.02681 0.2287 0.1523 0.1047 0.0832 0.0664     0    0
   8835   0.03042 0.2004 0.1139 0.0643 0.0598 0.0450     0    0
   8845   0.04160 0.2336 0.1500 0.1060 0.0770 0.0666     0    0
   8855   0.03873 0.2407 0.1542 0.0825 0.0632 0.0458     0    0
   8865   0.02420 0.2081 0.1113 0.0832 0.0560 0.0461     0    0
   8875   0.03136 0.2248 0.1681 0.1063 0.0809 0.0590     0    0
   8885   0.03369 0.1877 0.1487 0.1101 0.0714 0.0566     0    0
   8895   0.03174 0.3526 0.2170 0.1237 0.0731 0.0621     0    0
   8905   0.03531 0.2552 0.1457 0.0845 0.0733 0.0563     0    0
   8915   0.04333 0.2335 0.1256 0.1020 0.0761 0.0602     0    0
   8925   0.03631 0.2550 0.1402 0.1251 0.0654 0.0526     0    0
   8935   0.04989 0.3122 0.1624 0.1133 0.0812 0.0680     1    1
   8945   0.02288 0.1700 0.1150 0.0825 0.0534 0.0410     0    0
   8955   0.02212 0.2443 0.1288 0.0823 0.0550 0.0480     0    0
   8965   0.03263 0.2112 0.1507 0.0831 0.0643 0.0566     0    0
   8975   0.02960 0.1927 0.1545 0.0786 0.0638 0.0517     0    0
   8985   0.03999 0.2490 0.1518 0.1213 0.0703 0.0582     0    0
   8995   0.03022 0.2330 0.1797 0.1107 0.0804 0.0529     0    0
   9005   0.02701 0.1745 0.1194 0.0933 0.0609 0.0445     0    0
   9015   0.02239 0.2204 0.1345 0.1040 0.0789 0.0496     1    1
   9025   0.03001 0.2487 0.1392 0.0903 0.0755 0.0611     0    0
   9035   0.02305 0.2789 0.1874 0.1255 0.0917 0.0621     0    0
   9045   0.03118 0.2786 0.1416 0.0915 0.0677 0.0492     1    1
   9055   0.02118 0.1856 0.1116 0.0742 0.0572 0.0299     0    0
   9065   0.03332 0.2447 0.1465 0.0993 0.0717 0.0415     0    0
   9075   0.02866 0.2168 0.1206 0.0741 0.0613 0.0456     2    2
   9085   0.04047 0.2162 0.1456 0.1002 0.0690 0.0583     0    0
   9095   0.03258 0.2282 0.1334 0.0832 0.0649 0.0563     0    0
   9105   0.02657 0.2352 0.1349 0.0865 0.0686 0.0515     0    0
   9115   0.03666 0.2065 0.1401 0.0808 0.0657 0.0603     0    0
   9125   0.03376 0.2481 0.1227 0.0762 0.0710 0.0446     0    0
   9135   0.04916 0.3089 0.1890 0.1252 0.0999 0.0693     0    0
   9145   0.03867 0.2156 0.1261 0.0876 0.0661 0.0553     1    1
   9155   0.04413 0.2789 0.1698 0.1034 0.0765 0.0592     0    0
   9165   0.03072 0.1542 0.0965 0.0798 0.0597 0.0482     1    1
   9175   0.02261 0.2386 0.1374 0.0786 0.0599 0.0443     1    1
   9185   0.03154 0.2841 0.1903 0.1085 0.0734 0.0563     0    0
   9195   0.04109 0.2192 0.1390 0.0977 0.0783 0.0586     1    1
   9205   0.03576 0.2840 0.1668 0.1213 0.0859 0.0646     2    2
   9215   0.02417 0.2001 0.1270 0.0831 0.0515 0.0341     0    0
   9225   0.03801 0.1969 0.1017 0.0898 0.0766 0.0496     0    0
   9235   0.04980 0.1612 0.1050 0.0791 0.0645 0.0560     1    1
   9245   0.03829 0.2719 0.1442 0.1059 0.0674 0.0598     0    0
   9255   0.03809 0.1750 0.1366 0.0879 0.0601 0.0461     0    0
   9265   0.02868 0.2280 0.1937 0.1188 0.0756 0.0553     0    0
   9275   0.03813 0.3029 0.1837 0.1347 0.0754 0.0575     0    0
   9285   0.03519 0.2534 0.1916 0.1191 0.0786 0.0509     0    0
   9295   0.02364 0.2433 0.1573 0.1040 0.0700 0.0398     0    0
   9305   0.04654 0.3922 0.2293 0.1507 0.0981 0.0667     0    0
   9315   0.02874 0.2806 0.1633 0.0963 0.0710 0.0413     0    0
   9325   0.02742 0.3554 0.2067 0.1208 0.0809 0.0646     0    0
   9335   0.03030 0.1814 0.1071 0.0808 0.0626 0.0533     0    0
   9345   0.03650 0.1943 0.1251 0.1049 0.0802 0.0590     0    0
   9355   0.05519 0.2513 0.1583 0.1233 0.0933 0.0766     0    0
   9365   0.02164 0.2991 0.2102 0.1378 0.0784 0.0495     0    0
   9375   0.03429 0.1881 0.1073 0.0909 0.0785 0.0574     0    0
   9385   0.02326 0.2126 0.1327 0.1094 0.0687 0.0592     0    0
   9395   0.02945 0.1487 0.1082 0.0854 0.0655 0.0466     0    0
   9405   0.02982 0.2042 0.1165 0.0868 0.0646 0.0496     0    0
   9415   0.03819 0.1796 0.1086 0.0776 0.0677 0.0559     0    0
   9425   0.03172 0.2468 0.1407 0.1062 0.0775 0.0539     0    0
   9435   0.02399 0.2763 0.1895 0.0996 0.0763 0.0607     0    0
   9445   0.03869 0.1871 0.1388 0.0810 0.0701 0.0570     0    0
   9455   0.03007 0.2057 0.1571 0.0920 0.0602 0.0520     1    1
   9465   0.03525 0.2304 0.1736 0.1149 0.0687 0.0543     0    0
   9475   0.03499 0.2684 0.1772 0.1077 0.0669 0.0522     0    0
   9485   0.04012 0.2131 0.1312 0.0901 0.0741 0.0569     0    0
   9495   0.03419 0.1872 0.1119 0.0796 0.0605 0.0462     0    0
   9505   0.02196 0.1631 0.1069 0.0765 0.0557 0.0452     0    0
   9515   0.04562 0.3142 0.1758 0.1247 0.0806 0.0681     0    0
   9525   0.04055 0.1937 0.1243 0.0806 0.0696 0.0542     0    0
   9535   0.03118 0.1511 0.1134 0.0802 0.0668 0.0521     0    0
   9545   0.02906 0.3418 0.1709 0.1269 0.0911 0.0377     0    0
   9555   0.02267 0.2046 0.0950 0.0589 0.0513 0.0439     0    0
   9565   0.03029 0.1651 0.0994 0.0718 0.0559 0.0441     1    1
   9575   0.05410 0.2378 0.1769 0.1144 0.0892 0.0757     0    0
   9585   0.03733 0.2061 0.1165 0.0823 0.0684 0.0504     0    0
   9595   0.03372 0.2686 0.1659 0.1112 0.0698 0.0634     0    0
   9605   0.02965 0.1947 0.1523 0.1112 0.0860 0.0548     0    0
   9615   0.03288 0.1962 0.1026 0.0803 0.0631 0.0522     0    0
   9625   0.03016 0.2907 0.1529 0.0978 0.0693 0.0575     1    1
   9635   0.03183 0.1638 0.1174 0.0783 0.0535 0.0463     0    0
   9645   0.02953 0.2393 0.1327 0.1161 0.0646 0.0471     0    0
   9655   0.04003 0.2629 0.1454 0.0981 0.0721 0.0577     0    0
   9665   0.02918 0.2941 0.1793 0.0850 0.0542 0.0490     0    0
   9675   0.03490 0.1828 0.1220 0.0978 0.0690 0.0495     0    0
   9685   0.03118 0.1798 0.1270 0.0861 0.0685 0.0566     0    0
   9695   0.03063 0.2163 0.1481 0.1006 0.0719 0.0544     0    0
   9705   0.03547 0.2485 0.1799 0.1008 0.0705 0.0638     0    0
   9715   0.04203 0.3238 0.2136 0.1277 0.1246 0.0513     0    0
   9725   0.03931 0.1883 0.1506 0.0998 0.0759 0.0542     0    0
   9735   0.03231 0.2017 0.1355 0.0820 0.0642 0.0543     0    0
   9745   0.03565 0.2791 0.2331 0.1456 0.1175 0.0528     2    2
   9755   0.02741 0.2173 0.1371 0.0777 0.0678 0.0555     0    0
   9765   0.02653 0.2354 0.1279 0.0941 0.0717 0.0589     0    0
   9775   0.04094 0.2377 0.1237 0.0825 0.0714 0.0501     0    0
   9785   0.03366 0.2219 0.1392 0.0976 0.0711 0.0434     1    1
   9795   0.03124 0.2382 0.1426 0.0928 0.0714 0.0577     0    0
   9805   0.02549 0.2303 0.1426 0.1045 0.0734 0.0532     0    0
   9815   0.02020 0.2468 0.1307 0.1027 0.0700 0.0469     1    1
   9825   0.04460 0.2549 0.1542 0.1100 0.0795 0.0581     0    0
   9835   0.02707 0.1819 0.1186 0.0723 0.0567 0.0500     0    0
   9845   0.02817 0.1510 0.1269 0.0724 0.0631 0.0516     0    0
   9855   0.04472 0.1925 0.1383 0.0993 0.0770 0.0615     0    0
   9865   0.02474 0.2588 0.1644 0.1060 0.0820 0.0600     0    0
   9875   0.01345 0.2704 0.1753 0.1362 0.0791 0.0539     0    0
   9885   0.02741 0.1915 0.1123 0.0752 0.0556 0.0424     0    0
   9895   0.03486 0.1942 0.1277 0.0762 0.0665 0.0565     0    0
   9905   0.03019 0.1839 0.1231 0.0834 0.0577 0.0507     1    1
   9915   0.03181 0.2076 0.1377 0.1024 0.0582 0.0430     0    0
   9925   0.03657 0.2105 0.1539 0.1016 0.0704 0.0496     0    0
   9935   0.01845 0.2045 0.1368 0.0888 0.0656 0.0551     1    1
   9945   0.02994 0.3949 0.2919 0.1698 0.1108 0.0551     1    1
   9955   0.03685 0.2946 0.1661 0.1271 0.0984 0.0752     1    1
   9965   0.03238 0.2871 0.1577 0.0988 0.0750 0.0579     1    1
   9975   0.04735 0.2619 0.1852 0.0947 0.0746 0.0602     0    0
   9985   0.04420 0.2742 0.1572 0.0881 0.0712 0.0692     0    0
   9995   0.04511 0.2415 0.1543 0.1199 0.0730 0.0638     0    0
# 1000 lambda in 794s -> broad_w_400_s2.json
