MODE=w J=400 R=200 lambda = 1..9999 step 10 (odd only)
    lam  Lam_long b8     b16    b32    b64    b128    pre6  dbr
      1   0.02087 0.1721 0.1198 0.0783 0.0623 0.0447     0    0
     11   0.03536 0.2244 0.1804 0.0949 0.0753 0.0537     0    0
     21   0.03175 0.1741 0.1428 0.0957 0.0743 0.0507     1    1
     31   0.02804 0.2210 0.1410 0.0983 0.0652 0.0463     1    1
     41   0.02405 0.2269 0.1285 0.0877 0.0727 0.0442     0    0
     51   0.04070 0.1954 0.1206 0.1080 0.0745 0.0564     0    0
     61   0.03358 0.1899 0.1027 0.0733 0.0559 0.0470     0    0
     71   0.03347 0.2157 0.1165 0.0797 0.0636 0.0558     0    0
     81   0.03191 0.1514 0.1199 0.0771 0.0599 0.0434     1    1
     91   0.04446 0.3358 0.2009 0.1368 0.0880 0.0718     0    0
    101   0.03116 0.1548 0.1244 0.0988 0.0712 0.0434     0    0
    111   0.03753 0.2422 0.1568 0.0861 0.0702 0.0513     0    0
    121   0.03282 0.2291 0.1382 0.0853 0.0604 0.0477     0    0
    131   0.03183 0.2167 0.1237 0.0942 0.0668 0.0558     0    0
    141   0.02678 0.2471 0.1723 0.1088 0.0749 0.0550     0    0
    151   0.04089 0.1468 0.1123 0.0918 0.0666 0.0469     0    0
    161   0.03652 0.2362 0.1709 0.1074 0.0703 0.0557     0    0
    171   0.02616 0.1583 0.0950 0.0816 0.0590 0.0503     0    0
    181   0.01799 0.2630 0.1356 0.0840 0.0608 0.0495     1    1
    191   0.03616 0.2121 0.1246 0.0736 0.0625 0.0515     2    1
    201   0.02613 0.1829 0.1109 0.0703 0.0616 0.0454     1    1
    211   0.02780 0.2730 0.1452 0.1213 0.0655 0.0519     0    0
    221   0.03821 0.2228 0.1361 0.0873 0.0789 0.0656     0    0
    231   0.03655 0.2087 0.1422 0.1011 0.0713 0.0522     0    0
    241   0.03196 0.1746 0.1139 0.0814 0.0609 0.0458     0    0
    251   0.03598 0.3595 0.2327 0.1639 0.0989 0.0445     0    0
    261   0.02668 0.2112 0.1521 0.1013 0.0889 0.0468     0    0
    271   0.03436 0.2420 0.1546 0.1136 0.0817 0.0566     0    0
    281   0.03440 0.1556 0.1073 0.0665 0.0567 0.0427     0    0
    291   0.03035 0.2141 0.1384 0.0935 0.0689 0.0457     0    0
    301   0.03623 0.2002 0.1113 0.0770 0.0640 0.0525     0    0
    311   0.02805 0.1910 0.1518 0.0840 0.0681 0.0552     0    0
    321   0.03724 0.3068 0.1971 0.1253 0.0902 0.0604     0    0
    331   0.02288 0.2259 0.1883 0.1015 0.0804 0.0562     0    0
    341   0.03201 0.2035 0.1594 0.1094 0.0738 0.0471     0    0
    351   0.03484 0.2438 0.1482 0.0949 0.0752 0.0580     0    0
    361   0.03735 0.3761 0.2310 0.1228 0.0789 0.0518     0    0
    371   0.03599 0.1935 0.1436 0.0929 0.0738 0.0559     0    0
    381   0.03372 0.1960 0.1393 0.0888 0.0625 0.0483     0    0
    391   0.03606 0.2743 0.1726 0.0921 0.0625 0.0536     0    0
    401   0.03095 0.2101 0.1069 0.0819 0.0613 0.0540     0    0
    411   0.01800 0.2439 0.1394 0.0882 0.0608 0.0437     0    0
    421   0.03272 0.2758 0.1470 0.1057 0.0672 0.0518     0    0
    431   0.04204 0.2461 0.1409 0.1042 0.0682 0.0575     0    0
    441   0.02981 0.2285 0.1423 0.0971 0.0688 0.0530     1    1
    451   0.03789 0.2618 0.1293 0.0978 0.0782 0.0622     0    0
    461   0.03036 0.2555 0.1318 0.0836 0.0643 0.0459     0    0
    471   0.02570 0.1587 0.1012 0.0761 0.0579 0.0433     0    0
    481   0.02761 0.1953 0.1295 0.0806 0.0643 0.0510     0    0
    491   0.02685 0.2084 0.1276 0.1015 0.0877 0.0510     0    0
    501   0.03308 0.2775 0.1414 0.1123 0.0907 0.0492     2    1
    511   0.02984 0.2659 0.1655 0.1049 0.0864 0.0602     0    0
    521   0.03028 0.2419 0.1479 0.0816 0.0609 0.0516     1    1
    531   0.04049 0.1961 0.1332 0.0894 0.0680 0.0556     0    0
    541   0.03497 0.2719 0.1840 0.1167 0.0696 0.0442     0    0
    551   0.04188 0.2818 0.1546 0.1008 0.0746 0.0541     0    0
    561   0.04589 0.2181 0.1711 0.1180 0.0889 0.0638     0    0
    571   0.03315 0.3098 0.1867 0.1064 0.0684 0.0476     3    2
    581   0.05495 0.3136 0.1759 0.1025 0.0881 0.0679     0    0
    591   0.04003 0.2672 0.1240 0.1027 0.0624 0.0526     0    0
    601   0.02845 0.2628 0.1493 0.0958 0.0737 0.0486     0    0
    611   0.06651 0.2567 0.1310 0.1064 0.0751 0.0711     1    1
    621   0.04124 0.1814 0.1254 0.0846 0.0747 0.0580     0    0
    631   0.03964 0.2393 0.1734 0.1272 0.0809 0.0592     1    1
    641   0.04552 0.1999 0.1404 0.0973 0.0698 0.0602     0    0
    651   0.02818 0.2525 0.1619 0.0988 0.0838 0.0614     0    0
    661   0.03523 0.1663 0.1306 0.0820 0.0681 0.0492     0    0
    671   0.03646 0.1638 0.1098 0.0747 0.0567 0.0521     0    0
    681   0.04439 0.2435 0.1494 0.0853 0.0731 0.0626     0    0
    691   0.03129 0.2464 0.1535 0.1144 0.0767 0.0613     1    1
    701   0.03701 0.2465 0.1544 0.1112 0.0827 0.0615     1    1
    711   0.02844 0.2072 0.1289 0.0828 0.0634 0.0467     0    0
    721   0.02927 0.1521 0.0981 0.0786 0.0571 0.0459     0    0
    731   0.04731 0.1937 0.1482 0.0919 0.0695 0.0581     0    0
    741   0.02630 0.2553 0.1855 0.1025 0.0900 0.0591     0    0
    751   0.02774 0.2028 0.1352 0.0873 0.0673 0.0511     0    0
    761   0.02860 0.2174 0.1288 0.0880 0.0656 0.0531     0    0
    771   0.02614 0.1956 0.1362 0.0620 0.0446 0.0404     0    0
    781   0.04232 0.2455 0.1811 0.1224 0.0863 0.0753     0    0
    791   0.02621 0.1813 0.1152 0.0866 0.0653 0.0568     0    0
    801   0.03267 0.1695 0.1166 0.0773 0.0586 0.0399     1    1
    811   0.03390 0.2534 0.1368 0.0909 0.0637 0.0484     1    1
    821   0.02877 0.1607 0.1016 0.0611 0.0526 0.0440     0    0
    831   0.04485 0.2308 0.1328 0.0956 0.0720 0.0540     0    0
    841   0.03449 0.1900 0.1260 0.0799 0.0621 0.0502     0    0
    851   0.03082 0.2405 0.1751 0.1079 0.0888 0.0714     1    1
    861   0.01888 0.2076 0.1126 0.0853 0.0526 0.0428     0    0
    871   0.03928 0.2476 0.1252 0.0825 0.0653 0.0535     0    0
    881   0.03540 0.2290 0.1429 0.0935 0.0689 0.0564     0    0
    891   0.03471 0.2351 0.1857 0.0987 0.0781 0.0550     0    0
    901   0.03354 0.2288 0.1372 0.0810 0.0629 0.0548     0    0
    911   0.03316 0.2346 0.1615 0.1136 0.0844 0.0586     0    0
    921   0.02852 0.1574 0.1216 0.0834 0.0622 0.0459     1    1
    931   0.02690 0.2716 0.1467 0.1083 0.0681 0.0554     0    0
    941   0.03072 0.2082 0.1225 0.0853 0.0616 0.0485     0    0
    951   0.02597 0.2564 0.1657 0.1021 0.0770 0.0525     0    0
    961   0.02747 0.2333 0.1257 0.0862 0.0609 0.0392     0    0
    971   0.03717 0.1690 0.1360 0.0874 0.0709 0.0534     0    0
    981   0.02750 0.2228 0.1301 0.0843 0.0629 0.0440     1    1
    991   0.02593 0.2376 0.1212 0.0876 0.0612 0.0463     1    1
   1001   0.02970 0.2279 0.1538 0.0939 0.0726 0.0520     1    1
   1011   0.02986 0.2084 0.1499 0.1078 0.0752 0.0485     0    0
   1021   0.03301 0.2117 0.1314 0.0867 0.0704 0.0544     0    0
   1031   0.03960 0.2375 0.1879 0.1018 0.0775 0.0503     0    0
   1041   0.04358 0.2664 0.1284 0.0993 0.0652 0.0584     1    1
   1051   0.03579 0.2485 0.1287 0.0869 0.0666 0.0456     1    1
   1061   0.03383 0.1807 0.1078 0.0910 0.0712 0.0543     1    1
   1071   0.02294 0.2100 0.1558 0.1032 0.0705 0.0576     1    1
   1081   0.02717 0.2737 0.1289 0.0887 0.0643 0.0537     1    1
   1091   0.02717 0.2528 0.1807 0.1092 0.0761 0.0531     0    0
   1101   0.04760 0.2352 0.1668 0.1227 0.0869 0.0688     0    0
   1111   0.04149 0.2352 0.1324 0.0973 0.0751 0.0575     0    0
   1121   0.03200 0.1684 0.1142 0.0713 0.0675 0.0489     0    0
   1131   0.02254 0.3789 0.2059 0.0908 0.0683 0.0521     0    0
   1141   0.03578 0.2160 0.1334 0.1016 0.0747 0.0583     0    0
   1151   0.03788 0.1854 0.1324 0.0862 0.0710 0.0537     0    0
   1161   0.02720 0.2847 0.1850 0.1031 0.0809 0.0531     0    0
   1171   0.03770 0.1833 0.1276 0.0867 0.0712 0.0595     1    1
   1181   0.03063 0.2216 0.1395 0.0746 0.0615 0.0488     0    0
   1191   0.03230 0.2300 0.1174 0.0971 0.0755 0.0497     0    0
   1201   0.03585 0.2276 0.1517 0.0993 0.0764 0.0556     0    0
   1211   0.03016 0.1488 0.1193 0.0972 0.0617 0.0437     0    0
   1221   0.02541 0.2202 0.1591 0.1267 0.0702 0.0424     0    0
   1231   0.03293 0.2681 0.1506 0.1020 0.0700 0.0628     0    0
   1241   0.03426 0.2048 0.1215 0.0752 0.0622 0.0458     1    1
   1251   0.03081 0.3648 0.2045 0.1604 0.1007 0.0709     0    0
   1261   0.02272 0.1619 0.1267 0.0912 0.0529 0.0374     0    0
   1271   0.03321 0.2533 0.1465 0.0998 0.0658 0.0539     0    0
   1281   0.03692 0.2821 0.1896 0.1194 0.0959 0.0677     0    0
   1291   0.02120 0.2030 0.1605 0.0699 0.0538 0.0397     0    0
   1301   0.03448 0.2724 0.1308 0.1003 0.0688 0.0631     0    0
   1311   0.02783 0.1653 0.1120 0.0816 0.0694 0.0482     0    0
   1321   0.03931 0.2355 0.1440 0.1034 0.0680 0.0485     0    0
   1331   0.04630 0.2240 0.1540 0.0989 0.0743 0.0593     1    1
   1341   0.04030 0.2707 0.1585 0.0875 0.0733 0.0538     0    0
   1351   0.05759 0.3005 0.2339 0.1588 0.1052 0.0734     0    0
   1361   0.02673 0.2164 0.1190 0.0917 0.0636 0.0450     0    0
   1371   0.02818 0.1671 0.1147 0.0743 0.0561 0.0491     0    0
   1381   0.02696 0.1698 0.1262 0.0894 0.0665 0.0558     0    0
   1391   0.03412 0.3128 0.2052 0.1503 0.0900 0.0584     0    0
   1401   0.04281 0.2239 0.2067 0.1147 0.0846 0.0632     0    0
   1411   0.04368 0.3533 0.1986 0.1263 0.0761 0.0571     0    0
   1421   0.04189 0.2232 0.1355 0.0987 0.0721 0.0587     0    0
   1431   0.03953 0.2448 0.1435 0.0951 0.0729 0.0601     0    0
   1441   0.03771 0.2859 0.1637 0.1400 0.0753 0.0638     0    0
   1451   0.03022 0.1933 0.1413 0.1048 0.0858 0.0613     0    0
   1461   0.02830 0.1534 0.1144 0.0806 0.0557 0.0504     0    0
   1471   0.01747 0.2701 0.1536 0.0907 0.0824 0.0563     0    0
   1481   0.04566 0.2066 0.1211 0.0892 0.0778 0.0597     0    0
   1491   0.03707 0.2565 0.1694 0.1142 0.0849 0.0554     0    0
   1501   0.04072 0.2054 0.1698 0.1044 0.0813 0.0525     0    0
   1511   0.03901 0.2634 0.1541 0.0967 0.0776 0.0632     0    0
   1521   0.04019 0.2469 0.1497 0.1145 0.0667 0.0551     0    0
   1531   0.02532 0.2248 0.1129 0.0807 0.0583 0.0503     0    0
   1541   0.02121 0.1565 0.1292 0.0917 0.0643 0.0461     0    0
   1551   0.03762 0.1975 0.1410 0.0845 0.0624 0.0470     0    0
   1561   0.02980 0.2314 0.1348 0.0935 0.0699 0.0534     1    1
   1571   0.04726 0.3038 0.1741 0.1217 0.0920 0.0653     0    0
   1581   0.02752 0.1257 0.0896 0.0732 0.0521 0.0454     0    0
   1591   0.04119 0.2777 0.1739 0.1053 0.0782 0.0672     0    0
   1601   0.03193 0.1947 0.1257 0.0754 0.0558 0.0440     0    0
   1611   0.04385 0.1839 0.1224 0.0793 0.0590 0.0496     1    1
   1621   0.04321 0.2068 0.1323 0.0930 0.0614 0.0506     0    0
   1631   0.03260 0.2785 0.1377 0.0858 0.0604 0.0534     0    0
   1641   0.03847 0.2320 0.1466 0.1033 0.0716 0.0500     0    0
   1651   0.03290 0.1597 0.1209 0.0924 0.0821 0.0531     1    1
   1661   0.03453 0.2108 0.1146 0.0850 0.0702 0.0531     0    0
   1671   0.01698 0.3896 0.1936 0.1145 0.0868 0.0344     0    0
   1681   0.03639 0.1884 0.1282 0.0815 0.0680 0.0480     0    0
   1691   0.02177 0.2307 0.1540 0.0933 0.0631 0.0477     0    0
   1701   0.02888 0.1744 0.1429 0.1050 0.0744 0.0501     0    0
   1711   0.03776 0.1746 0.1055 0.0913 0.0695 0.0566     0    0
   1721   0.02474 0.2269 0.1625 0.1125 0.0869 0.0637     1    1
   1731   0.02309 0.2498 0.1370 0.1070 0.0625 0.0572     0    0
   1741   0.04345 0.2618 0.1506 0.1121 0.0784 0.0686     0    0
   1751   0.04131 0.2319 0.1526 0.1026 0.0727 0.0641     0    0
   1761   0.05656 0.3139 0.2514 0.1758 0.1234 0.0818     0    0
   1771   0.02425 0.3016 0.1327 0.0909 0.0592 0.0463     0    0
   1781   0.03694 0.2493 0.1705 0.1226 0.0939 0.0525     0    0
   1791   0.02161 0.2635 0.1554 0.1011 0.0665 0.0422     0    0
   1801   0.04457 0.2255 0.1546 0.0922 0.0537 0.0453     0    0
   1811   0.03088 0.1605 0.1315 0.0786 0.0677 0.0486     0    0
   1821   0.02325 0.2201 0.1303 0.0833 0.0663 0.0419     1    1
   1831   0.03545 0.2069 0.1274 0.0813 0.0632 0.0525     0    0
   1841   0.03258 0.1875 0.1277 0.0850 0.0599 0.0562     0    0
   1851   0.02153 0.2030 0.1175 0.0924 0.0747 0.0529     0    0
   1861   0.04051 0.2390 0.1541 0.1018 0.0805 0.0544     0    0
   1871   0.04104 0.3288 0.2159 0.1437 0.0988 0.0749     0    0
   1881   0.03190 0.3325 0.1701 0.0914 0.0680 0.0532     0    0
   1891   0.03483 0.2461 0.1371 0.0951 0.0633 0.0516     0    0
   1901   0.04129 0.2057 0.1370 0.1044 0.0716 0.0637     0    0
   1911   0.02968 0.2327 0.1310 0.0846 0.0720 0.0563     0    0
   1921   0.03051 0.3158 0.1737 0.1209 0.0833 0.0560     1    1
   1931   0.04435 0.1857 0.1277 0.0972 0.0710 0.0622     0    0
   1941   0.03227 0.2002 0.1388 0.0939 0.0758 0.0577     0    0
   1951   0.02739 0.2546 0.1537 0.1011 0.0771 0.0393     0    0
   1961   0.02840 0.1568 0.1085 0.0862 0.0594 0.0504     0    0
   1971   0.03536 0.2143 0.1261 0.0999 0.0643 0.0508     0    0
   1981   0.02641 0.1788 0.1056 0.0847 0.0684 0.0443     0    0
   1991   0.02656 0.1987 0.1518 0.1140 0.0775 0.0523     1    1
   2001   0.04748 0.1570 0.1247 0.0845 0.0675 0.0552     0    0
   2011   0.03214 0.1845 0.1023 0.0723 0.0659 0.0511     0    0
   2021   0.03024 0.2499 0.1429 0.0880 0.0637 0.0501     1    1
   2031   0.03691 0.2057 0.1216 0.0946 0.0719 0.0520     1    1
   2041   0.02752 0.2882 0.2618 0.1251 0.0758 0.0459     0    0
   2051   0.02345 0.2048 0.1351 0.0956 0.0723 0.0546     0    0
   2061   0.04645 0.2046 0.1305 0.0871 0.0729 0.0616     0    0
   2071   0.03375 0.1930 0.1030 0.0792 0.0608 0.0540     0    0
   2081   0.03342 0.2394 0.1245 0.0874 0.0638 0.0467     0    0
   2091   0.02325 0.3118 0.1990 0.1252 0.0980 0.0526     0    0
   2101   0.03041 0.2014 0.1060 0.0768 0.0600 0.0437     0    0
   2111   0.02641 0.1871 0.1381 0.0769 0.0700 0.0518     0    0
   2121   0.03028 0.2508 0.1366 0.0891 0.0649 0.0493     1    1
   2131   0.04053 0.2081 0.1422 0.1022 0.0791 0.0625     1    1
   2141   0.03459 0.2343 0.1370 0.0937 0.0813 0.0480     0    0
   2151   0.02594 0.2983 0.2320 0.1191 0.0798 0.0548     0    0
   2161   0.03976 0.1997 0.1237 0.0903 0.0685 0.0499     0    0
   2171   0.02945 0.2326 0.1286 0.0777 0.0548 0.0460     0    0
   2181   0.02926 0.2059 0.1492 0.0872 0.0610 0.0441     0    0
   2191   0.03380 0.2069 0.1289 0.0835 0.0587 0.0487     0    0
   2201   0.03376 0.3181 0.1712 0.1046 0.0675 0.0471     0    0
   2211   0.03124 0.1986 0.1101 0.0881 0.0615 0.0480     0    0
   2221   0.03743 0.1684 0.1242 0.0723 0.0642 0.0540     0    0
   2231   0.02974 0.2902 0.1717 0.0990 0.0734 0.0542     0    0
   2241   0.04898 0.2218 0.1904 0.1150 0.0793 0.0619     1    1
   2251   0.04565 0.2196 0.1477 0.0952 0.0732 0.0593     0    0
   2261   0.04007 0.2572 0.1375 0.0890 0.0739 0.0495     1    1
   2271   0.02182 0.1969 0.1328 0.1055 0.0700 0.0505     0    0
   2281   0.03353 0.2105 0.1378 0.0750 0.0673 0.0624     0    0
   2291   0.02857 0.1876 0.1023 0.0725 0.0552 0.0468     0    0
   2301   0.03753 0.2005 0.1292 0.0920 0.0695 0.0557     0    0
   2311   0.02756 0.2204 0.1754 0.0965 0.0788 0.0558     1    1
   2321   0.03070 0.2543 0.1325 0.1056 0.0750 0.0512     0    0
   2331   0.02447 0.2044 0.1135 0.1075 0.0706 0.0429     2    2
   2341   0.03513 0.2216 0.1425 0.0892 0.0694 0.0631     0    0
   2351   0.03232 0.2035 0.1128 0.0790 0.0568 0.0440     0    0
   2361   0.03186 0.2466 0.1509 0.0855 0.0588 0.0496     0    0
   2371   0.04013 0.2414 0.1548 0.1248 0.0816 0.0605     1    1
   2381   0.03585 0.2811 0.2210 0.1265 0.0837 0.0648     0    0
   2391   0.03342 0.2842 0.1981 0.1133 0.0827 0.0538     1    1
   2401   0.03392 0.2922 0.1827 0.0982 0.0738 0.0532     0    0
   2411   0.03432 0.2104 0.1262 0.0947 0.0645 0.0577     0    0
   2421   0.04251 0.2290 0.1426 0.0863 0.0709 0.0546     0    0
   2431   0.03502 0.2307 0.1525 0.0891 0.0569 0.0462     0    0
   2441   0.04105 0.2214 0.1446 0.0972 0.0728 0.0549     0    0
   2451   0.04018 0.1981 0.1290 0.1024 0.0689 0.0585     1    1
   2461   0.03623 0.2186 0.1455 0.0911 0.0757 0.0502     0    0
   2471   0.03433 0.2201 0.1546 0.1064 0.0674 0.0618     0    0
   2481   0.02527 0.3412 0.1907 0.1238 0.0964 0.0700     0    0
   2491   0.02906 0.2248 0.1161 0.0943 0.0635 0.0561     1    1
   2501   0.01986 0.2446 0.1455 0.0934 0.0744 0.0498     0    0
   2511   0.03432 0.2308 0.1406 0.0978 0.0649 0.0430     0    0
   2521   0.02684 0.2197 0.1372 0.0810 0.0699 0.0440     0    0
   2531   0.02851 0.2184 0.1665 0.1127 0.0758 0.0658     0    0
   2541   0.04614 0.3329 0.1828 0.1084 0.0917 0.0723     0    0
   2551   0.03243 0.1822 0.1127 0.0722 0.0574 0.0454     0    0
   2561   0.04378 0.2730 0.1530 0.1051 0.0808 0.0671     0    0
   2571   0.03188 0.1980 0.1786 0.0991 0.0709 0.0485     0    0
   2581   0.03544 0.3103 0.1858 0.1068 0.0754 0.0604     1    1
   2591   0.01337 0.2135 0.1154 0.0732 0.0466 0.0317     0    0
   2601   0.03957 0.3106 0.1715 0.0960 0.0745 0.0625     1    1
   2611   0.02850 0.2556 0.1504 0.0979 0.0673 0.0594     0    0
   2621   0.03918 0.1736 0.1164 0.0782 0.0622 0.0533     0    0
   2631   0.03418 0.2645 0.1495 0.1163 0.0790 0.0675     1    1
   2641   0.03944 0.2037 0.1610 0.1184 0.0822 0.0554     0    0
   2651   0.03518 0.1622 0.1167 0.0831 0.0657 0.0578     0    0
   2661   0.03861 0.2425 0.1137 0.0857 0.0768 0.0609     1    1
   2671   0.02767 0.1670 0.0973 0.0731 0.0624 0.0497     0    0
   2681   0.03524 0.2798 0.1361 0.1088 0.0690 0.0594     0    0
   2691   0.04038 0.2388 0.1634 0.1168 0.0896 0.0628     0    0
   2701   0.02891 0.2487 0.1419 0.1020 0.0641 0.0494     0    0
   2711   0.01546 0.2643 0.1485 0.0986 0.0696 0.0501     0    0
   2721   0.04141 0.1835 0.1096 0.0807 0.0602 0.0482     0    0
   2731   0.02300 0.1994 0.1315 0.0897 0.0532 0.0415     0    0
   2741   0.02801 0.2360 0.1560 0.1020 0.0757 0.0493     2    1
   2751   0.04972 0.2444 0.1436 0.0930 0.0780 0.0577     0    0
   2761   0.03545 0.1905 0.1319 0.0976 0.0801 0.0535     0    0
   2771   0.03713 0.2880 0.1529 0.1151 0.0671 0.0619     0    0
   2781   0.03503 0.1627 0.1049 0.0774 0.0567 0.0498     0    0
   2791   0.02461 0.1803 0.0964 0.0631 0.0475 0.0412     0    0
   2801   0.03613 0.2082 0.1240 0.0863 0.0619 0.0574     1    1
   2811   0.03380 0.1547 0.1154 0.0822 0.0673 0.0468     0    0
   2821   0.03729 0.1752 0.1479 0.0781 0.0690 0.0555     0    0
   2831   0.02730 0.3639 0.1860 0.1255 0.0772 0.0401     0    0
   2841   0.03359 0.2164 0.1416 0.0967 0.0798 0.0549     0    0
   2851   0.03349 0.1934 0.1163 0.0827 0.0684 0.0530     0    0
   2861   0.03813 0.2051 0.1121 0.0755 0.0617 0.0517     0    0
   2871   0.02664 0.1595 0.0918 0.0692 0.0533 0.0387     0    0
   2881   0.03222 0.1893 0.1168 0.0927 0.0700 0.0484     0    0
   2891   0.03586 0.2089 0.1150 0.0865 0.0595 0.0513     0    0
   2901   0.03106 0.2064 0.1380 0.0945 0.0666 0.0597     0    0
   2911   0.03179 0.1945 0.1002 0.0733 0.0601 0.0478     0    0
   2921   0.03525 0.2311 0.1536 0.0968 0.0649 0.0497     0    0
   2931   0.03764 0.2738 0.1792 0.1168 0.0817 0.0569     0    0
   2941   0.04543 0.2858 0.1501 0.0966 0.0741 0.0507     0    0
   2951   0.04578 0.3753 0.1649 0.1256 0.0652 0.0576     1    1
   2961   0.02906 0.2718 0.1686 0.1111 0.0863 0.0506     0    0
   2971   0.03891 0.1827 0.1387 0.0819 0.0699 0.0557     0    0
   2981   0.02946 0.2597 0.1522 0.1148 0.0801 0.0587     0    0
   2991   0.04953 0.2128 0.1501 0.0914 0.0743 0.0615     1    1
   3001   0.04141 0.3031 0.1849 0.1160 0.0871 0.0652     0    0
   3011   0.03990 0.2419 0.1573 0.0948 0.0762 0.0577     0    0
   3021   0.03573 0.3096 0.2324 0.1102 0.0796 0.0679     0    0
   3031   0.04984 0.1935 0.1569 0.1037 0.0762 0.0660     0    0
   3041   0.04767 0.1965 0.1385 0.0895 0.0688 0.0590     1    1
   3051   0.02717 0.2187 0.1564 0.1025 0.0717 0.0667     0    0
   3061   0.02969 0.2066 0.1255 0.0873 0.0665 0.0540     0    0
   3071   0.03426 0.2098 0.1207 0.0774 0.0612 0.0450     0    0
   3081   0.03006 0.2336 0.1163 0.0743 0.0581 0.0437     0    0
   3091   0.04271 0.2585 0.1328 0.0958 0.0745 0.0697     0    0
   3101   0.03806 0.2731 0.1586 0.1040 0.0849 0.0564     0    0
   3111   0.03246 0.1753 0.1159 0.0949 0.0589 0.0475     0    0
   3121   0.03797 0.2067 0.1156 0.0794 0.0639 0.0511     0    0
   3131   0.02351 0.1827 0.1164 0.0747 0.0545 0.0443     0    0
   3141   0.05046 0.2568 0.2041 0.1174 0.0820 0.0679     0    0
   3151   0.03294 0.2293 0.1509 0.1074 0.0783 0.0588     0    0
   3161   0.03981 0.2281 0.1456 0.1072 0.0676 0.0488     0    0
   3171   0.03862 0.2302 0.1342 0.0814 0.0681 0.0567     0    0
   3181   0.02679 0.2298 0.1641 0.1004 0.0697 0.0513     3    2
   3191   0.03351 0.3163 0.1562 0.1038 0.0757 0.0602     0    0
   3201   0.04125 0.2879 0.1996 0.1190 0.0811 0.0609     0    0
   3211   0.05057 0.3066 0.1730 0.1090 0.0792 0.0634     1    1
   3221   0.03841 0.1640 0.1277 0.1077 0.0650 0.0593     0    0
   3231   0.03131 0.1497 0.1079 0.0756 0.0588 0.0487     0    0
   3241   0.02427 0.1945 0.1157 0.0755 0.0601 0.0412     1    1
   3251   0.02329 0.1770 0.1204 0.1024 0.0666 0.0433     0    0
   3261   0.02807 0.1589 0.1173 0.0915 0.0547 0.0425     0    0
   3271   0.03489 0.1971 0.1192 0.0900 0.0710 0.0533     1    1
   3281   0.03500 0.2871 0.1459 0.0896 0.0609 0.0481     0    0
   3291   0.02945 0.2444 0.1293 0.0956 0.0523 0.0431     0    0
   3301   0.04038 0.2496 0.1372 0.1044 0.0790 0.0559     0    0
   3311   0.02124 0.2618 0.1271 0.0858 0.0544 0.0393     0    0
   3321   0.03279 0.2287 0.1278 0.0880 0.0735 0.0393     0    0
   3331   0.04325 0.2302 0.1169 0.0867 0.0718 0.0486     0    0
   3341   0.03346 0.2987 0.1623 0.1113 0.0933 0.0639     1    1
   3351   0.03233 0.2563 0.1462 0.1025 0.0833 0.0568     0    0
   3361   0.02580 0.2063 0.1629 0.1154 0.0796 0.0451     0    0
   3371   0.03446 0.2719 0.1657 0.1051 0.0740 0.0549     0    0
   3381   0.03112 0.2303 0.1143 0.1065 0.0687 0.0568     0    0
   3391   0.02613 0.2702 0.1813 0.1144 0.0865 0.0541     1    1
   3401   0.02688 0.1515 0.0915 0.0756 0.0525 0.0439     0    0
   3411   0.03657 0.1640 0.1078 0.0795 0.0622 0.0524     0    0
   3421   0.01544 0.4680 0.2367 0.1442 0.0909 0.0742     0    0
   3431   0.03131 0.2613 0.1459 0.1076 0.0755 0.0532     1    1
   3441   0.03724 0.2960 0.1764 0.1262 0.0983 0.0736     0    0
   3451   0.03936 0.1781 0.1214 0.0811 0.0607 0.0550     0    0
   3461   0.03154 0.2741 0.1271 0.0891 0.0606 0.0405     0    0
   3471   0.02436 0.1611 0.1394 0.0939 0.0668 0.0534     0    0
   3481   0.03751 0.2173 0.1264 0.0994 0.0778 0.0562     0    0
   3491   0.03486 0.2810 0.1592 0.1035 0.0800 0.0645     0    0
   3501   0.01543 0.1681 0.1117 0.0811 0.0567 0.0401     0    0
   3511   0.02216 0.3269 0.1904 0.1394 0.0771 0.0625     0    0
   3521   0.03729 0.2029 0.1232 0.0933 0.0701 0.0550     0    0
   3531   0.03602 0.2366 0.1296 0.0971 0.0642 0.0479     0    0
   3541   0.03594 0.2025 0.1414 0.0848 0.0666 0.0489     0    0
   3551   0.04433 0.2800 0.1682 0.0937 0.0741 0.0585     1    1
   3561   0.03434 0.1980 0.1270 0.0892 0.0616 0.0504     0    0
   3571   0.03785 0.2187 0.1105 0.0800 0.0679 0.0540     1    1
   3581   0.03708 0.1938 0.1409 0.0887 0.0677 0.0527     1    1
   3591   0.03045 0.2489 0.1607 0.1048 0.0582 0.0443     0    0
   3601   0.02992 0.2095 0.1252 0.0940 0.0657 0.0549     0    0
   3611   0.02537 0.2440 0.1445 0.1103 0.0754 0.0510     0    0
   3621   0.02890 0.1835 0.1405 0.0827 0.0675 0.0537     0    0
   3631   0.02297 0.2590 0.1481 0.0982 0.0830 0.0605     0    0
   3641   0.02691 0.2488 0.1523 0.1128 0.0682 0.0484     0    0
   3651   0.02725 0.2086 0.1352 0.0867 0.0586 0.0519     0    0
   3661   0.04040 0.1935 0.1217 0.0795 0.0621 0.0530     1    1
   3671   0.01748 0.1840 0.1302 0.0784 0.0556 0.0456     0    0
   3681   0.02844 0.1949 0.1118 0.0762 0.0610 0.0413     0    0
   3691   0.02292 0.2261 0.1538 0.1055 0.0871 0.0701     0    0
   3701   0.03103 0.2511 0.1597 0.0879 0.0671 0.0564     0    0
   3711   0.03400 0.3212 0.1725 0.0920 0.0703 0.0469     2    2
   3721   0.02007 0.2780 0.2103 0.1310 0.0866 0.0642     1    1
   3731   0.04208 0.1701 0.1228 0.0828 0.0670 0.0507     0    0
   3741   0.03167 0.2525 0.1298 0.0903 0.0728 0.0541     0    0
   3751   0.03990 0.2139 0.1587 0.0863 0.0657 0.0494     0    0
   3761   0.03286 0.1913 0.1269 0.0923 0.0680 0.0524     0    0
   3771   0.03805 0.2981 0.1497 0.1073 0.0817 0.0567     0    0
   3781   0.02440 0.2580 0.1565 0.1180 0.0733 0.0479     0    0
   3791   0.04980 0.2622 0.1354 0.1038 0.0892 0.0607     0    0
   3801   0.04306 0.3454 0.1863 0.1113 0.0933 0.0708     2    2
   3811   0.03168 0.1805 0.1218 0.0933 0.0602 0.0482     0    0
   3821   0.03561 0.1820 0.1048 0.0776 0.0606 0.0537     0    0
   3831   0.02870 0.2226 0.1550 0.0999 0.0710 0.0537     0    0
   3841   0.02309 0.2847 0.2004 0.1146 0.0931 0.0442     2    1
   3851   0.03509 0.2037 0.1221 0.0845 0.0575 0.0531     0    0
   3861   0.02927 0.1687 0.1057 0.0750 0.0608 0.0433     0    0
   3871   0.03792 0.1931 0.1416 0.1088 0.0755 0.0552     0    0
   3881   0.03697 0.2061 0.1155 0.0863 0.0675 0.0499     0    0
   3891   0.03169 0.2224 0.1494 0.0687 0.0598 0.0461     0    0
   3901   0.04147 0.2105 0.1484 0.0897 0.0799 0.0589     0    0
   3911   0.03269 0.2186 0.1650 0.1028 0.0695 0.0540     0    0
   3921   0.03034 0.2192 0.1354 0.0954 0.0518 0.0439     1    1
   3931   0.01950 0.1557 0.0984 0.0719 0.0526 0.0394     0    0
   3941   0.03025 0.2249 0.1495 0.1172 0.0727 0.0548     0    0
   3951   0.03916 0.2083 0.1493 0.1125 0.0801 0.0636     0    0
   3961   0.04182 0.2476 0.1706 0.1018 0.0746 0.0613     0    0
   3971   0.05072 0.3085 0.1533 0.1038 0.0882 0.0731     0    0
   3981   0.04767 0.2325 0.1285 0.1041 0.0707 0.0592     1    1
   3991   0.03419 0.1811 0.1286 0.0969 0.0658 0.0535     1    1
   4001   0.03994 0.1818 0.1162 0.0853 0.0698 0.0611     0    0
   4011   0.04161 0.2310 0.1157 0.0958 0.0823 0.0653     0    0
   4021   0.02410 0.1574 0.1069 0.0617 0.0552 0.0422     0    0
   4031   0.04512 0.3064 0.1463 0.1126 0.0903 0.0594     0    0
   4041   0.03325 0.2088 0.1261 0.0750 0.0641 0.0511     0    0
   4051   0.02653 0.2558 0.1320 0.0801 0.0609 0.0384     0    0
   4061   0.01957 0.2862 0.1479 0.0858 0.0638 0.0498     0    0
   4071   0.03297 0.2638 0.1349 0.0949 0.0740 0.0474     0    0
   4081   0.02928 0.2405 0.1386 0.1112 0.0590 0.0463     0    0
   4091   0.04265 0.2727 0.1413 0.0878 0.0722 0.0546     0    0
   4101   0.03953 0.1912 0.1397 0.0925 0.0704 0.0611     0    0
   4111   0.02277 0.2181 0.1381 0.0888 0.0732 0.0415     2    1
   4121   0.03572 0.1998 0.1483 0.0943 0.0741 0.0560     0    0
   4131   0.03612 0.1952 0.1196 0.1078 0.0745 0.0564     0    0
   4141   0.03742 0.2336 0.1441 0.1054 0.0742 0.0578     0    0
   4151   0.04769 0.2630 0.1248 0.1015 0.0821 0.0570     0    0
   4161   0.03252 0.2502 0.1764 0.0989 0.0606 0.0506     0    0
   4171   0.03033 0.1724 0.1120 0.0831 0.0600 0.0468     0    0
   4181   0.03574 0.2025 0.1263 0.0857 0.0677 0.0462     0    0
   4191   0.03355 0.2212 0.1148 0.0744 0.0499 0.0473     0    0
   4201   0.02444 0.2065 0.1413 0.0802 0.0636 0.0474     0    0
   4211   0.03271 0.2289 0.1619 0.0967 0.0637 0.0536     0    0
   4221   0.03140 0.1659 0.1081 0.0755 0.0576 0.0440     0    0
   4231   0.03806 0.2236 0.1347 0.0974 0.0741 0.0528     0    0
   4241   0.03276 0.1863 0.1269 0.0798 0.0623 0.0536     1    1
   4251   0.03750 0.2511 0.1520 0.1231 0.0862 0.0622     0    0
   4261   0.03915 0.2163 0.1380 0.1255 0.0857 0.0591     0    0
   4271   0.03834 0.1711 0.1117 0.0902 0.0792 0.0529     0    0
   4281   0.04598 0.2141 0.1128 0.0876 0.0709 0.0570     0    0
   4291   0.03059 0.3050 0.1919 0.1193 0.0795 0.0593     1    1
   4301   0.03266 0.2531 0.1387 0.1019 0.0784 0.0451     0    0
   4311   0.04549 0.2021 0.1347 0.0920 0.0766 0.0631     0    0
   4321   0.01770 0.1986 0.1365 0.1159 0.0731 0.0422     0    0
   4331   0.04144 0.2431 0.1866 0.1067 0.0759 0.0570     0    0
   4341   0.03789 0.2792 0.1700 0.1174 0.0854 0.0719     1    1
   4351   0.02869 0.2684 0.1327 0.0869 0.0742 0.0584     1    1
   4361   0.03109 0.1908 0.1113 0.0731 0.0596 0.0419     0    0
   4371   0.03395 0.1756 0.1427 0.0790 0.0539 0.0446     0    0
   4381   0.03179 0.1809 0.1234 0.0795 0.0645 0.0492     0    0
   4391   0.04141 0.2923 0.1802 0.1331 0.0891 0.0638     0    0
   4401   0.03531 0.2284 0.1623 0.1057 0.0707 0.0560     0    0
   4411   0.04215 0.2620 0.2071 0.1276 0.0755 0.0588     0    0
   4421   0.02559 0.2499 0.1142 0.0781 0.0588 0.0510     1    1
   4431   0.02734 0.2813 0.1855 0.1082 0.0757 0.0463     0    0
   4441   0.04466 0.1943 0.1627 0.0976 0.0780 0.0503     0    0
   4451   0.03097 0.2419 0.1467 0.1217 0.0825 0.0516     0    0
   4461   0.02078 0.2397 0.1192 0.0786 0.0556 0.0378     1    1
   4471   0.02535 0.3350 0.2376 0.1447 0.0572 0.0433     0    0
   4481   0.04520 0.3482 0.1962 0.1108 0.0894 0.0632     0    0
   4491   0.02439 0.1570 0.1097 0.0807 0.0744 0.0486     0    0
   4501   0.02896 0.1948 0.1280 0.0832 0.0675 0.0489     0    0
   4511   0.02921 0.1986 0.1118 0.1010 0.0651 0.0515     0    0
   4521   0.03830 0.2658 0.1879 0.1152 0.0810 0.0559     0    0
   4531   0.04610 0.2143 0.1710 0.1212 0.0979 0.0762     0    0
   4541   0.03863 0.2119 0.1108 0.0896 0.0527 0.0448     0    0
   4551   0.02725 0.2016 0.1302 0.0808 0.0589 0.0490     0    0
   4561   0.03920 0.1905 0.1559 0.1034 0.0663 0.0626     1    1
   4571   0.03659 0.2085 0.1265 0.0764 0.0594 0.0491     1    1
   4581   0.03291 0.1592 0.0989 0.0768 0.0524 0.0457     1    1
   4591   0.03481 0.2346 0.1306 0.0827 0.0654 0.0470     0    0
   4601   0.03018 0.2066 0.1182 0.0849 0.0644 0.0467     0    0
   4611   0.03443 0.2091 0.1168 0.0908 0.0823 0.0562     0    0
   4621   0.03450 0.1861 0.1439 0.0845 0.0658 0.0498     0    0
   4631   0.05007 0.2783 0.1826 0.1106 0.0895 0.0657     0    0
   4641   0.02243 0.1417 0.0958 0.0738 0.0633 0.0508     0    0
   4651   0.02827 0.2585 0.1594 0.1312 0.0782 0.0508     0    0
   4661   0.03469 0.2965 0.1563 0.1058 0.0819 0.0699     0    0
   4671   0.02799 0.3130 0.1671 0.1112 0.0784 0.0570     0    0
   4681   0.03664 0.2508 0.1633 0.0936 0.0699 0.0627     0    0
   4691   0.03142 0.1554 0.1144 0.0762 0.0573 0.0456     0    0
   4701   0.03038 0.1920 0.1511 0.1027 0.0722 0.0568     1    1
   4711   0.02874 0.2580 0.1268 0.1021 0.0750 0.0554     0    0
   4721   0.03193 0.1953 0.1255 0.0830 0.0699 0.0512     1    1
   4731   0.03573 0.2707 0.1663 0.1035 0.0634 0.0504     0    0
   4741   0.02956 0.1967 0.1190 0.0902 0.0641 0.0467     0    0
   4751   0.02307 0.2230 0.1271 0.0913 0.0806 0.0488     1    1
   4761   0.01958 0.2123 0.1221 0.0805 0.0656 0.0458     0    0
   4771   0.03496 0.2986 0.1907 0.1334 0.0936 0.0677     0    0
   4781   0.04294 0.2574 0.1467 0.0948 0.0689 0.0609     1    1
   4791   0.02013 0.2783 0.1750 0.1054 0.0782 0.0598     1    1
   4801   0.04422 0.1996 0.1304 0.1045 0.0773 0.0595     0    0
   4811   0.03700 0.1907 0.1374 0.0780 0.0599 0.0545     0    0
   4821   0.02572 0.2022 0.1293 0.0959 0.0584 0.0382     1    1
   4831   0.03609 0.1818 0.1435 0.0906 0.0666 0.0532     0    0
   4841   0.02836 0.2022 0.1305 0.0867 0.0663 0.0495     0    0
   4851   0.03091 0.1505 0.1162 0.0758 0.0580 0.0486     0    0
   4861   0.02492 0.1213 0.0983 0.0701 0.0516 0.0445     0    0
   4871   0.03295 0.2437 0.1360 0.0865 0.0695 0.0552     1    1
   4881   0.04011 0.2812 0.1814 0.1274 0.0752 0.0521     0    0
   4891   0.02781 0.1777 0.1442 0.0769 0.0635 0.0391     0    0
   4901   0.04412 0.2772 0.1748 0.1152 0.0761 0.0637     0    0
   4911   0.04283 0.2365 0.1570 0.1155 0.0868 0.0641     0    0
   4921   0.02685 0.2665 0.1722 0.1029 0.0787 0.0589     0    0
   4931   0.02257 0.2190 0.1271 0.0916 0.0650 0.0460     0    0
   4941   0.04448 0.2187 0.1134 0.0801 0.0659 0.0563     0    0
   4951   0.02548 0.1576 0.1013 0.0771 0.0639 0.0451     0    0
   4961   0.02963 0.2307 0.1512 0.1039 0.0719 0.0632     0    0
   4971   0.03196 0.2266 0.1269 0.0900 0.0666 0.0488     2    2
   4981   0.03496 0.2361 0.1274 0.0904 0.0652 0.0589     0    0
   4991   0.03675 0.2325 0.1284 0.0956 0.0612 0.0538     0    0
   5001   0.04052 0.3174 0.1846 0.1287 0.0897 0.0700     0    0
   5011   0.01856 0.2579 0.1461 0.0856 0.0685 0.0520     0    0
   5021   0.03457 0.1917 0.1349 0.1048 0.0707 0.0531     0    0
   5031   0.02196 0.3003 0.1793 0.1163 0.0824 0.0508     0    0
   5041   0.03132 0.2064 0.1410 0.0811 0.0611 0.0510     0    0
   5051   0.03225 0.1823 0.1245 0.0840 0.0610 0.0483     2    1
   5061   0.02267 0.1786 0.1200 0.0791 0.0672 0.0495     0    0
   5071   0.03313 0.1649 0.1156 0.0785 0.0551 0.0399     0    0
   5081   0.03286 0.2505 0.1559 0.0983 0.0669 0.0494     0    0
   5091   0.03403 0.1959 0.1108 0.0912 0.0694 0.0490     0    0
   5101   0.02857 0.2092 0.1557 0.1021 0.0653 0.0549     0    0
   5111   0.02550 0.1916 0.0876 0.0659 0.0535 0.0464     1    1
   5121   0.02360 0.1865 0.1366 0.0778 0.0598 0.0489     0    0
   5131   0.03210 0.2178 0.1267 0.0776 0.0640 0.0545     0    0
   5141   0.02306 0.1604 0.1108 0.0836 0.0534 0.0486     0    0
   5151   0.03635 0.1713 0.1159 0.0932 0.0686 0.0537     1    1
   5161   0.02181 0.2606 0.1402 0.0837 0.0662 0.0471     0    0
   5171   0.03355 0.2113 0.1243 0.0970 0.0636 0.0477     0    0
   5181   0.03414 0.2078 0.1381 0.0810 0.0583 0.0509     1    1
   5191   0.02982 0.2143 0.1522 0.0902 0.0554 0.0497     0    0
   5201   0.03085 0.1827 0.1280 0.0842 0.0730 0.0556     1    1
   5211   0.02599 0.1813 0.1006 0.0797 0.0688 0.0535     0    0
   5221   0.03096 0.2011 0.1242 0.0926 0.0664 0.0603     0    0
   5231   0.03557 0.2065 0.1233 0.0880 0.0692 0.0569     0    0
   5241   0.03531 0.2013 0.1227 0.0934 0.0639 0.0566     0    0
   5251   0.03124 0.2745 0.1644 0.0630 0.0566 0.0392     3    3
   5261   0.03261 0.2712 0.1505 0.0962 0.0757 0.0605     0    0
   5271   0.03210 0.2605 0.1698 0.1252 0.0790 0.0471     0    0
   5281   0.02858 0.3913 0.1875 0.1025 0.0663 0.0450     0    0
   5291   0.03035 0.1911 0.1356 0.0849 0.0668 0.0589     0    0
   5301   0.03661 0.1642 0.1060 0.0882 0.0642 0.0531     0    0
   5311   0.03434 0.2017 0.1174 0.0855 0.0624 0.0470     1    1
   5321   0.03731 0.2253 0.1422 0.0955 0.0737 0.0562     0    0
   5331   0.03503 0.2817 0.1735 0.1188 0.0842 0.0582     0    0
   5341   0.03746 0.2332 0.1414 0.1090 0.0861 0.0718     1    1
   5351   0.03479 0.1878 0.1280 0.1025 0.0751 0.0564     0    0
   5361   0.03665 0.2055 0.1885 0.1118 0.0847 0.0575     1    1
   5371   0.03379 0.2119 0.1137 0.0864 0.0713 0.0535     0    0
   5381   0.02584 0.1681 0.1127 0.0699 0.0542 0.0428     0    0
   5391   0.04815 0.2357 0.1545 0.0874 0.0700 0.0590     1    1
   5401   0.03753 0.2177 0.1506 0.1149 0.0712 0.0588     0    0
   5411   0.03406 0.1947 0.0956 0.0790 0.0609 0.0497     1    1
   5421   0.02870 0.3536 0.2081 0.1381 0.0873 0.0613     0    0
   5431   0.03060 0.2278 0.1576 0.1153 0.0741 0.0608     0    0
   5441   0.03642 0.2724 0.1830 0.1094 0.0994 0.0499     1    1
   5451   0.03920 0.2026 0.1341 0.1162 0.0681 0.0614     2    1
   5461   0.04158 0.2040 0.1319 0.0924 0.0663 0.0574     0    0
   5471   0.03628 0.2022 0.1536 0.0962 0.0790 0.0646     0    0
   5481   0.03606 0.2136 0.1528 0.1033 0.0796 0.0611     0    0
   5491   0.03462 0.1868 0.1093 0.0790 0.0567 0.0517     0    0
   5501   0.02841 0.2561 0.1397 0.0851 0.0648 0.0536     0    0
   5511   0.04172 0.2891 0.2015 0.1334 0.0847 0.0647     0    0
   5521   0.01872 0.2222 0.1417 0.1107 0.0804 0.0385     0    0
   5531   0.03298 0.2293 0.1440 0.0853 0.0681 0.0457     0    0
   5541   0.04391 0.2707 0.1725 0.1043 0.0780 0.0619     0    0
   5551   0.03477 0.1837 0.1262 0.0936 0.0601 0.0536     0    0
   5561   0.03184 0.3282 0.1629 0.1131 0.0717 0.0484     0    0
   5571   0.02439 0.2102 0.1057 0.0841 0.0649 0.0528     1    1
   5581   0.04036 0.2995 0.1681 0.0975 0.0709 0.0526     0    0
   5591   0.03083 0.2231 0.1205 0.0952 0.0706 0.0622     0    0
   5601   0.03910 0.2648 0.1590 0.1007 0.0792 0.0663     0    0
   5611   0.03326 0.2789 0.1557 0.0895 0.0751 0.0537     1    1
   5621   0.03699 0.3158 0.1692 0.1090 0.0926 0.0608     0    0
   5631   0.03473 0.2330 0.1411 0.1151 0.0686 0.0604     0    0
   5641   0.03332 0.2771 0.1781 0.1323 0.0932 0.0594     0    0
   5651   0.03172 0.2030 0.1370 0.0891 0.0799 0.0663     0    0
   5661   0.03631 0.2254 0.1281 0.0821 0.0659 0.0526     0    0
   5671   0.04324 0.2901 0.1617 0.0886 0.0797 0.0601     0    0
   5681   0.04679 0.2250 0.1439 0.0950 0.0669 0.0539     0    0
   5691   0.02651 0.2623 0.1450 0.1060 0.0689 0.0509     0    0
   5701   0.03198 0.2628 0.1444 0.1068 0.0700 0.0537     0    0
   5711   0.03066 0.2032 0.1173 0.0673 0.0584 0.0423     0    0
   5721   0.03882 0.2194 0.1383 0.0898 0.0699 0.0604     0    0
   5731   0.02847 0.2099 0.1120 0.0677 0.0537 0.0465     0    0
   5741   0.03312 0.2011 0.1340 0.0932 0.0780 0.0518     0    0
   5751   0.03545 0.2138 0.1039 0.0792 0.0633 0.0557     0    0
   5761   0.01638 0.2338 0.1405 0.0890 0.0760 0.0476     0    0
   5771   0.03444 0.2296 0.1255 0.0912 0.0772 0.0518     0    0
   5781   0.01772 0.2143 0.1396 0.0787 0.0620 0.0434     0    0
   5791   0.03170 0.2203 0.0978 0.0864 0.0697 0.0456     0    0
   5801   0.02830 0.2276 0.1283 0.0836 0.0672 0.0526     0    0
   5811   0.02491 0.1720 0.1309 0.0806 0.0577 0.0433     0    0
   5821   0.03043 0.2241 0.1512 0.0890 0.0718 0.0552     0    0
   5831   0.03911 0.3076 0.2210 0.1527 0.1160 0.0830     0    0
   5841   0.03134 0.2119 0.1299 0.0966 0.0674 0.0526     0    0
   5851   0.01766 0.1743 0.1594 0.1035 0.0836 0.0523     0    0
   5861   0.03103 0.2484 0.1551 0.1061 0.0829 0.0579     0    0
   5871   0.02812 0.2670 0.1399 0.0871 0.0635 0.0493     0    0
   5881   0.02137 0.2461 0.1495 0.1009 0.0648 0.0540     0    0
   5891   0.03524 0.2237 0.1221 0.0839 0.0606 0.0514     1    1
   5901   0.02509 0.1478 0.0955 0.0649 0.0512 0.0411     0    0
   5911   0.02979 0.3201 0.1956 0.1420 0.0977 0.0600     1    1
   5921   0.03632 0.3334 0.1805 0.1182 0.0713 0.0551     0    0
   5931   0.04968 0.2425 0.1354 0.1043 0.0710 0.0607     1    1
   5941   0.03408 0.2195 0.1532 0.0957 0.0711 0.0637     2    2
   5951   0.02185 0.2544 0.1588 0.0912 0.0598 0.0382     0    0
   5961   0.03687 0.2578 0.1722 0.0916 0.0769 0.0652     0    0
   5971   0.02331 0.2476 0.1343 0.0896 0.0644 0.0490     0    0
   5981   0.03229 0.2657 0.1202 0.0897 0.0728 0.0512     0    0
   5991   0.03824 0.2965 0.1623 0.0916 0.0683 0.0515     0    0
   6001   0.03417 0.2247 0.1491 0.1194 0.0821 0.0574     0    0
   6011   0.04114 0.3457 0.1797 0.1275 0.0789 0.0566     1    1
   6021   0.03853 0.2016 0.1160 0.0977 0.0718 0.0581     0    0
   6031   0.03294 0.1763 0.1127 0.0900 0.0645 0.0524     1    1
   6041   0.02814 0.2505 0.2016 0.1185 0.0831 0.0483     0    0
   6051   0.03745 0.2184 0.1375 0.0778 0.0623 0.0540     0    0
   6061   0.02644 0.2319 0.1472 0.0833 0.0658 0.0447     0    0
   6071   0.02975 0.2269 0.1693 0.0960 0.0812 0.0654     0    0
   6081   0.02458 0.1721 0.1166 0.0820 0.0662 0.0488     0    0
   6091   0.03325 0.2319 0.1263 0.0998 0.0609 0.0512     0    0
   6101   0.03962 0.3174 0.1847 0.1129 0.0796 0.0619     0    0
   6111   0.03572 0.1588 0.1035 0.0704 0.0607 0.0487     0    0
   6121   0.03266 0.2085 0.1410 0.0940 0.0777 0.0589     0    0
   6131   0.03153 0.1743 0.1101 0.0788 0.0664 0.0464     0    0
   6141   0.03010 0.2262 0.1399 0.0932 0.0674 0.0583     0    0
   6151   0.04651 0.2228 0.1588 0.1375 0.0830 0.0641     0    0
   6161   0.02512 0.2393 0.1589 0.0870 0.0562 0.0466     0    0
   6171   0.03133 0.1959 0.1398 0.0966 0.0649 0.0529     1    1
   6181   0.03092 0.2201 0.1538 0.0896 0.0660 0.0530     0    0
   6191   0.04592 0.2471 0.1408 0.1005 0.0732 0.0597     0    0
   6201   0.03566 0.1964 0.1394 0.0848 0.0726 0.0536     0    0
   6211   0.03863 0.1687 0.1155 0.0872 0.0653 0.0511     1    1
   6221   0.05250 0.2062 0.1432 0.0908 0.0720 0.0612     0    0
   6231   0.03237 0.3124 0.1376 0.1161 0.0738 0.0577     0    0
   6241   0.03347 0.3749 0.1761 0.0971 0.0745 0.0565     3    1
   6251   0.03799 0.1859 0.1047 0.0822 0.0689 0.0499     0    0
   6261   0.04862 0.2870 0.1788 0.1105 0.0807 0.0600     1    1
   6271   0.02972 0.2343 0.1355 0.0868 0.0676 0.0487     1    1
   6281   0.02843 0.2310 0.1537 0.0962 0.0816 0.0626     0    0
   6291   0.05316 0.2932 0.1780 0.1127 0.0864 0.0741     0    0
   6301   0.03110 0.1937 0.1139 0.0873 0.0619 0.0450     0    0
   6311   0.02296 0.1865 0.1464 0.0788 0.0532 0.0470     0    0
   6321   0.03894 0.2090 0.1572 0.0795 0.0690 0.0548     0    0
   6331   0.03169 0.2016 0.1649 0.0872 0.0600 0.0476     0    0
   6341   0.02332 0.1990 0.1531 0.1029 0.0653 0.0517     1    1
   6351   0.02097 0.1916 0.1310 0.1168 0.0742 0.0541     0    0
   6361   0.04868 0.2384 0.1498 0.1032 0.0724 0.0622     1    1
   6371   0.04124 0.2499 0.1398 0.1101 0.0751 0.0548     0    0
   6381   0.02043 0.2264 0.1069 0.0936 0.0567 0.0349     0    0
   6391   0.04890 0.2045 0.1279 0.1068 0.0715 0.0580     0    0
   6401   0.03626 0.2184 0.1454 0.0986 0.0758 0.0554     0    0
   6411   0.03957 0.2505 0.1499 0.1053 0.0829 0.0581     2    2
   6421   0.03029 0.1696 0.1467 0.0753 0.0548 0.0432     0    0
   6431   0.03394 0.2649 0.1673 0.1138 0.0669 0.0594     0    0
   6441   0.03516 0.2162 0.1321 0.0706 0.0544 0.0490     0    0
   6451   0.03803 0.1946 0.1330 0.0924 0.0747 0.0547     0    0
   6461   0.02926 0.1930 0.1065 0.0852 0.0648 0.0488     0    0
   6471   0.03022 0.2015 0.1352 0.1073 0.0606 0.0408     1    1
   6481   0.05255 0.3184 0.1831 0.1175 0.0782 0.0635     1    1
   6491   0.02898 0.1723 0.1077 0.0795 0.0681 0.0529     0    0
   6501   0.04744 0.2509 0.1525 0.1115 0.0832 0.0701     1    1
   6511   0.01704 0.2063 0.1342 0.0989 0.0727 0.0476     0    0
   6521   0.04498 0.2226 0.1642 0.1062 0.0884 0.0675     0    0
   6531   0.02184 0.1662 0.1100 0.0806 0.0715 0.0479     0    0
   6541   0.04810 0.3502 0.1349 0.0884 0.0763 0.0558     0    0
   6551   0.03428 0.2578 0.1635 0.1206 0.0933 0.0638     0    0
   6561   0.02856 0.1657 0.1208 0.0684 0.0557 0.0413     0    0
   6571   0.02682 0.2168 0.1409 0.0961 0.0831 0.0529     0    0
   6581   0.02775 0.2076 0.1453 0.0977 0.0733 0.0498     0    0
   6591   0.03715 0.2122 0.1233 0.0976 0.0703 0.0529     0    0
   6601   0.04924 0.2497 0.1775 0.1242 0.0855 0.0637     0    0
   6611   0.01167 0.2302 0.1463 0.0896 0.0744 0.0428     0    0
   6621   0.03798 0.2142 0.1670 0.1175 0.0718 0.0525     0    0
   6631   0.04201 0.2910 0.1532 0.1105 0.0813 0.0681     0    0
   6641   0.03374 0.2319 0.1354 0.0893 0.0639 0.0472     0    0
   6651   0.03348 0.1873 0.1206 0.0928 0.0694 0.0503     0    0
   6661   0.03705 0.2299 0.1750 0.1050 0.0648 0.0606     0    0
   6671   0.04585 0.2054 0.1157 0.0898 0.0695 0.0566     0    0
   6681   0.03561 0.2486 0.1450 0.1121 0.0784 0.0611     0    0
   6691   0.04279 0.3319 0.1771 0.1008 0.0823 0.0633     0    0
   6701   0.03666 0.2292 0.1206 0.0892 0.0666 0.0549     0    0
   6711   0.02313 0.2991 0.1553 0.0775 0.0608 0.0491     1    1
   6721   0.03330 0.2729 0.1313 0.1136 0.0681 0.0548     0    0
   6731   0.04808 0.2336 0.1426 0.1034 0.0871 0.0646     0    0
   6741   0.02553 0.1965 0.1413 0.1001 0.0668 0.0445     0    0
   6751   0.03539 0.2775 0.1618 0.0954 0.0616 0.0402     0    0
   6761   0.02553 0.1920 0.1070 0.0844 0.0622 0.0446     1    1
   6771   0.01926 0.1586 0.1173 0.0885 0.0583 0.0409     0    0
   6781   0.02174 0.2168 0.1549 0.0887 0.0633 0.0348     0    0
   6791   0.03727 0.2846 0.1545 0.1248 0.0765 0.0514     0    0
   6801   0.02240 0.1660 0.1130 0.0672 0.0549 0.0405     0    0
   6811   0.03641 0.2906 0.1594 0.1188 0.0872 0.0594     0    0
   6821   0.05065 0.2266 0.1321 0.0940 0.0586 0.0531     0    0
   6831   0.02764 0.2758 0.1631 0.1093 0.0697 0.0561     0    0
   6841   0.02173 0.2043 0.1010 0.0935 0.0640 0.0388     0    0
   6851   0.03495 0.3403 0.1841 0.1092 0.0887 0.0590     0    0
   6861   0.04396 0.1983 0.1322 0.1003 0.0706 0.0579     0    0
   6871   0.02586 0.1685 0.1073 0.0823 0.0611 0.0447     0    0
   6881   0.03898 0.3034 0.1719 0.1275 0.0836 0.0638     0    0
   6891   0.02261 0.1703 0.1334 0.0902 0.0872 0.0510     0    0
   6901   0.02400 0.2079 0.1481 0.0797 0.0746 0.0449     2    2
   6911   0.04130 0.3629 0.1707 0.1011 0.0677 0.0541     0    0
   6921   0.04389 0.2277 0.1348 0.0944 0.0672 0.0638     0    0
   6931   0.04763 0.2513 0.1636 0.1005 0.0831 0.0668     0    0
   6941   0.03573 0.2249 0.1546 0.0978 0.0725 0.0566     0    0
   6951   0.04535 0.2164 0.1267 0.0896 0.0666 0.0608     0    0
   6961   0.04368 0.2468 0.1295 0.1023 0.0804 0.0572     1    1
   6971   0.03112 0.2481 0.1367 0.0890 0.0601 0.0523     0    0
   6981   0.04172 0.2109 0.1428 0.1040 0.0725 0.0582     1    1
   6991   0.02163 0.3405 0.2124 0.1101 0.0697 0.0448     0    0
   7001   0.02314 0.2122 0.1617 0.0988 0.0709 0.0383     0    0
   7011   0.03664 0.1806 0.1202 0.1002 0.0607 0.0553     1    1
   7021   0.01909 0.1713 0.1196 0.0845 0.0695 0.0506     2    2
   7031   0.04399 0.2636 0.1528 0.0926 0.0682 0.0611     0    0
   7041   0.03843 0.2496 0.1732 0.1287 0.0662 0.0506     0    0
   7051   0.05480 0.2301 0.1319 0.0961 0.0764 0.0644     0    0
   7061   0.03586 0.1995 0.1331 0.0785 0.0636 0.0457     0    0
   7071   0.02814 0.1999 0.1650 0.1020 0.0700 0.0595     1    1
   7081   0.02547 0.2478 0.1164 0.0997 0.0645 0.0554     0    0
   7091   0.03198 0.1999 0.1367 0.0889 0.0679 0.0492     0    0
   7101   0.03662 0.2527 0.1466 0.0941 0.0710 0.0592     0    0
   7111   0.02979 0.1932 0.1270 0.0826 0.0671 0.0478     0    0
   7121   0.04500 0.2441 0.1654 0.1093 0.0839 0.0599     1    1
   7131   0.03983 0.2204 0.1466 0.0924 0.0667 0.0553     0    0
   7141   0.03930 0.1730 0.1490 0.0999 0.0690 0.0515     1    1
   7151   0.02315 0.1483 0.1136 0.0743 0.0574 0.0436     0    0
   7161   0.02267 0.1781 0.1136 0.0900 0.0692 0.0430     0    0
   7171   0.02413 0.2012 0.1073 0.0797 0.0635 0.0392     0    0
   7181   0.03490 0.2123 0.1240 0.0942 0.0691 0.0478     0    0
   7191   0.04040 0.1773 0.1412 0.0982 0.0770 0.0538     0    0
   7201   0.03235 0.2093 0.1425 0.0824 0.0711 0.0587     0    0
   7211   0.02472 0.2439 0.1024 0.0838 0.0747 0.0450     0    0
   7221   0.04337 0.1637 0.1189 0.0890 0.0726 0.0575     0    0
   7231   0.02750 0.2399 0.1180 0.0858 0.0657 0.0519     1    1
   7241   0.03388 0.2177 0.1335 0.0914 0.0616 0.0538     0    0
   7251   0.02360 0.1565 0.1128 0.0845 0.0607 0.0496     0    0
   7261   0.03300 0.1836 0.1303 0.0892 0.0673 0.0566     0    0
   7271   0.02579 0.2656 0.1391 0.0906 0.0631 0.0520     0    0
   7281   0.02532 0.2496 0.1206 0.0949 0.0529 0.0416     1    1
   7291   0.02542 0.2175 0.1262 0.0792 0.0553 0.0459     0    0
   7301   0.02993 0.2063 0.1300 0.0737 0.0696 0.0407     0    0
   7311   0.03351 0.2313 0.1470 0.0947 0.0732 0.0561     0    0
   7321   0.04055 0.2062 0.1433 0.0962 0.0798 0.0635     0    0
   7331   0.04177 0.3365 0.1800 0.1191 0.0898 0.0739     0    0
   7341   0.03042 0.1761 0.0977 0.0748 0.0609 0.0504     1    1
   7351   0.04026 0.2075 0.1238 0.0822 0.0605 0.0492     0    0
   7361   0.01925 0.2227 0.1280 0.0776 0.0636 0.0361     0    0
   7371   0.04250 0.3358 0.1844 0.1368 0.0862 0.0718     0    0
   7381   0.03697 0.1997 0.1530 0.0975 0.0778 0.0491     0    0
   7391   0.01818 0.2113 0.1174 0.0874 0.0505 0.0352     0    0
   7401   0.03415 0.2114 0.1311 0.0780 0.0621 0.0492     0    0
   7411   0.01985 0.2227 0.1657 0.0926 0.0672 0.0523     2    2
   7421   0.03731 0.2712 0.1460 0.1121 0.0673 0.0549     2    1
   7431   0.03633 0.2143 0.1329 0.0989 0.0743 0.0579     0    0
   7441   0.02605 0.3170 0.1664 0.1048 0.0717 0.0543     0    0
   7451   0.02787 0.2410 0.1414 0.0890 0.0786 0.0537     0    0
   7461   0.02910 0.1887 0.1277 0.0921 0.0673 0.0542     3    2
   7471   0.04570 0.3089 0.1449 0.0888 0.0687 0.0574     0    0
   7481   0.01667 0.2265 0.1512 0.0917 0.0641 0.0371     0    0
   7491   0.02637 0.3389 0.2161 0.1353 0.0814 0.0604     0    0
   7501   0.03490 0.2063 0.1177 0.0823 0.0529 0.0407     0    0
   7511   0.03825 0.2208 0.1485 0.0986 0.0752 0.0586     2    2
   7521   0.02838 0.1931 0.1378 0.0848 0.0704 0.0510     0    0
   7531   0.03842 0.1824 0.1305 0.0828 0.0574 0.0485     0    0
   7541   0.02201 0.2401 0.1381 0.0792 0.0660 0.0431     0    0
   7551   0.02482 0.1536 0.0951 0.0696 0.0522 0.0428     0    0
   7561   0.03516 0.2221 0.1389 0.0873 0.0705 0.0545     0    0
   7571   0.05118 0.2279 0.1305 0.1075 0.0795 0.0596     0    0
   7581   0.03465 0.3552 0.1968 0.1020 0.0683 0.0472     1    1
   7591   0.01423 0.2175 0.1311 0.1116 0.0649 0.0581     0    0
   7601   0.04195 0.1963 0.1116 0.0941 0.0715 0.0567     1    1
   7611   0.02880 0.2142 0.1361 0.0932 0.0631 0.0493     1    1
   7621   0.02511 0.1384 0.1268 0.0675 0.0577 0.0443     0    0
   7631   0.02758 0.1783 0.1064 0.0712 0.0658 0.0493     0    0
   7641   0.02726 0.2846 0.1435 0.1016 0.0867 0.0640     1    1
   7651   0.03435 0.1895 0.1107 0.0761 0.0603 0.0516     0    0
   7661   0.03246 0.2185 0.1592 0.0867 0.0602 0.0523     2    1
   7671   0.03488 0.1946 0.1416 0.1060 0.0751 0.0558     0    0
   7681   0.02546 0.1824 0.1206 0.0778 0.0582 0.0509     0    0
   7691   0.03088 0.2531 0.1665 0.1042 0.0732 0.0469     1    1
   7701   0.01774 0.2618 0.1662 0.1027 0.0797 0.0367     0    0
   7711   0.04552 0.2426 0.1483 0.0828 0.0747 0.0590     1    1
   7721   0.03155 0.2232 0.1452 0.1021 0.0563 0.0455     0    0
   7731   0.03317 0.1622 0.1145 0.0850 0.0740 0.0540     0    0
   7741   0.04511 0.3377 0.1621 0.1336 0.0769 0.0582     1    1
   7751   0.04774 0.2089 0.1261 0.0942 0.0640 0.0468     1    1
   7761   0.03669 0.2535 0.1331 0.0877 0.0592 0.0533     0    0
   7771   0.03829 0.2712 0.2037 0.1218 0.0958 0.0690     0    0
   7781   0.01931 0.2942 0.1959 0.1341 0.0816 0.0413     1    1
   7791   0.04240 0.1916 0.0959 0.0695 0.0577 0.0478     0    0
   7801   0.03895 0.2627 0.1530 0.0849 0.0706 0.0594     0    0
   7811   0.03003 0.1631 0.1198 0.0768 0.0650 0.0493     0    0
   7821   0.03290 0.2125 0.1442 0.1023 0.0767 0.0565     0    0
   7831   0.03508 0.1498 0.1152 0.0725 0.0553 0.0464     0    0
   7841   0.04093 0.1559 0.1361 0.0816 0.0582 0.0475     0    0
   7851   0.02961 0.2309 0.1383 0.0817 0.0693 0.0569     0    0
   7861   0.04193 0.2710 0.1639 0.1134 0.0886 0.0669     0    0
   7871   0.02505 0.2034 0.1446 0.0883 0.0673 0.0480     0    0
   7881   0.03682 0.1746 0.1335 0.0800 0.0554 0.0460     1    1
   7891   0.02791 0.1677 0.1165 0.0890 0.0730 0.0526     0    0
   7901   0.02735 0.3755 0.2205 0.1390 0.0689 0.0539     0    0
   7911   0.03428 0.2578 0.1406 0.1022 0.0746 0.0482     0    0
   7921   0.02718 0.2051 0.1122 0.0857 0.0620 0.0518     0    0
   7931   0.02628 0.1785 0.1150 0.0835 0.0634 0.0403     0    0
   7941   0.02470 0.2487 0.1503 0.1120 0.0880 0.0680     1    1
   7951   0.03871 0.1922 0.1329 0.0930 0.0661 0.0544     0    0
   7961   0.03679 0.2561 0.1669 0.1053 0.0715 0.0516     0    0
   7971   0.03073 0.2057 0.1384 0.0857 0.0617 0.0499     0    0
   7981   0.02589 0.2177 0.1666 0.1083 0.0693 0.0560     0    0
   7991   0.03517 0.2693 0.1414 0.0958 0.0629 0.0564     1    1
   8001   0.03191 0.2013 0.1441 0.0978 0.0687 0.0516     1    1
   8011   0.03178 0.3005 0.1663 0.1241 0.0634 0.0500     0    0
   8021   0.02271 0.1598 0.1061 0.0875 0.0696 0.0438     0    0
   8031   0.02490 0.2367 0.1628 0.1294 0.0559 0.0399     2    1
   8041   0.02751 0.3029 0.1811 0.1077 0.0841 0.0622     0    0
   8051   0.03073 0.3652 0.1976 0.1135 0.0903 0.0496     0    0
   8061   0.03668 0.2335 0.1440 0.1089 0.0750 0.0576     0    0
   8071   0.03251 0.2328 0.1322 0.0900 0.0701 0.0626     0    0
   8081   0.03468 0.2273 0.1460 0.0957 0.0746 0.0590     0    0
   8091   0.03098 0.2329 0.1755 0.1017 0.0786 0.0484     0    0
   8101   0.02766 0.1894 0.1279 0.0818 0.0593 0.0425     0    0
   8111   0.04235 0.2133 0.1305 0.0897 0.0649 0.0530     0    0
   8121   0.04013 0.2881 0.1463 0.0987 0.0792 0.0576     0    0
   8131   0.02548 0.2266 0.1619 0.1064 0.0791 0.0611     0    0
   8141   0.02068 0.2045 0.1214 0.0892 0.0570 0.0344     0    0
   8151   0.05233 0.2236 0.1183 0.0919 0.0691 0.0621     0    0
   8161   0.03744 0.1905 0.1265 0.0764 0.0685 0.0585     0    0
   8171   0.01697 0.1611 0.1208 0.0952 0.0661 0.0515     0    0
   8181   0.02843 0.1523 0.1251 0.0985 0.0713 0.0434     2    2
   8191   0.02552 0.2265 0.1451 0.0841 0.0618 0.0489     0    0
   8201   0.03062 0.2159 0.1204 0.1053 0.0748 0.0660     0    0
   8211   0.02911 0.2505 0.1476 0.0760 0.0571 0.0468     0    0
   8221   0.03398 0.3221 0.1877 0.1145 0.0701 0.0524     0    0
   8231   0.03128 0.2898 0.1745 0.1005 0.0629 0.0535     0    0
   8241   0.03246 0.2351 0.1526 0.0974 0.0739 0.0635     0    0
   8251   0.03081 0.3395 0.1685 0.1074 0.0861 0.0561     0    0
   8261   0.02404 0.1532 0.0991 0.0778 0.0589 0.0419     0    0
   8271   0.03370 0.2761 0.1891 0.1102 0.0774 0.0469     0    0
   8281   0.01972 0.1553 0.1369 0.0768 0.0533 0.0390     0    0
   8291   0.03762 0.2029 0.1498 0.1109 0.0833 0.0483     0    0
   8301   0.02424 0.2338 0.1392 0.0824 0.0676 0.0429     0    0
   8311   0.02845 0.3120 0.2196 0.1352 0.0837 0.0669     0    0
   8321   0.02705 0.2528 0.1520 0.0903 0.0695 0.0565     0    0
   8331   0.04357 0.2968 0.1789 0.1281 0.0942 0.0743     0    0
   8341   0.03901 0.2419 0.1534 0.0879 0.0580 0.0457     0    0
   8351   0.02418 0.5036 0.2884 0.1697 0.1064 0.0496     1    1
   8361   0.03813 0.2282 0.1368 0.0862 0.0668 0.0581     0    0
   8371   0.02812 0.1785 0.1274 0.1011 0.0671 0.0502     0    0
   8381   0.04590 0.2489 0.1552 0.1132 0.0810 0.0662     0    0
   8391   0.03133 0.1903 0.1035 0.0808 0.0563 0.0478     0    0
   8401   0.03545 0.2076 0.1251 0.0897 0.0607 0.0518     0    0
   8411   0.03208 0.2313 0.1224 0.0973 0.0625 0.0489     0    0
   8421   0.02541 0.3353 0.2027 0.1266 0.0857 0.0623     1    1
   8431   0.03218 0.2213 0.1183 0.1037 0.0805 0.0599     0    0
   8441   0.01898 0.1980 0.1113 0.0884 0.0527 0.0462     1    1
   8451   0.03832 0.2795 0.1532 0.0921 0.0841 0.0656     0    0
   8461   0.03537 0.2412 0.1392 0.0819 0.0604 0.0510     0    0
   8471   0.02432 0.1771 0.1368 0.1184 0.0963 0.0601     1    1
   8481   0.02654 0.1405 0.1262 0.0849 0.0532 0.0447     0    0
   8491   0.03507 0.2508 0.1486 0.1172 0.0792 0.0535     0    0
   8501   0.04402 0.2208 0.1330 0.0839 0.0715 0.0577     0    0
   8511   0.02619 0.1918 0.1295 0.0793 0.0601 0.0484     1    1
   8521   0.04620 0.2052 0.1264 0.0941 0.0751 0.0592     0    0
   8531   0.03150 0.2533 0.1457 0.0990 0.0762 0.0515     1    1
   8541   0.03915 0.2176 0.1477 0.0960 0.0756 0.0493     0    0
   8551   0.04936 0.1946 0.1779 0.1046 0.0733 0.0606     2    2
   8561   0.03735 0.2890 0.1537 0.1081 0.0744 0.0499     0    0
   8571   0.04616 0.2834 0.1635 0.1018 0.0726 0.0669     0    0
   8581   0.03720 0.2771 0.1852 0.1230 0.0853 0.0611     0    0
   8591   0.02759 0.1847 0.1384 0.1014 0.0757 0.0507     1    1
   8601   0.04103 0.1763 0.1262 0.0854 0.0670 0.0550     0    0
   8611   0.03562 0.2427 0.1447 0.0934 0.0723 0.0630     1    1
   8621   0.03958 0.2500 0.1507 0.1263 0.0958 0.0573     1    1
   8631   0.02629 0.2018 0.1650 0.0939 0.0707 0.0584     0    0
   8641   0.04963 0.2472 0.1418 0.1178 0.0815 0.0677     0    0
   8651   0.03453 0.2692 0.1185 0.0804 0.0626 0.0470     1    1
   8661   0.03867 0.2314 0.1398 0.0846 0.0715 0.0510     0    0
   8671   0.04935 0.2259 0.1650 0.1116 0.0834 0.0670     0    0
   8681   0.02653 0.2226 0.1460 0.1018 0.0704 0.0546     0    0
   8691   0.02090 0.3096 0.1605 0.1011 0.0754 0.0519     0    0
   8701   0.03194 0.1502 0.1171 0.0880 0.0642 0.0489     0    0
   8711   0.02742 0.2087 0.1315 0.0855 0.0675 0.0475     3    2
   8721   0.02976 0.1798 0.1244 0.0799 0.0625 0.0464     0    0
   8731   0.02031 0.1775 0.1094 0.0710 0.0591 0.0349     0    0
   8741   0.03575 0.2240 0.1400 0.0915 0.0658 0.0519     0    0
   8751   0.02999 0.1833 0.1076 0.0719 0.0621 0.0463     0    0
   8761   0.02053 0.2268 0.1099 0.0796 0.0571 0.0410     2    1
   8771   0.03143 0.1443 0.1099 0.0701 0.0540 0.0410     0    0
   8781   0.03251 0.1827 0.1108 0.0729 0.0587 0.0451     0    0
   8791   0.04407 0.2418 0.1669 0.1173 0.0854 0.0667     0    0
   8801   0.05029 0.3797 0.2236 0.1478 0.0943 0.0760     0    0
   8811   0.03539 0.1988 0.1507 0.0840 0.0720 0.0513     0    0
   8821   0.02336 0.3060 0.2001 0.1156 0.0829 0.0587     0    0
   8831   0.03615 0.2836 0.1340 0.0952 0.0656 0.0526     0    0
   8841   0.03435 0.1845 0.1320 0.0886 0.0647 0.0594     0    0
   8851   0.02793 0.2685 0.1698 0.0979 0.0656 0.0471     0    0
   8861   0.04077 0.2136 0.1274 0.0991 0.0689 0.0584     0    0
   8871   0.03065 0.2143 0.1035 0.0871 0.0686 0.0508     1    1
   8881   0.04827 0.3591 0.1782 0.1205 0.0761 0.0704     0    0
   8891   0.03619 0.2085 0.1178 0.0739 0.0591 0.0522     3    1
   8901   0.03243 0.2113 0.1215 0.0968 0.0698 0.0527     1    1
   8911   0.02803 0.2650 0.1546 0.0787 0.0619 0.0451     0    0
   8921   0.03148 0.2127 0.1355 0.0999 0.0695 0.0512     3    2
   8931   0.04064 0.2371 0.1415 0.1007 0.0717 0.0510     0    0
   8941   0.03493 0.1623 0.1033 0.0849 0.0564 0.0452     1    1
   8951   0.03426 0.1693 0.1261 0.0852 0.0718 0.0658     0    0
   8961   0.01985 0.1772 0.1137 0.0809 0.0682 0.0541     0    0
   8971   0.02862 0.3649 0.1850 0.1103 0.0832 0.0602     0    0
   8981   0.03644 0.2445 0.1165 0.0977 0.0713 0.0551     1    1
   8991   0.05023 0.2680 0.1577 0.1085 0.0801 0.0652     0    0
   9001   0.01904 0.2415 0.1220 0.0777 0.0631 0.0534     0    0
   9011   0.01931 0.1861 0.1120 0.0640 0.0476 0.0329     0    0
   9021   0.02994 0.1656 0.1451 0.0894 0.0618 0.0505     0    0
   9031   0.04526 0.2280 0.1366 0.0994 0.0731 0.0628     0    0
   9041   0.04461 0.3684 0.1934 0.1356 0.0789 0.0633     0    0
   9051   0.02448 0.3485 0.1704 0.0981 0.0657 0.0420     0    0
   9061   0.03007 0.2479 0.1419 0.0774 0.0575 0.0397     0    0
   9071   0.02423 0.2029 0.1302 0.0816 0.0679 0.0475     0    0
   9081   0.03010 0.1996 0.1245 0.0710 0.0639 0.0526     0    0
   9091   0.04293 0.2046 0.1272 0.0799 0.0652 0.0593     1    1
   9101   0.05132 0.2547 0.1539 0.1133 0.0672 0.0646     1    1
   9111   0.03805 0.2434 0.1469 0.0966 0.0696 0.0511     0    0
   9121   0.02413 0.2330 0.1526 0.1075 0.0817 0.0571     0    0
   9131   0.03336 0.2385 0.1638 0.1036 0.0703 0.0572     0    0
   9141   0.03454 0.4179 0.2306 0.1212 0.0889 0.0627     3    2
   9151   0.03024 0.3025 0.1585 0.1004 0.0807 0.0638     0    0
   9161   0.02409 0.2070 0.1237 0.0841 0.0621 0.0446     0    0
   9171   0.02687 0.2247 0.1379 0.0790 0.0605 0.0383     0    0
   9181   0.05741 0.2149 0.1570 0.1210 0.0852 0.0711     0    0
   9191   0.01992 0.1928 0.1113 0.0691 0.0571 0.0437     0    0
   9201   0.03151 0.2775 0.1337 0.0923 0.0757 0.0504     0    0
   9211   0.02649 0.1838 0.1034 0.0898 0.0664 0.0506     0    0
   9221   0.03025 0.2182 0.1510 0.1000 0.0687 0.0518     0    0
   9231   0.03951 0.2051 0.1508 0.0947 0.0699 0.0541     2    2
   9241   0.03233 0.3177 0.1733 0.0970 0.0698 0.0541     0    0
   9251   0.03714 0.1981 0.1176 0.0843 0.0638 0.0581     0    0
   9261   0.03497 0.2648 0.1553 0.0991 0.0755 0.0562     0    0
   9271   0.03091 0.1493 0.0944 0.0668 0.0563 0.0481     0    0
   9281   0.04182 0.2809 0.1806 0.1129 0.0759 0.0631     0    0
   9291   0.03075 0.1510 0.1134 0.0766 0.0626 0.0525     0    0
   9301   0.03607 0.2261 0.1194 0.0862 0.0628 0.0511     0    0
   9311   0.03287 0.3351 0.1864 0.1142 0.0834 0.0626     0    0
   9321   0.02297 0.1830 0.1147 0.0709 0.0504 0.0381     0    0
   9331   0.02847 0.3331 0.2303 0.1240 0.0983 0.0606     0    0
   9341   0.02880 0.2085 0.1123 0.0836 0.0606 0.0523     0    0
   9351   0.03873 0.1896 0.1360 0.0895 0.0643 0.0495     0    0
   9361   0.03378 0.2488 0.1552 0.1030 0.0812 0.0665     0    0
   9371   0.03964 0.2235 0.1363 0.0861 0.0749 0.0547     0    0
   9381   0.02610 0.2392 0.1410 0.1032 0.0619 0.0474     0    0
   9391   0.04219 0.1689 0.1065 0.0714 0.0600 0.0495     0    0
   9401   0.03665 0.2314 0.1323 0.0953 0.0745 0.0497     0    0
   9411   0.03009 0.1832 0.1245 0.0975 0.0704 0.0592     0    0
   9421   0.02972 0.2203 0.1375 0.0812 0.0636 0.0378     0    0
   9431   0.03259 0.2060 0.1140 0.0818 0.0671 0.0572     0    0
   9441   0.03036 0.2177 0.1381 0.0775 0.0600 0.0465     0    0
   9451   0.02851 0.3590 0.2220 0.1319 0.0847 0.0600     0    0
   9461   0.03323 0.2144 0.1331 0.0920 0.0625 0.0474     1    1
   9471   0.03754 0.3297 0.1918 0.1320 0.1050 0.0577     2    2
   9481   0.04368 0.2432 0.1166 0.0821 0.0692 0.0588     1    1
   9491   0.03561 0.2318 0.1557 0.1197 0.0648 0.0616     0    0
   9501   0.03816 0.2692 0.1367 0.0993 0.0729 0.0533     0    0
   9511   0.03107 0.1746 0.1234 0.0878 0.0678 0.0578     0    0
   9521   0.02738 0.2252 0.1696 0.0945 0.0669 0.0400     0    0
   9531   0.02393 0.2498 0.1692 0.0922 0.0681 0.0403     0    0
   9541   0.03576 0.2105 0.1501 0.0884 0.0677 0.0454     0    0
   9551   0.02726 0.1576 0.0963 0.0756 0.0618 0.0435     0    0
   9561   0.03202 0.1909 0.1277 0.0962 0.0574 0.0455     0    0
   9571   0.03507 0.1830 0.1135 0.0877 0.0677 0.0483     0    0
   9581   0.02687 0.2687 0.1529 0.1001 0.0706 0.0579     0    0
   9591   0.03070 0.2489 0.1162 0.0962 0.0805 0.0454     1    1
   9601   0.03446 0.2577 0.1454 0.0926 0.0728 0.0552     0    0
   9611   0.03859 0.2759 0.1466 0.1076 0.0924 0.0603     0    0
   9621   0.03647 0.1746 0.1232 0.0882 0.0705 0.0522     0    0
   9631   0.05062 0.2066 0.1340 0.0850 0.0758 0.0608     0    0
   9641   0.03199 0.1654 0.1072 0.0909 0.0709 0.0409     0    0
   9651   0.02279 0.3388 0.2314 0.1548 0.0861 0.0411     0    0
   9661   0.03299 0.2025 0.1353 0.0921 0.0673 0.0546     0    0
   9671   0.04508 0.3026 0.1933 0.1256 0.0927 0.0671     0    0
   9681   0.02888 0.1865 0.1384 0.0895 0.0647 0.0479     0    0
   9691   0.02011 0.2506 0.1732 0.1089 0.0623 0.0453     0    0
   9701   0.04803 0.2552 0.1318 0.1257 0.0914 0.0699     0    0
   9711   0.03022 0.1837 0.1142 0.0919 0.0652 0.0572     0    0
   9721   0.02709 0.2150 0.1296 0.0778 0.0630 0.0495     0    0
   9731   0.02650 0.2019 0.1174 0.0946 0.0772 0.0537     0    0
   9741   0.03915 0.2351 0.1601 0.1277 0.0801 0.0705     0    0
   9751   0.03456 0.1910 0.1052 0.0745 0.0554 0.0421     0    0
   9761   0.02640 0.2829 0.1629 0.1180 0.0799 0.0444     1    1
   9771   0.03276 0.3233 0.1766 0.0998 0.0623 0.0466     1    1
   9781   0.03007 0.2022 0.1310 0.0724 0.0504 0.0441     0    0
   9791   0.03115 0.2587 0.1584 0.1096 0.0775 0.0588     0    0
   9801   0.03704 0.2152 0.1304 0.0805 0.0578 0.0474     0    0
   9811   0.03122 0.2180 0.1827 0.0996 0.0674 0.0484     0    0
   9821   0.02602 0.2095 0.1228 0.0787 0.0649 0.0540     0    0
   9831   0.03680 0.1791 0.1163 0.0738 0.0635 0.0548     0    0
   9841   0.02745 0.2704 0.1286 0.0812 0.0659 0.0505     0    0
   9851   0.03435 0.3088 0.1414 0.1096 0.0781 0.0542     1    1
   9861   0.04269 0.2319 0.1584 0.0908 0.0649 0.0511     0    0
   9871   0.03989 0.3018 0.1565 0.1449 0.1034 0.0762     1    1
   9881   0.04659 0.2332 0.1634 0.1310 0.0930 0.0732     0    0
   9891   0.02831 0.2197 0.1366 0.1105 0.0738 0.0526     0    0
   9901   0.02764 0.1569 0.1002 0.0821 0.0619 0.0410     0    0
   9911   0.01691 0.1912 0.1364 0.0903 0.0730 0.0499     0    0
   9921   0.04045 0.3206 0.1811 0.1117 0.0705 0.0569     0    0
   9931   0.02600 0.3206 0.1712 0.1284 0.0901 0.0563     0    0
   9941   0.03563 0.2820 0.1378 0.1229 0.0744 0.0578     0    0
   9951   0.03625 0.2336 0.1293 0.0995 0.0744 0.0581     1    1
   9961   0.04024 0.2080 0.1314 0.0974 0.0697 0.0638     0    0
   9971   0.02533 0.2250 0.1264 0.0924 0.0594 0.0439     0    0
   9981   0.04360 0.2170 0.1397 0.0833 0.0719 0.0523     1    1
   9991   0.04569 0.1653 0.1390 0.0887 0.0807 0.0599     0    0
# 1000 lambda in 793s -> broad_w_400_s0.json
