MODE=w J=800 R=400 lambda = 3..1999 step 4 (odd only)
    lam  Lam_long b8     b16    b32    b64    b128    pre6  dbr
      3   0.03710 0.2530 0.1408 0.0986 0.0702 0.0565     0    0
      7   0.04383 0.2521 0.1560 0.1198 0.0921 0.0754     0    0
     11   0.04041 0.2900 0.1901 0.1293 0.0922 0.0696     2    1
     15   0.05146 0.2840 0.1850 0.1428 0.1080 0.0750     0    0
     19   0.04060 0.2643 0.1821 0.1318 0.0868 0.0657     1    1
     23   0.04334 0.3193 0.1499 0.1130 0.0843 0.0620     1    1
     27   0.03706 0.2537 0.1412 0.0982 0.0704 0.0566     0    0
     31   0.03990 0.2806 0.1819 0.1277 0.0951 0.0712     0    0
     35   0.03805 0.2563 0.1611 0.1308 0.0838 0.0691     0    0
     39   0.04371 0.2336 0.1717 0.1127 0.0879 0.0735     0    0
     43   0.04401 0.2644 0.1400 0.0939 0.0720 0.0631     0    0
     47   0.03625 0.2921 0.1766 0.0998 0.0790 0.0626     0    0
     51   0.03886 0.2982 0.1780 0.1104 0.0771 0.0647     0    0
     55   0.03428 0.2418 0.1392 0.0975 0.0855 0.0638     0    0
     59   0.04253 0.2204 0.1460 0.0990 0.0818 0.0609     2    2
     63   0.04207 0.2521 0.1592 0.1215 0.0925 0.0756     1    1
     67   0.04632 0.2295 0.1263 0.0886 0.0761 0.0605     0    0
     71   0.04258 0.3008 0.1866 0.1232 0.0955 0.0713     0    0
     75   0.03731 0.2235 0.1444 0.0960 0.0714 0.0585     0    0
     79   0.03508 0.2532 0.1462 0.1173 0.0878 0.0572     0    0
     83   0.03865 0.2986 0.1523 0.1090 0.0691 0.0565     0    0
     87   0.03348 0.2317 0.1588 0.1058 0.0833 0.0674     1    1
     91   0.03519 0.2078 0.1379 0.1009 0.0748 0.0647     0    0
     95   0.04399 0.2585 0.1692 0.1053 0.0927 0.0690     1    1
     99   0.04010 0.2899 0.1901 0.1296 0.0922 0.0696     1    1
    103   0.03512 0.2039 0.1444 0.1037 0.0832 0.0667     0    0
    107   0.04823 0.2488 0.1465 0.0964 0.0726 0.0600     0    0
    111   0.05147 0.3734 0.2028 0.1156 0.0899 0.0708     1    1
    115   0.04618 0.2136 0.1473 0.0999 0.0814 0.0651     0    0
    119   0.04154 0.2546 0.1434 0.1077 0.0747 0.0585     0    0
    123   0.05374 0.3201 0.2086 0.1175 0.0842 0.0697     0    0
    127   0.03718 0.2530 0.1370 0.1030 0.0811 0.0584     0    0
    131   0.04907 0.2903 0.1728 0.1028 0.0815 0.0661     3    3
    135   0.05060 0.2854 0.1846 0.1432 0.1083 0.0751     0    0
    139   0.04271 0.2176 0.1815 0.1058 0.0726 0.0665     0    0
    143   0.03729 0.2027 0.1384 0.0936 0.0744 0.0590     0    0
    147   0.04098 0.2680 0.1532 0.1084 0.0788 0.0647     2    1
    151   0.04192 0.2698 0.2147 0.1371 0.1045 0.0814     0    0
    155   0.04185 0.2427 0.1747 0.1109 0.0840 0.0633     0    0
    159   0.04826 0.2097 0.1382 0.1024 0.0749 0.0647     0    0
    163   0.03738 0.2465 0.1627 0.1408 0.1025 0.0788     0    0
    167   0.03723 0.2643 0.1805 0.1219 0.0858 0.0652     0    0
    171   0.03974 0.2643 0.1837 0.1318 0.0868 0.0659     0    0
    175   0.04301 0.2623 0.1699 0.1192 0.0859 0.0616     0    0
    179   0.04515 0.2439 0.1790 0.1088 0.0791 0.0616     1    1
    183   0.04610 0.2433 0.1834 0.1083 0.0770 0.0693     1    1
    187   0.04515 0.2846 0.1691 0.1270 0.0821 0.0650     1    1
    191   0.04519 0.4264 0.2340 0.1348 0.0974 0.0756     1    1
    195   0.03973 0.2359 0.1696 0.1126 0.0836 0.0691     1    1
    199   0.04438 0.2744 0.1620 0.1111 0.0720 0.0645     0    0
    203   0.03707 0.2898 0.1729 0.1059 0.0715 0.0631     0    0
    207   0.04302 0.3192 0.1471 0.1077 0.0833 0.0620     0    0
    211   0.04561 0.2997 0.1961 0.1252 0.0844 0.0688     0    0
    215   0.03806 0.2510 0.1626 0.1198 0.0683 0.0560     0    0
    219   0.04134 0.2817 0.2431 0.1413 0.1091 0.0753     1    1
    223   0.03745 0.2296 0.1447 0.0993 0.0827 0.0675     0    0
    227   0.04326 0.2425 0.1754 0.1321 0.0897 0.0704     0    0
    231   0.03819 0.2225 0.1964 0.1194 0.0835 0.0706     0    0
    235   0.03218 0.2627 0.1645 0.1032 0.0747 0.0622     1    1
    239   0.03650 0.2367 0.1641 0.1077 0.0818 0.0698     0    0
    243   0.03799 0.2540 0.1413 0.0981 0.0705 0.0563     1    1
    247   0.04199 0.2403 0.1497 0.0978 0.0717 0.0576     0    0
    251   0.03843 0.2235 0.1488 0.1081 0.0828 0.0611     1    1
    255   0.04057 0.4055 0.2468 0.1519 0.0958 0.0756     2    2
    259   0.04035 0.3086 0.1723 0.1136 0.0955 0.0697     0    0
    263   0.03912 0.1980 0.1360 0.1074 0.0804 0.0659     0    0
    267   0.04114 0.2779 0.1837 0.1067 0.0772 0.0681     0    0
    271   0.03977 0.3340 0.1594 0.1119 0.0727 0.0608     0    0
    275   0.03984 0.2260 0.1402 0.0922 0.0742 0.0602     3    2
    279   0.04011 0.2807 0.1819 0.1277 0.0957 0.0711     0    0
    283   0.04162 0.2552 0.1390 0.1145 0.0806 0.0666     1    1
    287   0.04484 0.3286 0.1746 0.1275 0.0870 0.0708     0    0
    291   0.04228 0.3134 0.1743 0.1100 0.0779 0.0681     0    0
    295   0.04277 0.2280 0.1524 0.1001 0.0819 0.0613     1    1
    299   0.03572 0.2190 0.1634 0.1026 0.0753 0.0615     1    1
    303   0.03523 0.2864 0.1390 0.1062 0.0736 0.0600     0    0
    307   0.04783 0.2072 0.1706 0.1022 0.0821 0.0720     0    0
    311   0.04566 0.3854 0.2606 0.1716 0.1121 0.0861     0    0
    315   0.03839 0.2550 0.1611 0.1308 0.0838 0.0689     1    1
    319   0.03972 0.2463 0.1426 0.1056 0.0905 0.0688     1    1
    323   0.04391 0.2361 0.1836 0.1152 0.0879 0.0709     1    1
    327   0.03374 0.2111 0.1527 0.1029 0.0788 0.0697     1    1
    331   0.05246 0.2786 0.1940 0.1223 0.1009 0.0751     0    0
    335   0.04338 0.2698 0.1420 0.1066 0.0780 0.0647     0    0
    339   0.03680 0.2952 0.1664 0.1199 0.0829 0.0671     1    1
    343   0.03448 0.2739 0.1670 0.1125 0.0787 0.0674     2    2
    347   0.04356 0.2640 0.1643 0.1163 0.0831 0.0661     3    2
    351   0.04544 0.2340 0.1717 0.1127 0.0879 0.0735     1    1
    355   0.04651 0.2291 0.1580 0.1058 0.0776 0.0694     0    0
    359   0.03742 0.2374 0.1675 0.0998 0.0737 0.0607     1    1
    363   0.04494 0.4419 0.2056 0.1313 0.0913 0.0697     0    0
    367   0.03667 0.3460 0.1710 0.1174 0.0866 0.0634     0    0
    371   0.03651 0.2141 0.1351 0.0984 0.0819 0.0619     0    0
    375   0.02961 0.2986 0.1702 0.0967 0.0776 0.0611     0    0
    379   0.04463 0.2274 0.1380 0.1097 0.0785 0.0682     1    1
    383   0.04038 0.2134 0.1747 0.1229 0.0820 0.0628     0    0
    387   0.04497 0.2655 0.1379 0.0943 0.0735 0.0607     0    0
    391   0.04475 0.2536 0.1604 0.1053 0.0860 0.0694     1    1
    395   0.04277 0.2604 0.1536 0.1038 0.0787 0.0718     1    1
    399   0.03486 0.2895 0.1857 0.1222 0.0826 0.0640     0    0
    403   0.04113 0.4165 0.2240 0.1433 0.0974 0.0713     0    0
    407   0.04663 0.4084 0.2279 0.1383 0.0990 0.0717     1    1
    411   0.03913 0.2223 0.1352 0.0946 0.0764 0.0695     0    0
    415   0.03633 0.2573 0.1801 0.1288 0.0841 0.0667     0    0
    419   0.04954 0.2851 0.1525 0.1137 0.0938 0.0714     0    0
    423   0.03833 0.2921 0.1601 0.0900 0.0765 0.0622     1    1
    427   0.03386 0.2505 0.1922 0.1202 0.0818 0.0667     0    0
    431   0.04850 0.2380 0.1692 0.1192 0.1021 0.0706     0    0
    435   0.04346 0.2799 0.1610 0.1080 0.0849 0.0697     1    1
    439   0.04206 0.3567 0.1965 0.1151 0.0772 0.0638     1    1
    443   0.04288 0.3020 0.1688 0.1071 0.0754 0.0647     4    2
    447   0.04065 0.2279 0.1383 0.0956 0.0780 0.0632     0    0
    451   0.04148 0.2373 0.1359 0.0980 0.0729 0.0557     0    0
    455   0.04624 0.3088 0.1695 0.1234 0.0806 0.0728     0    0
    459   0.04020 0.2948 0.1763 0.1096 0.0767 0.0646     0    0
    463   0.03920 0.2078 0.1585 0.1059 0.0810 0.0663     0    0
    467   0.04805 0.2655 0.1804 0.1194 0.0822 0.0654     0    0
    471   0.03807 0.1695 0.1143 0.0840 0.0678 0.0615     0    0
    475   0.03295 0.2335 0.1647 0.1040 0.0789 0.0635     0    0
    479   0.03865 0.2638 0.1761 0.1164 0.0838 0.0647     0    0
    483   0.03865 0.2395 0.2005 0.1183 0.0894 0.0751     0    0
    487   0.04307 0.2502 0.1695 0.1127 0.0980 0.0666     0    0
    491   0.04532 0.2893 0.1767 0.1193 0.0812 0.0623     1    1
    495   0.03625 0.2432 0.1386 0.0979 0.0856 0.0638     0    0
    499   0.04234 0.2408 0.1205 0.1058 0.0753 0.0591     1    1
    503   0.03504 0.2518 0.1648 0.1054 0.0759 0.0609     0    0
    507   0.03684 0.2425 0.1415 0.1151 0.0739 0.0678     0    0
    511   0.03712 0.2929 0.1737 0.1115 0.0839 0.0751     0    0
    515   0.04553 0.2779 0.1395 0.0914 0.0744 0.0644     0    0
    519   0.05010 0.2040 0.1532 0.0982 0.0787 0.0668     0    0
    523   0.03619 0.2494 0.1310 0.0974 0.0774 0.0636     1    1
    527   0.04754 0.2804 0.2031 0.1424 0.1088 0.0817     0    0
    531   0.04097 0.2198 0.1457 0.0949 0.0820 0.0607     1    1
    535   0.04534 0.2338 0.1459 0.1025 0.0737 0.0595     2    2
    539   0.04195 0.2045 0.1480 0.0904 0.0774 0.0571     0    0
    543   0.05239 0.2536 0.1694 0.1193 0.0787 0.0636     0    0
    547   0.03660 0.2986 0.1858 0.1311 0.0957 0.0692     0    0
    551   0.03591 0.2469 0.1453 0.1120 0.0844 0.0614     0    0
    555   0.04384 0.2775 0.1778 0.1270 0.0953 0.0779     0    0
    559   0.05088 0.2715 0.1456 0.1043 0.0799 0.0676     1    1
    563   0.03859 0.2107 0.1533 0.1018 0.0728 0.0580     0    0
    567   0.04138 0.2521 0.1657 0.1247 0.0923 0.0755     1    1
    571   0.03716 0.2685 0.1754 0.1068 0.0977 0.0786     0    0
    575   0.03774 0.2134 0.1268 0.1108 0.0776 0.0656     0    0
    579   0.04620 0.3577 0.2071 0.1029 0.0783 0.0684     1    1
    583   0.04227 0.2691 0.2063 0.1129 0.0807 0.0684     0    0
    587   0.04370 0.2494 0.2164 0.1182 0.0762 0.0635     0    0
    591   0.04110 0.2451 0.1620 0.0976 0.0876 0.0648     1    1
    595   0.03666 0.3599 0.2192 0.1267 0.1043 0.0715     1    1
    599   0.04930 0.3077 0.1588 0.1014 0.0891 0.0646     0    0
    603   0.04535 0.2295 0.1300 0.0887 0.0763 0.0614     0    0
    607   0.03525 0.2422 0.1471 0.1108 0.0864 0.0667     1    1
    611   0.04265 0.3391 0.1697 0.1022 0.0802 0.0724     1    1
    615   0.04139 0.3103 0.1778 0.1164 0.0788 0.0673     3    1
    619   0.04385 0.2562 0.1580 0.0951 0.0750 0.0635     0    0
    623   0.03963 0.2323 0.1413 0.1134 0.0754 0.0639     2    1
    627   0.03941 0.2414 0.1613 0.1179 0.0909 0.0704     0    0
    631   0.04305 0.2740 0.1682 0.1043 0.0849 0.0636     1    1
    635   0.03843 0.2186 0.1417 0.1052 0.0786 0.0647     2    2
    639   0.04039 0.3007 0.1879 0.1254 0.0955 0.0712     0    0
    643   0.04031 0.2955 0.1570 0.1043 0.0800 0.0641     0    0
    647   0.04096 0.3422 0.2192 0.1247 0.0903 0.0685     1    1
    651   0.03263 0.2355 0.1345 0.1004 0.0682 0.0594     0    0
    655   0.03493 0.2210 0.1179 0.0817 0.0738 0.0536     1    1
    659   0.03753 0.3089 0.2124 0.1422 0.0991 0.0743     1    1
    663   0.04130 0.2294 0.1849 0.1057 0.0806 0.0614     0    0
    667   0.03824 0.2561 0.1451 0.1044 0.0758 0.0597     0    0
    671   0.03533 0.2039 0.1288 0.0772 0.0651 0.0528     0    0
    675   0.03817 0.2235 0.1467 0.0963 0.0717 0.0586     0    0
    679   0.04244 0.2909 0.1571 0.1358 0.0851 0.0723     0    0
    683   0.03940 0.2416 0.1460 0.1044 0.0816 0.0677     0    0
    687   0.04474 0.4191 0.2214 0.1239 0.0955 0.0775     0    0
    691   0.04582 0.2584 0.1728 0.1193 0.0943 0.0756     0    0
    695   0.03820 0.2906 0.1470 0.1118 0.0864 0.0701     1    1
    699   0.03847 0.2012 0.1198 0.0867 0.0718 0.0593     0    0
    703   0.03831 0.3117 0.1722 0.1072 0.0949 0.0654     0    0
    707   0.04405 0.2919 0.1637 0.1309 0.0847 0.0665     0    0
    711   0.03185 0.2529 0.1461 0.1189 0.0878 0.0551     0    0
    715   0.04013 0.2142 0.1447 0.1020 0.0789 0.0639     0    0
    719   0.04835 0.2649 0.1677 0.1099 0.0875 0.0713     0    0
    723   0.03428 0.3077 0.2044 0.1272 0.0744 0.0624     0    0
    727   0.03263 0.3418 0.1659 0.1221 0.0860 0.0660     0    0
    731   0.04306 0.2380 0.1668 0.1091 0.0942 0.0665     1    1
    735   0.04177 0.2026 0.1418 0.0986 0.0691 0.0601     0    0
    739   0.04168 0.2528 0.1420 0.0960 0.0844 0.0704     2    1
