MODE=w J=800 R=400 lambda = 1..1999 step 4 (odd only)
    lam  Lam_long b8     b16    b32    b64    b128    pre6  dbr
      1   0.03324 0.2262 0.1070 0.0863 0.0597 0.0540     0    0
      5   0.04532 0.2057 0.1467 0.1087 0.0742 0.0661     0    0
      9   0.03374 0.2381 0.1070 0.0878 0.0590 0.0547     0    0
     13   0.04304 0.2273 0.1657 0.1335 0.0884 0.0665     0    0
     17   0.04377 0.2250 0.1357 0.0977 0.0679 0.0575     0    0
     21   0.04088 0.2592 0.1641 0.1125 0.0855 0.0667     1    1
     25   0.03934 0.2739 0.1712 0.1051 0.0712 0.0568     0    0
     29   0.03767 0.1955 0.1367 0.1053 0.0737 0.0662     0    0
     33   0.04114 0.3472 0.2533 0.1886 0.1156 0.0784     2    1
     37   0.04660 0.4320 0.2208 0.1244 0.0816 0.0668     0    0
     41   0.04871 0.2950 0.1992 0.1329 0.0893 0.0677     1    1
     45   0.04556 0.2055 0.1525 0.1102 0.0743 0.0661     0    0
     49   0.04352 0.3035 0.1646 0.0981 0.0738 0.0652     1    1
     53   0.04240 0.2027 0.1224 0.0890 0.0644 0.0532     0    0
     57   0.03827 0.2956 0.1745 0.1141 0.0786 0.0639     0    0
     61   0.03683 0.3035 0.1913 0.1250 0.0905 0.0685     1    1
     65   0.03776 0.2160 0.1251 0.1016 0.0778 0.0620     1    1
     69   0.04353 0.2781 0.1917 0.1113 0.0960 0.0704     0    0
     73   0.04270 0.3558 0.1529 0.1213 0.0761 0.0638     2    1
     77   0.03930 0.2554 0.1768 0.1048 0.0781 0.0647     0    0
     81   0.03331 0.2299 0.1043 0.0850 0.0595 0.0546     0    0
     85   0.03694 0.4547 0.2887 0.1731 0.1189 0.0819     3    3
     89   0.03815 0.2598 0.1693 0.1301 0.0872 0.0716     0    0
     93   0.04045 0.3187 0.2056 0.1337 0.0956 0.0628     1    1
     97   0.04320 0.3207 0.1986 0.1199 0.0785 0.0735     0    0
    101   0.04136 0.2599 0.1911 0.1213 0.0875 0.0607     0    0
    105   0.04430 0.2631 0.1907 0.1233 0.0904 0.0687     1    1
    109   0.03941 0.2437 0.1391 0.1292 0.0802 0.0689     1    1
    113   0.04330 0.3205 0.1884 0.1227 0.0948 0.0711     1    1
    117   0.04158 0.2301 0.1657 0.1334 0.0887 0.0667     0    0
    121   0.04308 0.3150 0.1996 0.1252 0.0879 0.0694     0    0
    125   0.03224 0.3334 0.2106 0.1274 0.1070 0.0799     0    0
    129   0.04138 0.2533 0.1295 0.1004 0.0694 0.0569     0    0
    133   0.03169 0.2280 0.1505 0.1073 0.0815 0.0561     0    0
    137   0.03617 0.2331 0.1509 0.1203 0.0811 0.0666     0    0
    141   0.03246 0.2300 0.1290 0.0869 0.0730 0.0581     1    1
    145   0.04093 0.1958 0.1402 0.1001 0.0674 0.0603     1    1
    149   0.04026 0.2340 0.1584 0.1072 0.0709 0.0646     1    1
    153   0.04567 0.2285 0.1406 0.1177 0.0795 0.0599     0    0
    157   0.04127 0.2568 0.1669 0.1021 0.0715 0.0603     0    0
    161   0.04282 0.2706 0.1616 0.1107 0.0816 0.0636     0    0
    165   0.04758 0.3240 0.2172 0.1240 0.0930 0.0683     0    0
    169   0.03411 0.2674 0.1592 0.1015 0.0786 0.0633     0    0
    173   0.04984 0.2320 0.1529 0.1207 0.0837 0.0711     0    0
    177   0.04502 0.1972 0.1286 0.0963 0.0742 0.0641     2    2
    181   0.04078 0.2348 0.1372 0.0981 0.0707 0.0599     0    0
    185   0.04242 0.2748 0.1606 0.1006 0.0836 0.0673     0    0
    189   0.04076 0.2505 0.1641 0.1125 0.0861 0.0675     2    1
    193   0.05033 0.4021 0.2031 0.1290 0.0919 0.0727     0    0
    197   0.04767 0.2930 0.2058 0.1205 0.0973 0.0736     1    1
    201   0.04025 0.2763 0.1348 0.1082 0.0705 0.0634     1    1
    205   0.04119 0.2581 0.1531 0.0930 0.0785 0.0653     4    2
    209   0.04298 0.2501 0.1535 0.1194 0.0791 0.0687     0    0
    213   0.03974 0.2890 0.1936 0.1261 0.0921 0.0717     0    0
    217   0.03837 0.2990 0.2158 0.1086 0.0774 0.0637     0    0
    221   0.03754 0.2744 0.1735 0.1077 0.0717 0.0651     0    0
    225   0.03977 0.2739 0.1497 0.1092 0.0717 0.0568     0    0
    229   0.04608 0.3431 0.1959 0.1257 0.0908 0.0706     1    1
    233   0.04293 0.2650 0.1761 0.1067 0.0805 0.0684     0    0
    237   0.03276 0.2330 0.1390 0.1130 0.0848 0.0660     0    0
    241   0.04040 0.2812 0.1859 0.1116 0.0865 0.0701     0    0
    245   0.03965 0.2221 0.1381 0.1134 0.0748 0.0565     0    0
    249   0.04416 0.2380 0.1444 0.1081 0.0797 0.0632     0    0
    253   0.03940 0.2782 0.1645 0.0973 0.0850 0.0638     1    1
    257   0.04583 0.2560 0.1347 0.0998 0.0761 0.0673     0    0
    261   0.03890 0.1956 0.1373 0.1085 0.0737 0.0660     2    1
    265   0.04012 0.2419 0.1531 0.1093 0.0840 0.0780     0    0
    269   0.04304 0.2198 0.1281 0.0968 0.0774 0.0605     0    0
    273   0.03574 0.2536 0.1421 0.0950 0.0690 0.0585     1    1
    277   0.04099 0.2913 0.1638 0.1231 0.0863 0.0646     2    1
    281   0.04388 0.2573 0.1763 0.0999 0.0877 0.0651     0    0
    285   0.04001 0.2179 0.1527 0.0965 0.0818 0.0744     1    1
    289   0.05305 0.4093 0.1907 0.1251 0.0981 0.0726     0    0
    293   0.03678 0.3503 0.2043 0.1082 0.0817 0.0568     2    2
    297   0.04149 0.3472 0.2533 0.1886 0.1156 0.0787     0    0
    301   0.04088 0.2559 0.1992 0.1229 0.0753 0.0618     0    0
    305   0.04663 0.3507 0.1961 0.1311 0.0902 0.0695     0    0
    309   0.03510 0.2180 0.1697 0.1157 0.0794 0.0703     0    0
    313   0.03890 0.2396 0.1250 0.1002 0.0766 0.0686     0    0
    317   0.03912 0.2788 0.1621 0.0953 0.0737 0.0570     1    1
    321   0.04598 0.2592 0.1536 0.0871 0.0761 0.0640     0    0
    325   0.03449 0.2214 0.1451 0.0973 0.0740 0.0644     0    0
    329   0.04733 0.2428 0.1599 0.0975 0.0726 0.0576     0    0
    333   0.04447 0.4320 0.2214 0.1256 0.0815 0.0654     0    0
    337   0.03738 0.2134 0.1357 0.0874 0.0718 0.0606     0    0
    341   0.04519 0.2178 0.1295 0.0893 0.0771 0.0623     3    2
    345   0.03703 0.2510 0.1401 0.1038 0.0766 0.0673     0    0
    349   0.04193 0.2265 0.1775 0.1281 0.0890 0.0680     1    1
    353   0.03547 0.2297 0.1607 0.0972 0.0839 0.0634     1    1
    357   0.04001 0.2943 0.1752 0.1169 0.0771 0.0633     0    0
    361   0.03220 0.3497 0.1768 0.1071 0.0800 0.0638     0    0
    365   0.03861 0.2356 0.1322 0.0989 0.0711 0.0621     0    0
    369   0.05069 0.3040 0.2126 0.1346 0.0903 0.0682     0    0
    373   0.04715 0.2951 0.1708 0.1260 0.0888 0.0671     0    0
    377   0.04246 0.2226 0.1329 0.1088 0.0783 0.0617     0    0
    381   0.03996 0.2436 0.1490 0.1048 0.0803 0.0671     0    0
    385   0.04156 0.2645 0.1674 0.1026 0.0765 0.0636     0    0
    389   0.03851 0.1949 0.1460 0.1054 0.0728 0.0665     0    0
    393   0.05000 0.2236 0.1266 0.0953 0.0765 0.0629     1    1
    397   0.04036 0.2440 0.1622 0.1283 0.0740 0.0673     0    0
    401   0.03666 0.3951 0.2192 0.1280 0.0870 0.0741     0    0
    405   0.04479 0.2055 0.1517 0.1104 0.0743 0.0657     0    0
    409   0.04104 0.2860 0.1530 0.1002 0.0736 0.0627     1    1
    413   0.03748 0.2388 0.1884 0.0935 0.0684 0.0639     0    0
    417   0.03814 0.2489 0.1698 0.1081 0.0897 0.0683     0    0
    421   0.03856 0.2552 0.1621 0.1082 0.0774 0.0689     1    1
    425   0.03391 0.2224 0.1461 0.0925 0.0772 0.0608     1    1
    429   0.03702 0.2693 0.1763 0.1145 0.0881 0.0694     0    0
    433   0.03666 0.2925 0.1753 0.1034 0.0953 0.0728     0    0
    437   0.03725 0.3083 0.1668 0.1300 0.0847 0.0663     1    1
    441   0.04227 0.3036 0.1647 0.0981 0.0739 0.0650     2    1
    445   0.04390 0.2244 0.1524 0.1073 0.0737 0.0628     2    2
    449   0.04025 0.3774 0.1896 0.1242 0.0813 0.0726     0    0
    453   0.04096 0.2610 0.1396 0.1038 0.0761 0.0681     0    0
    457   0.04449 0.2406 0.1523 0.1026 0.0908 0.0763     0    0
    461   0.04250 0.2479 0.1646 0.1120 0.0856 0.0621     0    0
    465   0.04495 0.2928 0.1608 0.1180 0.0876 0.0686     0    0
    469   0.04907 0.2314 0.1531 0.0905 0.0760 0.0603     0    0
    473   0.03983 0.2954 0.1942 0.1217 0.0848 0.0701     0    0
    477   0.04344 0.2031 0.1237 0.0890 0.0644 0.0529     0    0
    481   0.03361 0.2727 0.1967 0.1174 0.0700 0.0588     1    1
    485   0.04630 0.2429 0.1586 0.1146 0.0857 0.0712     2    1
    489   0.03571 0.2501 0.1356 0.1165 0.0912 0.0615     0    0
    493   0.02651 0.1843 0.1410 0.0947 0.0673 0.0545     0    0
    497   0.04578 0.2601 0.1619 0.1239 0.0908 0.0709     1    1
    501   0.04288 0.2576 0.1613 0.1107 0.0919 0.0665     0    0
    505   0.03516 0.2545 0.1411 0.1028 0.0779 0.0633     0    0
    509   0.03328 0.2224 0.1692 0.1328 0.1036 0.0739     0    0
    513   0.03804 0.2644 0.1693 0.1028 0.0735 0.0630     1    1
    517   0.04695 0.3105 0.1968 0.1073 0.0808 0.0687     0    0
    521   0.04553 0.3266 0.1401 0.1017 0.0870 0.0659     0    0
    525   0.04330 0.3647 0.2350 0.1464 0.1146 0.0865     0    0
    529   0.04063 0.2433 0.1364 0.0945 0.0686 0.0550     1    1
    533   0.04256 0.2869 0.1876 0.1144 0.0944 0.0742     0    0
    537   0.03736 0.2666 0.1446 0.1174 0.0910 0.0705     1    1
    541   0.03710 0.2364 0.1554 0.1004 0.0858 0.0643     0    0
    545   0.04944 0.2650 0.1939 0.1130 0.0857 0.0640     1    1
    549   0.03789 0.3035 0.1911 0.1333 0.0903 0.0684     1    1
    553   0.04351 0.2381 0.1577 0.1052 0.0822 0.0723     0    0
    557   0.03610 0.3328 0.1700 0.0954 0.0701 0.0643     0    0
    561   0.04241 0.2837 0.1805 0.1209 0.0907 0.0646     2    2
    565   0.05007 0.2595 0.1650 0.1486 0.0996 0.0696     1    1
    569   0.04253 0.3516 0.1837 0.1229 0.0864 0.0614     0    0
    573   0.04529 0.4374 0.2687 0.1478 0.0994 0.0739     1    1
    577   0.04462 0.3323 0.2137 0.1390 0.1109 0.0739     1    1
    581   0.04183 0.2042 0.1479 0.1162 0.0768 0.0591     0    0
    585   0.03659 0.2171 0.1264 0.1000 0.0778 0.0625     0    0
    589   0.04272 0.2555 0.1605 0.1108 0.0791 0.0689     0    0
    593   0.03847 0.2868 0.1839 0.1217 0.0904 0.0673     0    0
    597   0.04662 0.2015 0.1448 0.0957 0.0717 0.0645     0    0
    601   0.03868 0.2082 0.1103 0.0844 0.0711 0.0591     0    0
    605   0.03776 0.2646 0.1916 0.1203 0.0878 0.0689     0    0
    609   0.03856 0.3770 0.2297 0.1421 0.0962 0.0648     1    1
    613   0.04105 0.2246 0.1431 0.1009 0.0901 0.0718     0    0
    617   0.04008 0.2765 0.1556 0.1031 0.0920 0.0638     0    0
    621   0.04553 0.2632 0.1842 0.1075 0.0961 0.0717     0    0
    625   0.04420 0.3105 0.1907 0.1326 0.0991 0.0728     1    1
    629   0.04548 0.2611 0.2046 0.1343 0.0841 0.0717     1    1
    633   0.03601 0.3087 0.1863 0.1217 0.0753 0.0648     1    1
    637   0.03713 0.3080 0.2261 0.1291 0.0795 0.0624     0    0
    641   0.04570 0.2117 0.1426 0.0901 0.0688 0.0600     0    0
    645   0.04005 0.2413 0.1834 0.1069 0.0781 0.0655     0    0
    649   0.04799 0.2088 0.1525 0.0920 0.0743 0.0641     0    0
    653   0.03631 0.2034 0.1301 0.0961 0.0791 0.0645     1    1
    657   0.04145 0.2963 0.1566 0.1214 0.0722 0.0601     0    0
    661   0.04418 0.2945 0.1812 0.1313 0.0847 0.0692     0    0
    665   0.03839 0.1962 0.1743 0.1193 0.0908 0.0699     0    0
    669   0.03489 0.2213 0.1382 0.0940 0.0763 0.0654     0    0
    673   0.04452 0.3491 0.1897 0.1347 0.0974 0.0686     0    0
    677   0.04732 0.2769 0.1809 0.1322 0.0996 0.0695     0    0
    681   0.04338 0.3022 0.1860 0.1268 0.0812 0.0667     1    1
    685   0.04519 0.3067 0.2074 0.1181 0.0877 0.0700     0    0
    689   0.03748 0.1954 0.1152 0.0830 0.0647 0.0550     0    0
    693   0.03921 0.2557 0.1780 0.1065 0.0786 0.0648     0    0
    697   0.03766 0.2047 0.1598 0.1038 0.0783 0.0673     0    0
    701   0.03749 0.2371 0.1486 0.1132 0.0811 0.0616     3    2
    705   0.03566 0.1735 0.1248 0.0921 0.0729 0.0651     2    1
    709   0.04363 0.2136 0.1756 0.1145 0.0788 0.0642     0    0
    713   0.04337 0.2358 0.1674 0.0969 0.0757 0.0637     0    0
    717   0.04320 0.2388 0.1562 0.1114 0.0957 0.0717     0    0
    721   0.03768 0.2242 0.1282 0.0968 0.0755 0.0621     0    0
    725   0.03964 0.2487 0.1415 0.0924 0.0744 0.0641     0    0
    729   0.03619 0.2138 0.1042 0.0807 0.0598 0.0554     1    1
