MODE=w J=400 R=200 lambda = 3..9999 step 10 (odd only)
    lam  Lam_long b8     b16    b32    b64    b128    pre6  dbr
      3   0.03281 0.2426 0.1398 0.1110 0.0824 0.0590     0    0
     13   0.02969 0.2817 0.1599 0.1298 0.0837 0.0616     1    1
     23   0.04030 0.1905 0.1186 0.0773 0.0579 0.0515     0    0
     33   0.02923 0.2217 0.1787 0.1133 0.0714 0.0469     0    0
     43   0.03860 0.1822 0.1529 0.0977 0.0648 0.0552     0    0
     53   0.02648 0.2238 0.1162 0.0852 0.0636 0.0496     1    1
     63   0.02933 0.1790 0.1327 0.0866 0.0575 0.0449     0    0
     73   0.03276 0.2290 0.1509 0.1032 0.0747 0.0599     0    0
     83   0.04974 0.2088 0.1227 0.0931 0.0635 0.0572     0    0
     93   0.03760 0.2043 0.1338 0.1052 0.0794 0.0586     0    0
    103   0.04147 0.1725 0.1284 0.0968 0.0672 0.0541     0    0
    113   0.03644 0.2362 0.1512 0.1210 0.0754 0.0626     0    0
    123   0.03532 0.1802 0.1526 0.1087 0.0651 0.0470     1    1
    133   0.02781 0.2229 0.1290 0.0838 0.0678 0.0518     1    1
    143   0.02218 0.2069 0.1133 0.0911 0.0702 0.0391     0    0
    153   0.02180 0.2182 0.1100 0.0861 0.0638 0.0491     1    1
    163   0.03998 0.2985 0.1653 0.0937 0.0747 0.0597     0    0
    173   0.03325 0.2646 0.1661 0.0853 0.0736 0.0555     0    0
    183   0.02750 0.2074 0.1402 0.1085 0.0842 0.0502     0    0
    193   0.02779 0.2815 0.1419 0.0844 0.0787 0.0484     2    2
    203   0.03559 0.3071 0.1749 0.1350 0.0892 0.0501     0    0
    213   0.03473 0.1685 0.1053 0.0859 0.0541 0.0456     0    0
    223   0.04074 0.2449 0.1551 0.1124 0.0885 0.0688     0    0
    233   0.05077 0.3351 0.1844 0.1250 0.0842 0.0686     0    0
    243   0.03534 0.2810 0.1406 0.1164 0.0880 0.0589     0    0
    253   0.02606 0.1723 0.1115 0.0922 0.0626 0.0511     0    0
    263   0.03586 0.1958 0.1577 0.0959 0.0761 0.0564     0    0
    273   0.03621 0.2642 0.1407 0.1017 0.0622 0.0535     0    0
    283   0.02054 0.1887 0.1030 0.0673 0.0526 0.0384     0    0
    293   0.04028 0.2700 0.1713 0.1116 0.0900 0.0526     0    0
    303   0.02825 0.1838 0.1176 0.0934 0.0679 0.0453     1    1
    313   0.05212 0.2392 0.1612 0.1194 0.0887 0.0658     0    0
    323   0.02790 0.1516 0.0994 0.0733 0.0542 0.0460     0    0
    333   0.03501 0.1989 0.1015 0.0861 0.0693 0.0528     0    0
    343   0.03322 0.2432 0.1853 0.1030 0.0754 0.0450     0    0
    353   0.02742 0.2078 0.1283 0.0763 0.0525 0.0442     0    0
    363   0.03247 0.3536 0.1694 0.0962 0.0634 0.0580     0    0
    373   0.04103 0.4562 0.2623 0.1516 0.0817 0.0660     0    0
    383   0.03478 0.2056 0.1060 0.0800 0.0600 0.0507     1    1
    393   0.04658 0.2621 0.1570 0.0860 0.0648 0.0554     0    0
    403   0.03324 0.2425 0.1349 0.0999 0.0749 0.0611     0    0
    413   0.02718 0.2416 0.1615 0.0973 0.0626 0.0546     0    0
    423   0.02644 0.2470 0.1603 0.1191 0.0859 0.0631     0    0
    433   0.03699 0.2949 0.1619 0.1236 0.0745 0.0515     0    0
    443   0.03337 0.1869 0.1030 0.0952 0.0722 0.0617     0    0
    453   0.04303 0.2352 0.1189 0.0995 0.0640 0.0549     0    0
    463   0.03589 0.2594 0.1899 0.1026 0.0705 0.0581     1    1
    473   0.03646 0.2002 0.1357 0.0950 0.0694 0.0442     0    0
    483   0.03826 0.2608 0.2022 0.1135 0.0828 0.0602     0    0
    493   0.02796 0.2904 0.1621 0.1018 0.0742 0.0510     0    0
    503   0.05182 0.2646 0.1744 0.1213 0.0734 0.0671     2    1
    513   0.03106 0.1901 0.1053 0.0836 0.0608 0.0553     0    0
    523   0.03337 0.2574 0.1889 0.1008 0.0904 0.0464     0    0
    533   0.02330 0.1556 0.1086 0.0707 0.0616 0.0444     1    1
    543   0.01852 0.2609 0.1295 0.0774 0.0687 0.0406     2    2
    553   0.02803 0.2687 0.1482 0.1049 0.0524 0.0482     1    1
    563   0.03400 0.2053 0.1471 0.0864 0.0586 0.0459     0    0
    573   0.03236 0.3763 0.1426 0.1187 0.0807 0.0576     1    1
    583   0.02926 0.1682 0.1048 0.0705 0.0616 0.0503     0    0
    593   0.02486 0.1857 0.1359 0.1109 0.0783 0.0520     1    1
    603   0.02703 0.1819 0.1076 0.0691 0.0535 0.0465     0    0
    613   0.03837 0.2540 0.1207 0.1036 0.0765 0.0664     0    0
    623   0.03920 0.2446 0.1560 0.1072 0.0657 0.0433     1    1
    633   0.02961 0.2959 0.2172 0.1398 0.0710 0.0631     0    0
    643   0.03732 0.2635 0.1973 0.1140 0.0704 0.0465     1    1
    653   0.03990 0.2761 0.1403 0.0985 0.0742 0.0546     0    0
    663   0.02792 0.2495 0.1280 0.0808 0.0679 0.0550     0    0
    673   0.02432 0.1597 0.1000 0.0714 0.0580 0.0399     0    0
    683   0.03560 0.2567 0.1506 0.1197 0.0725 0.0435     0    0
    693   0.04274 0.2924 0.1989 0.1204 0.0875 0.0613     0    0
    703   0.03729 0.2466 0.1323 0.0803 0.0614 0.0470     1    1
    713   0.03963 0.2351 0.1393 0.1076 0.0665 0.0618     0    0
    723   0.03218 0.2319 0.1366 0.0932 0.0694 0.0548     0    0
    733   0.02685 0.2339 0.1354 0.0899 0.0649 0.0561     1    1
    743   0.03668 0.3033 0.1595 0.1047 0.0710 0.0552     0    0
    753   0.02984 0.2331 0.1643 0.1445 0.0906 0.0469     0    0
    763   0.02281 0.2072 0.1364 0.0998 0.0684 0.0427     2    1
    773   0.02101 0.2709 0.1484 0.1182 0.0840 0.0648     0    0
    783   0.02867 0.1885 0.1402 0.0763 0.0638 0.0447     0    0
    793   0.03030 0.1506 0.1052 0.0847 0.0625 0.0416     0    0
    803   0.04995 0.3284 0.2375 0.1268 0.0761 0.0684     0    0
    813   0.03451 0.3251 0.1531 0.1048 0.0806 0.0599     0    0
    823   0.03991 0.2416 0.1463 0.1213 0.0818 0.0671     0    0
    833   0.03729 0.3672 0.2020 0.1289 0.0818 0.0601     0    0
    843   0.03033 0.1866 0.0898 0.0697 0.0485 0.0406     0    0
    853   0.03201 0.3080 0.1946 0.1085 0.0803 0.0626     0    0
    863   0.04202 0.2510 0.1353 0.1036 0.0841 0.0720     0    0
    873   0.02457 0.2390 0.1501 0.1050 0.0568 0.0512     1    1
    883   0.01834 0.2695 0.1499 0.0847 0.0666 0.0470     0    0
    893   0.03856 0.2671 0.1607 0.0852 0.0778 0.0590     0    0
    903   0.03357 0.2593 0.1304 0.0788 0.0742 0.0496     0    0
    913   0.03542 0.2261 0.1684 0.1146 0.0714 0.0608     0    0
    923   0.01918 0.2382 0.1433 0.1092 0.0902 0.0537     0    0
    933   0.02513 0.2352 0.1644 0.0831 0.0681 0.0562     0    0
    943   0.04462 0.3223 0.1733 0.1233 0.0990 0.0604     0    0
    953   0.02925 0.2004 0.1387 0.0747 0.0535 0.0443     1    1
    963   0.03175 0.2769 0.2059 0.1371 0.0847 0.0598     0    0
    973   0.02699 0.2682 0.1426 0.0924 0.0666 0.0468     0    0
    983   0.03987 0.2580 0.1743 0.1038 0.0690 0.0530     2    1
    993   0.02329 0.2118 0.1766 0.1139 0.0788 0.0570     0    0
   1003   0.02529 0.2275 0.1470 0.1027 0.0723 0.0546     0    0
   1013   0.03516 0.2200 0.1342 0.0933 0.0692 0.0527     0    0
   1023   0.03294 0.1777 0.1265 0.0806 0.0701 0.0511     0    0
   1033   0.04126 0.2216 0.1377 0.0823 0.0607 0.0489     0    0
   1043   0.02832 0.2229 0.1384 0.0956 0.0796 0.0439     1    1
   1053   0.03398 0.2660 0.1721 0.1329 0.0851 0.0601     0    0
   1063   0.02829 0.2365 0.1389 0.0946 0.0576 0.0427     0    0
   1073   0.02893 0.1788 0.1200 0.0921 0.0617 0.0468     0    0
   1083   0.03380 0.5242 0.2843 0.1703 0.0858 0.0485     0    0
   1093   0.02793 0.1761 0.1186 0.0904 0.0629 0.0405     0    0
   1103   0.03500 0.2500 0.1679 0.0936 0.0599 0.0454     1    1
   1113   0.04505 0.2182 0.1598 0.1017 0.0757 0.0583     0    0
   1123   0.04200 0.2645 0.1849 0.0993 0.0655 0.0542     0    0
   1133   0.02694 0.1825 0.1257 0.0830 0.0599 0.0463     0    0
   1143   0.02347 0.2753 0.1446 0.1111 0.0767 0.0429     0    0
   1153   0.03064 0.1956 0.1201 0.0848 0.0640 0.0548     0    0
   1163   0.02692 0.1597 0.0997 0.0684 0.0575 0.0517     2    1
   1173   0.03802 0.2334 0.1411 0.1068 0.0727 0.0562     2    1
   1183   0.04265 0.2047 0.1608 0.1066 0.0797 0.0660     0    0
   1193   0.02426 0.2672 0.1367 0.0990 0.0765 0.0579     0    0
   1203   0.02781 0.2476 0.1771 0.1307 0.0865 0.0666     1    1
   1213   0.02884 0.3744 0.2028 0.1254 0.0772 0.0583     0    0
   1223   0.03356 0.2312 0.1328 0.0940 0.0705 0.0598     0    0
   1233   0.03039 0.2554 0.1892 0.0850 0.0603 0.0465     0    0
   1243   0.03565 0.2023 0.1334 0.0985 0.0778 0.0666     1    1
   1253   0.03438 0.1787 0.1460 0.0970 0.0617 0.0505     0    0
   1263   0.03458 0.2286 0.1628 0.0967 0.0712 0.0582     0    0
   1273   0.03576 0.1849 0.1378 0.1001 0.0690 0.0512     1    1
   1283   0.03279 0.2652 0.1618 0.0808 0.0731 0.0523     0    0
   1293   0.03719 0.2425 0.1605 0.1049 0.0716 0.0559     0    0
   1303   0.02818 0.1951 0.1115 0.0877 0.0714 0.0461     0    0
   1313   0.03830 0.2310 0.1563 0.1101 0.0856 0.0720     0    0
   1323   0.03802 0.2942 0.1686 0.1085 0.0833 0.0621     0    0
   1333   0.03554 0.3578 0.1865 0.1312 0.0939 0.0684     0    0
   1343   0.03790 0.2781 0.1831 0.1006 0.0887 0.0567     0    0
   1353   0.02661 0.2170 0.1305 0.0924 0.0784 0.0596     0    0
   1363   0.03728 0.2509 0.1590 0.1117 0.0778 0.0625     0    0
   1373   0.03070 0.3439 0.1752 0.0906 0.0685 0.0624     1    1
   1383   0.03288 0.1616 0.1108 0.0843 0.0733 0.0567     0    0
   1393   0.04500 0.2546 0.1458 0.0922 0.0768 0.0616     0    0
   1403   0.02632 0.2070 0.1178 0.0841 0.0647 0.0431     0    0
   1413   0.01562 0.1485 0.0836 0.0666 0.0461 0.0327     0    0
   1423   0.02720 0.1883 0.1035 0.0690 0.0569 0.0485     0    0
   1433   0.03090 0.1421 0.0995 0.0762 0.0623 0.0480     0    0
   1443   0.04050 0.2141 0.1499 0.0940 0.0582 0.0431     0    0
   1453   0.03123 0.2637 0.1551 0.0981 0.0677 0.0556     2    2
   1463   0.02066 0.2214 0.1475 0.1017 0.0688 0.0545     0    0
   1473   0.03709 0.1899 0.1454 0.1001 0.0717 0.0527     0    0
   1483   0.02690 0.2224 0.1388 0.0956 0.0724 0.0552     0    0
   1493   0.03176 0.2512 0.1228 0.0890 0.0608 0.0533     0    0
   1503   0.03511 0.2865 0.1681 0.1348 0.0782 0.0470     1    1
   1513   0.03072 0.2014 0.1340 0.0740 0.0508 0.0444     0    0
   1523   0.02833 0.1812 0.1070 0.0720 0.0564 0.0426     0    0
   1533   0.03127 0.2586 0.1563 0.0991 0.0726 0.0498     1    1
   1543   0.02389 0.2086 0.1388 0.1031 0.0667 0.0452     0    0
   1553   0.02908 0.2320 0.1522 0.0821 0.0622 0.0488     0    0
   1563   0.03139 0.1649 0.1063 0.0950 0.0633 0.0524     0    0
   1573   0.02600 0.1987 0.1333 0.0754 0.0620 0.0450     0    0
   1583   0.03327 0.1974 0.1495 0.1005 0.0695 0.0608     0    0
   1593   0.03547 0.1455 0.0965 0.0796 0.0631 0.0506     0    0
   1603   0.04568 0.1800 0.1440 0.0904 0.0675 0.0571     0    0
   1613   0.02344 0.2193 0.1540 0.0907 0.0731 0.0612     0    0
   1623   0.04081 0.1675 0.1279 0.0833 0.0580 0.0460     0    0
   1633   0.03293 0.1940 0.1525 0.1094 0.0769 0.0578     0    0
   1643   0.03784 0.1658 0.0978 0.0737 0.0606 0.0436     0    0
   1653   0.03657 0.2219 0.1207 0.0720 0.0613 0.0495     0    0
   1663   0.03340 0.2202 0.1388 0.1038 0.0591 0.0519     0    0
   1673   0.03805 0.3195 0.2004 0.1265 0.0917 0.0660     0    0
   1683   0.03581 0.1550 0.1063 0.0796 0.0559 0.0476     0    0
   1693   0.03289 0.1718 0.1231 0.0774 0.0662 0.0530     0    0
   1703   0.03151 0.1706 0.1156 0.0764 0.0613 0.0410     0    0
   1713   0.03370 0.2518 0.1595 0.0943 0.0699 0.0503     1    1
   1723   0.03386 0.1618 0.1095 0.0938 0.0647 0.0511     0    0
   1733   0.03628 0.1932 0.1581 0.0956 0.0715 0.0583     1    1
   1743   0.06269 0.4176 0.2574 0.1491 0.0946 0.0684     0    0
   1753   0.04054 0.1806 0.1258 0.0993 0.0619 0.0562     0    0
   1763   0.02964 0.2240 0.1476 0.0829 0.0662 0.0367     0    0
   1773   0.03687 0.2216 0.1309 0.1018 0.0663 0.0489     0    0
   1783   0.03245 0.2204 0.1260 0.0976 0.0699 0.0579     2    2
   1793   0.02784 0.2326 0.1352 0.0846 0.0675 0.0477     1    1
   1803   0.02557 0.2170 0.1403 0.0703 0.0588 0.0440     0    0
   1813   0.04332 0.2121 0.1445 0.0885 0.0769 0.0504     1    1
   1823   0.02849 0.2428 0.1277 0.0822 0.0564 0.0425     0    0
   1833   0.05832 0.2584 0.1461 0.0987 0.0785 0.0662     1    1
   1843   0.01259 0.2472 0.1434 0.1059 0.0802 0.0387     0    0
   1853   0.04563 0.2398 0.1408 0.0953 0.0808 0.0666     1    1
   1863   0.03546 0.2048 0.1228 0.0846 0.0590 0.0466     0    0
   1873   0.02603 0.3894 0.2868 0.1824 0.0962 0.0386     0    0
   1883   0.03387 0.1750 0.1086 0.0808 0.0585 0.0499     0    0
   1893   0.03598 0.2556 0.1662 0.0928 0.0810 0.0556     0    0
   1903   0.03208 0.1532 0.1106 0.0797 0.0625 0.0497     2    1
   1913   0.03556 0.2136 0.1271 0.0901 0.0669 0.0561     0    0
   1923   0.04889 0.2836 0.1756 0.1150 0.0855 0.0647     0    0
   1933   0.03298 0.2707 0.1516 0.0937 0.0712 0.0452     1    1
   1943   0.03146 0.2006 0.1379 0.0794 0.0657 0.0569     0    0
   1953   0.02997 0.1873 0.1432 0.1124 0.0864 0.0656     0    0
   1963   0.02790 0.2717 0.1824 0.1113 0.0862 0.0614     0    0
   1973   0.03344 0.2482 0.1567 0.1140 0.0877 0.0658     1    1
   1983   0.03672 0.2554 0.1678 0.1013 0.0679 0.0566     0    0
   1993   0.03045 0.2420 0.1462 0.1130 0.0762 0.0645     1    1
   2003   0.03665 0.2548 0.1573 0.1026 0.0703 0.0565     0    0
   2013   0.03293 0.1542 0.1226 0.0853 0.0612 0.0551     0    0
   2023   0.03156 0.1617 0.1243 0.0886 0.0656 0.0443     0    0
   2033   0.03073 0.1812 0.1173 0.0819 0.0641 0.0483     0    0
   2043   0.02623 0.2403 0.1425 0.0843 0.0668 0.0502     0    0
   2053   0.03204 0.2309 0.1352 0.0902 0.0702 0.0526     0    0
   2063   0.01344 0.2234 0.1379 0.0736 0.0670 0.0499     0    0
   2073   0.03385 0.1935 0.1525 0.0996 0.0747 0.0550     1    1
   2083   0.03948 0.2740 0.1347 0.1015 0.0721 0.0543     0    0
   2093   0.03204 0.2457 0.1348 0.0975 0.0694 0.0447     0    0
   2103   0.04044 0.1996 0.1607 0.1107 0.0866 0.0628     0    0
   2113   0.04242 0.2324 0.1442 0.1099 0.0717 0.0602     0    0
   2123   0.02430 0.2080 0.1325 0.0769 0.0650 0.0516     0    0
   2133   0.03747 0.1696 0.1188 0.0879 0.0618 0.0580     0    0
   2143   0.03712 0.2796 0.2251 0.1218 0.0873 0.0749     0    0
   2153   0.02859 0.1832 0.1129 0.0832 0.0630 0.0486     0    0
   2163   0.02686 0.1432 0.1055 0.0690 0.0506 0.0431     0    0
   2173   0.03425 0.2541 0.1497 0.1000 0.0650 0.0587     0    0
   2183   0.04236 0.2263 0.1389 0.1133 0.0880 0.0684     1    1
   2193   0.03872 0.2355 0.1220 0.0889 0.0705 0.0598     0    0
   2203   0.01465 0.2331 0.1397 0.0851 0.0665 0.0442     0    0
   2213   0.04112 0.1628 0.1234 0.0852 0.0655 0.0529     0    0
   2223   0.01603 0.1824 0.1323 0.0999 0.0757 0.0477     0    0
   2233   0.02379 0.1766 0.1157 0.0918 0.0669 0.0469     0    0
   2243   0.03314 0.1913 0.1398 0.0907 0.0750 0.0581     0    0
   2253   0.03648 0.2523 0.1745 0.1037 0.0791 0.0627     0    0
   2263   0.02945 0.2836 0.1749 0.1220 0.0795 0.0633     0    0
   2273   0.05066 0.2135 0.1676 0.0954 0.0687 0.0602     0    0
   2283   0.03389 0.2345 0.1584 0.0993 0.0770 0.0629     1    1
   2293   0.02016 0.2023 0.1609 0.0950 0.0754 0.0465     0    0
   2303   0.03200 0.2176 0.1346 0.0870 0.0717 0.0533     0    0
   2313   0.03477 0.2383 0.1212 0.0758 0.0554 0.0437     0    0
   2323   0.03885 0.1965 0.1223 0.0892 0.0746 0.0570     1    1
   2333   0.04951 0.2451 0.1549 0.1178 0.0808 0.0668     0    0
   2343   0.03956 0.2694 0.1682 0.1224 0.0892 0.0686     0    0
   2353   0.03094 0.2285 0.1646 0.0943 0.0748 0.0514     1    1
   2363   0.02789 0.2842 0.1603 0.1146 0.0742 0.0479     0    0
   2373   0.02505 0.2094 0.1147 0.0909 0.0666 0.0592     0    0
   2383   0.02617 0.1693 0.1377 0.0946 0.0686 0.0577     0    0
   2393   0.01767 0.2564 0.1386 0.0842 0.0640 0.0469     0    0
   2403   0.03879 0.2011 0.1283 0.0837 0.0605 0.0483     0    0
   2413   0.02112 0.2366 0.1327 0.0907 0.0642 0.0452     0    0
   2423   0.04355 0.2402 0.1523 0.1169 0.0892 0.0469     1    1
   2433   0.03142 0.2346 0.1281 0.0841 0.0561 0.0486     2    2
   2443   0.04348 0.1853 0.1545 0.0862 0.0757 0.0564     0    0
   2453   0.04202 0.2228 0.1399 0.0910 0.0632 0.0563     0    0
   2463   0.03843 0.1969 0.1342 0.0799 0.0640 0.0537     0    0
   2473   0.04163 0.2143 0.1231 0.0916 0.0711 0.0581     0    0
   2483   0.02584 0.1766 0.1189 0.0799 0.0589 0.0415     0    0
   2493   0.04598 0.2865 0.1781 0.1243 0.0995 0.0730     0    0
   2503   0.03116 0.2018 0.1270 0.0858 0.0626 0.0504     0    0
   2513   0.03767 0.1939 0.1393 0.1127 0.0759 0.0566     0    0
   2523   0.02380 0.2349 0.1202 0.0840 0.0559 0.0355     0    0
   2533   0.02425 0.2044 0.1342 0.0973 0.0736 0.0514     0    0
   2543   0.03589 0.2036 0.1529 0.0968 0.0662 0.0520     0    0
   2553   0.03172 0.3196 0.1939 0.1106 0.0842 0.0665     1    1
   2563   0.04664 0.2614 0.1516 0.1129 0.0670 0.0565     2    2
   2573   0.03626 0.2095 0.1207 0.0701 0.0547 0.0380     0    0
   2583   0.03524 0.2240 0.1365 0.0826 0.0723 0.0464     0    0
   2593   0.03259 0.2266 0.1371 0.1182 0.0857 0.0611     0    0
   2603   0.03659 0.1945 0.1598 0.0901 0.0675 0.0577     0    0
   2613   0.03167 0.1913 0.1134 0.0761 0.0630 0.0509     0    0
   2623   0.04445 0.2829 0.1418 0.1252 0.0813 0.0615     0    0
   2633   0.03894 0.1918 0.1272 0.0971 0.0665 0.0558     0    0
   2643   0.04013 0.2717 0.1683 0.0973 0.0756 0.0583     0    0
   2653   0.03631 0.1787 0.1089 0.0773 0.0567 0.0470     0    0
   2663   0.04207 0.2669 0.1608 0.0920 0.0702 0.0538     0    0
   2673   0.02754 0.2217 0.1921 0.1082 0.0753 0.0500     0    0
   2683   0.04668 0.2493 0.1290 0.0942 0.0679 0.0559     0    0
   2693   0.04066 0.2216 0.1299 0.0945 0.0671 0.0547     0    0
   2703   0.03355 0.2195 0.1482 0.0955 0.0683 0.0601     0    0
   2713   0.02799 0.2624 0.1971 0.1193 0.0918 0.0496     0    0
   2723   0.03259 0.1752 0.1276 0.0791 0.0614 0.0472     1    1
   2733   0.03761 0.1996 0.1247 0.0766 0.0642 0.0507     0    0
   2743   0.03218 0.1338 0.1161 0.0679 0.0590 0.0432     0    0
   2753   0.03074 0.2348 0.1328 0.0949 0.0728 0.0581     1    1
   2763   0.02417 0.2123 0.1312 0.0847 0.0641 0.0489     0    0
   2773   0.01810 0.1618 0.1097 0.0768 0.0565 0.0447     0    0
   2783   0.03813 0.2231 0.1529 0.1077 0.0933 0.0757     0    0
   2793   0.04052 0.3072 0.1949 0.1478 0.1035 0.0727     0    0
   2803   0.02239 0.1997 0.1296 0.0729 0.0571 0.0432     0    0
   2813   0.04126 0.1865 0.1080 0.0851 0.0603 0.0550     0    0
   2823   0.03655 0.2010 0.1368 0.0868 0.0671 0.0529     0    0
   2833   0.05132 0.3014 0.1692 0.1179 0.0748 0.0668     0    0
   2843   0.03711 0.3393 0.1685 0.0994 0.0792 0.0573     0    0
   2853   0.02623 0.1778 0.0926 0.0814 0.0615 0.0532     0    0
   2863   0.04306 0.2617 0.1151 0.0898 0.0718 0.0569     0    0
   2873   0.03978 0.3460 0.1925 0.1102 0.0859 0.0688     0    0
   2883   0.01576 0.1613 0.1209 0.0725 0.0591 0.0347     0    0
   2893   0.03151 0.2679 0.1930 0.1105 0.0788 0.0523     0    0
   2903   0.04876 0.2301 0.1338 0.0849 0.0695 0.0567     1    1
   2913   0.03824 0.1585 0.1317 0.0844 0.0633 0.0544     0    0
   2923   0.03306 0.2034 0.1133 0.0758 0.0579 0.0489     1    1
   2933   0.02753 0.2278 0.1480 0.1036 0.0641 0.0464     0    0
   2943   0.03056 0.2089 0.1502 0.0963 0.0611 0.0433     1    1
   2953   0.03876 0.2042 0.1158 0.0810 0.0650 0.0561     0    0
   2963   0.02698 0.1575 0.0979 0.0648 0.0617 0.0428     0    0
   2973   0.02979 0.2591 0.1766 0.1035 0.0644 0.0481     2    1
   2983   0.03682 0.2272 0.1473 0.1011 0.0610 0.0507     1    1
   2993   0.02194 0.1734 0.1364 0.0638 0.0506 0.0414     0    0
   3003   0.03893 0.2886 0.1676 0.1227 0.0884 0.0676     0    0
   3013   0.02972 0.1881 0.1128 0.0771 0.0613 0.0400     0    0
   3023   0.03811 0.1919 0.1213 0.0858 0.0728 0.0518     1    1
   3033   0.02970 0.2349 0.1722 0.1021 0.0639 0.0422     0    0
   3043   0.02793 0.1775 0.1080 0.0780 0.0559 0.0448     0    0
   3053   0.03379 0.2320 0.1478 0.1057 0.0760 0.0513     0    0
   3063   0.03728 0.2223 0.1401 0.1071 0.0673 0.0557     0    0
   3073   0.02592 0.2350 0.1836 0.0993 0.0678 0.0549     2    1
   3083   0.02456 0.2088 0.1386 0.0934 0.0764 0.0558     0    0
   3093   0.04178 0.2175 0.1138 0.0750 0.0693 0.0519     0    0
   3103   0.04135 0.1557 0.1281 0.0734 0.0481 0.0439     0    0
   3113   0.02981 0.2606 0.1484 0.1050 0.0778 0.0516     0    0
   3123   0.04877 0.2169 0.1491 0.0895 0.0674 0.0629     1    1
   3133   0.01883 0.1883 0.1154 0.0893 0.0637 0.0448     0    0
   3143   0.04230 0.2029 0.1276 0.0814 0.0736 0.0568     0    0
   3153   0.03630 0.2590 0.1456 0.1093 0.0768 0.0491     0    0
   3163   0.01536 0.1803 0.0974 0.0692 0.0536 0.0383     0    0
   3173   0.03190 0.2319 0.1345 0.0940 0.0804 0.0616     0    0
   3183   0.03582 0.1811 0.1084 0.0785 0.0595 0.0521     1    1
   3193   0.01571 0.2713 0.1434 0.1011 0.0770 0.0507     1    1
   3203   0.03097 0.3397 0.1706 0.0936 0.0874 0.0566     0    0
   3213   0.03146 0.2149 0.1405 0.0854 0.0588 0.0515     0    0
   3223   0.05066 0.2694 0.1739 0.1163 0.0800 0.0589     0    0
   3233   0.03239 0.2292 0.1561 0.0909 0.0690 0.0584     0    0
   3243   0.02702 0.2313 0.1152 0.0827 0.0589 0.0465     0    0
   3253   0.03368 0.2010 0.1162 0.0881 0.0733 0.0478     0    0
   3263   0.03312 0.2274 0.1703 0.0993 0.0853 0.0632     0    0
   3273   0.02325 0.1973 0.1347 0.0804 0.0705 0.0457     0    0
   3283   0.02962 0.2630 0.1511 0.1191 0.0898 0.0482     0    0
   3293   0.02143 0.2585 0.1456 0.0950 0.0793 0.0582     0    0
   3303   0.04717 0.3517 0.2073 0.1313 0.0902 0.0676     0    0
   3313   0.03032 0.1679 0.1254 0.0779 0.0635 0.0485     0    0
   3323   0.03896 0.2859 0.1972 0.1205 0.0773 0.0614     0    0
   3333   0.04426 0.1937 0.1323 0.0967 0.0740 0.0573     2    1
   3343   0.03325 0.1979 0.1417 0.1137 0.0720 0.0541     0    0
   3353   0.03731 0.1992 0.1328 0.1046 0.0927 0.0647     0    0
   3363   0.04236 0.2132 0.1903 0.1177 0.0743 0.0531     0    0
   3373   0.03029 0.2986 0.1535 0.1103 0.0752 0.0553     0    0
   3383   0.01479 0.2098 0.1706 0.1079 0.0550 0.0410     1    1
   3393   0.02145 0.3814 0.1929 0.0835 0.0707 0.0508     0    0
   3403   0.03483 0.1866 0.1348 0.0867 0.0648 0.0513     1    1
   3413   0.02365 0.2031 0.1021 0.0724 0.0585 0.0509     0    0
   3423   0.03710 0.2230 0.1762 0.1262 0.0885 0.0638     0    0
   3433   0.03213 0.2009 0.1124 0.0892 0.0696 0.0459     0    0
   3443   0.04174 0.1807 0.1368 0.0986 0.0758 0.0633     0    0
   3453   0.03044 0.2242 0.1420 0.0860 0.0682 0.0601     0    0
   3463   0.05299 0.3940 0.2389 0.1399 0.0985 0.0702     1    1
   3473   0.03114 0.1564 0.0985 0.0731 0.0652 0.0418     0    0
   3483   0.02023 0.1836 0.1503 0.0849 0.0656 0.0493     0    0
   3493   0.02850 0.1813 0.1050 0.0769 0.0577 0.0445     0    0
   3503   0.04080 0.2084 0.1369 0.0790 0.0652 0.0536     0    0
   3513   0.03404 0.3016 0.1508 0.0927 0.0808 0.0600     0    0
   3523   0.03533 0.1872 0.1293 0.0854 0.0653 0.0533     0    0
   3533   0.03227 0.2000 0.1486 0.0920 0.0665 0.0465     0    0
   3543   0.02180 0.1740 0.1183 0.0701 0.0606 0.0436     0    0
   3553   0.01581 0.2156 0.1442 0.1073 0.0677 0.0451     0    0
   3563   0.03498 0.2626 0.1789 0.1090 0.0692 0.0559     1    1
   3573   0.03329 0.2077 0.1348 0.0895 0.0765 0.0550     0    0
   3583   0.03442 0.1761 0.1240 0.0896 0.0681 0.0549     0    0
   3593   0.03510 0.2185 0.1344 0.0885 0.0619 0.0516     0    0
   3603   0.03280 0.3024 0.1490 0.0993 0.0618 0.0468     0    0
   3613   0.04052 0.2136 0.1172 0.0893 0.0649 0.0582     0    0
   3623   0.02779 0.1781 0.1248 0.0865 0.0661 0.0577     0    0
   3633   0.03567 0.2297 0.1450 0.0809 0.0675 0.0490     1    1
   3643   0.04020 0.1733 0.1115 0.0809 0.0622 0.0526     0    0
   3653   0.04491 0.3456 0.1921 0.1391 0.0751 0.0664     0    0
   3663   0.03592 0.2520 0.1452 0.1166 0.0811 0.0505     0    0
   3673   0.03537 0.2595 0.1806 0.0939 0.0623 0.0520     1    1
   3683   0.03814 0.2304 0.1426 0.1044 0.0793 0.0609     0    0
   3693   0.02710 0.1608 0.1213 0.0839 0.0591 0.0530     0    0
   3703   0.02768 0.2842 0.1971 0.1134 0.0738 0.0449     0    0
   3713   0.03671 0.2630 0.1611 0.1083 0.0884 0.0665     0    0
   3723   0.02351 0.2066 0.1232 0.0841 0.0572 0.0440     0    0
   3733   0.03751 0.2627 0.1346 0.1068 0.0850 0.0636     0    0
   3743   0.03289 0.2184 0.1505 0.0858 0.0678 0.0551     0    0
   3753   0.03082 0.4226 0.2274 0.1521 0.1079 0.0746     0    0
   3763   0.01805 0.1487 0.1087 0.0790 0.0666 0.0518     0    0
   3773   0.02944 0.3541 0.1805 0.1203 0.0809 0.0557     0    0
   3783   0.02925 0.1903 0.1352 0.0759 0.0675 0.0476     0    0
   3793   0.04825 0.4356 0.2000 0.1020 0.0832 0.0763     0    0
   3803   0.03074 0.3207 0.1999 0.1087 0.0952 0.0629     0    0
   3813   0.02952 0.1584 0.1126 0.0830 0.0656 0.0584     0    0
   3823   0.04540 0.2482 0.1339 0.1059 0.0721 0.0551     0    0
   3833   0.02459 0.1710 0.1133 0.0823 0.0632 0.0419     0    0
   3843   0.03511 0.2164 0.1498 0.0993 0.0762 0.0602     0    0
   3853   0.04831 0.3502 0.2367 0.1376 0.0922 0.0641     0    0
   3863   0.04543 0.3438 0.1850 0.1228 0.0806 0.0697     0    0
   3873   0.03172 0.2264 0.1453 0.0786 0.0564 0.0489     0    0
   3883   0.04024 0.1874 0.1248 0.0933 0.0716 0.0590     0    0
   3893   0.02698 0.2575 0.1416 0.1254 0.0966 0.0517     0    0
   3903   0.03368 0.2980 0.1759 0.0844 0.0739 0.0555     0    0
   3913   0.02750 0.2742 0.1701 0.0976 0.0722 0.0434     0    0
   3923   0.02826 0.2045 0.1216 0.1033 0.0644 0.0486     0    0
   3933   0.02499 0.3248 0.1867 0.1163 0.0811 0.0493     0    0
   3943   0.02710 0.1801 0.1259 0.0857 0.0552 0.0434     0    0
   3953   0.03570 0.1930 0.1290 0.0966 0.0760 0.0594     0    0
   3963   0.03868 0.2784 0.1666 0.1091 0.0780 0.0626     0    0
   3973   0.03551 0.2167 0.1030 0.0843 0.0598 0.0493     2    1
   3983   0.03245 0.2872 0.1619 0.1059 0.0802 0.0625     0    0
   3993   0.02878 0.2155 0.1186 0.0795 0.0599 0.0521     0    0
   4003   0.04100 0.1983 0.1509 0.0946 0.0753 0.0617     0    0
   4013   0.03682 0.2848 0.1577 0.1071 0.0895 0.0452     0    0
   4023   0.03798 0.2162 0.1383 0.0910 0.0526 0.0462     0    0
   4033   0.03894 0.2170 0.1126 0.1005 0.0687 0.0523     0    0
   4043   0.03805 0.2069 0.1129 0.0773 0.0605 0.0481     0    0
   4053   0.05079 0.2893 0.1988 0.1317 0.0871 0.0719     0    0
   4063   0.02945 0.2053 0.0958 0.0857 0.0615 0.0461     1    1
   4073   0.05320 0.3539 0.1801 0.1471 0.0977 0.0737     0    0
   4083   0.03122 0.1826 0.1327 0.0876 0.0744 0.0553     0    0
   4093   0.03277 0.1608 0.1198 0.0846 0.0691 0.0490     0    0
   4103   0.03481 0.2962 0.1625 0.0827 0.0700 0.0581     0    0
   4113   0.02987 0.2171 0.1231 0.0854 0.0627 0.0532     0    0
   4123   0.04706 0.3632 0.1898 0.1235 0.0830 0.0667     0    0
   4133   0.04224 0.2292 0.1299 0.1028 0.0651 0.0528     1    1
   4143   0.02943 0.2465 0.1848 0.1266 0.0897 0.0537     0    0
   4153   0.04816 0.2227 0.1597 0.1220 0.0816 0.0733     0    0
   4163   0.04173 0.2514 0.1480 0.1169 0.0745 0.0631     1    1
   4173   0.03171 0.3099 0.1875 0.1314 0.0794 0.0557     0    0
   4183   0.03361 0.2776 0.1360 0.0864 0.0587 0.0415     0    0
   4193   0.02838 0.2193 0.1298 0.0963 0.0748 0.0494     0    0
   4203   0.04469 0.2104 0.1467 0.1095 0.0823 0.0684     0    0
   4213   0.05011 0.3074 0.1882 0.1262 0.0800 0.0587     3    2
   4223   0.04856 0.2540 0.1942 0.1323 0.0885 0.0779     0    0
   4233   0.04440 0.2948 0.1720 0.1184 0.0739 0.0599     0    0
   4243   0.02384 0.1992 0.1283 0.0964 0.0575 0.0453     1    1
   4253   0.05344 0.3440 0.2371 0.1432 0.0925 0.0686     1    1
   4263   0.04209 0.1995 0.1359 0.1034 0.0703 0.0617     0    0
   4273   0.01260 0.2420 0.1781 0.1453 0.0965 0.0408     0    0
   4283   0.03740 0.1796 0.1482 0.0978 0.0674 0.0566     0    0
   4293   0.03034 0.2215 0.1182 0.0840 0.0645 0.0478     0    0
   4303   0.04848 0.2663 0.1303 0.0991 0.0739 0.0640     0    0
   4313   0.03202 0.1755 0.1114 0.0805 0.0629 0.0522     0    0
   4323   0.03731 0.2317 0.1427 0.1071 0.0737 0.0610     0    0
   4333   0.03591 0.1805 0.1185 0.0891 0.0636 0.0548     0    0
   4343   0.02725 0.3432 0.2020 0.1271 0.0804 0.0623     2    2
   4353   0.02187 0.2238 0.1425 0.1159 0.0755 0.0494     0    0
   4363   0.03097 0.2044 0.1506 0.0957 0.0781 0.0567     0    0
   4373   0.03327 0.1674 0.1330 0.0817 0.0694 0.0521     1    1
   4383   0.02442 0.2135 0.1271 0.0741 0.0597 0.0513     0    0
   4393   0.02516 0.2259 0.0983 0.0809 0.0684 0.0467     0    0
   4403   0.03365 0.2097 0.1684 0.1007 0.0722 0.0508     0    0
   4413   0.02583 0.1801 0.1242 0.0789 0.0727 0.0509     1    1
   4423   0.03174 0.2159 0.1301 0.0801 0.0586 0.0488     0    0
   4433   0.03398 0.2258 0.1609 0.0974 0.0635 0.0502     0    0
   4443   0.04460 0.2220 0.1387 0.0990 0.0753 0.0601     0    0
   4453   0.04002 0.2071 0.1328 0.0999 0.0659 0.0531     0    0
   4463   0.02826 0.1753 0.1136 0.0774 0.0657 0.0476     0    0
   4473   0.02800 0.1993 0.1456 0.1045 0.0747 0.0540     0    0
   4483   0.02249 0.2110 0.1260 0.0880 0.0695 0.0361     0    0
   4493   0.03789 0.2397 0.1439 0.1115 0.0763 0.0567     0    0
   4503   0.03212 0.1669 0.0988 0.0717 0.0588 0.0460     0    0
   4513   0.02574 0.2442 0.1092 0.0740 0.0569 0.0470     1    1
   4523   0.02716 0.1693 0.1503 0.0910 0.0714 0.0408     0    0
   4533   0.03608 0.2060 0.1194 0.0822 0.0592 0.0498     1    1
   4543   0.03223 0.2661 0.1399 0.0928 0.0667 0.0550     0    0
   4553   0.04625 0.2177 0.1199 0.0932 0.0794 0.0517     0    0
   4563   0.03284 0.2525 0.1464 0.1112 0.0769 0.0596     0    0
   4573   0.03182 0.1915 0.1500 0.0743 0.0568 0.0453     0    0
   4583   0.03490 0.1753 0.1274 0.0854 0.0673 0.0511     0    0
   4593   0.01480 0.1569 0.0783 0.0566 0.0432 0.0371     0    0
   4603   0.03394 0.2432 0.2096 0.1548 0.0973 0.0482     0    0
   4613   0.03585 0.1870 0.1209 0.0751 0.0624 0.0520     0    0
   4623   0.02813 0.1495 0.1212 0.0817 0.0656 0.0484     0    0
   4633   0.02491 0.2057 0.1518 0.1074 0.0645 0.0539     0    0
   4643   0.03521 0.2787 0.1616 0.1018 0.0681 0.0479     0    0
   4653   0.03311 0.1747 0.1464 0.1056 0.0637 0.0456     0    0
   4663   0.03069 0.2361 0.1392 0.0861 0.0633 0.0489     1    1
   4673   0.04598 0.1724 0.1255 0.0878 0.0686 0.0569     0    0
   4683   0.03445 0.1882 0.1234 0.0884 0.0706 0.0552     0    0
   4693   0.04242 0.3533 0.2097 0.1139 0.0830 0.0507     0    0
   4703   0.03293 0.1925 0.1203 0.0914 0.0694 0.0546     0    0
   4713   0.05183 0.2533 0.1947 0.1192 0.0795 0.0716     1    1
   4723   0.03143 0.2279 0.1505 0.1041 0.0661 0.0421     0    0
   4733   0.04097 0.2010 0.1199 0.0899 0.0615 0.0506     0    0
   4743   0.02319 0.2129 0.1146 0.0899 0.0558 0.0451     0    0
   4753   0.02695 0.2564 0.1457 0.0900 0.0589 0.0498     0    0
   4763   0.04415 0.2696 0.1834 0.1331 0.0952 0.0603     2    1
   4773   0.03758 0.2081 0.1631 0.0871 0.0668 0.0621     0    0
   4783   0.03471 0.2015 0.1289 0.0811 0.0568 0.0431     0    0
   4793   0.02817 0.2734 0.1316 0.1048 0.0740 0.0491     1    1
   4803   0.02625 0.1745 0.1058 0.0737 0.0553 0.0445     0    0
   4813   0.02756 0.2089 0.1483 0.0991 0.0729 0.0609     0    0
   4823   0.04389 0.2209 0.1558 0.0908 0.0642 0.0590     0    0
   4833   0.03801 0.2261 0.1491 0.1079 0.0735 0.0596     0    0
   4843   0.02135 0.2164 0.1005 0.0734 0.0594 0.0468     0    0
   4853   0.03872 0.2660 0.1744 0.1018 0.0668 0.0576     0    0
   4863   0.03650 0.2655 0.1786 0.0975 0.0618 0.0510     0    0
   4873   0.03185 0.2116 0.1638 0.0945 0.0780 0.0587     0    0
   4883   0.03844 0.1881 0.1075 0.0769 0.0634 0.0539     0    0
   4893   0.03085 0.2543 0.1693 0.0697 0.0571 0.0486     1    1
   4903   0.03429 0.2122 0.1420 0.0945 0.0643 0.0556     0    0
   4913   0.04083 0.1687 0.1219 0.0924 0.0689 0.0563     0    0
   4923   0.04161 0.2339 0.1372 0.0976 0.0823 0.0567     0    0
   4933   0.03075 0.1971 0.1131 0.0808 0.0552 0.0434     1    1
   4943   0.02963 0.1825 0.1093 0.0781 0.0595 0.0438     0    0
   4953   0.03414 0.3349 0.2004 0.1078 0.0659 0.0527     0    0
   4963   0.03040 0.2048 0.1055 0.0977 0.0744 0.0560     0    0
   4973   0.03470 0.3595 0.1697 0.1142 0.0846 0.0698     0    0
   4983   0.03262 0.1845 0.1209 0.0818 0.0722 0.0587     0    0
   4993   0.04023 0.3509 0.2227 0.1250 0.0767 0.0567     0    0
   5003   0.02607 0.1869 0.1340 0.0854 0.0619 0.0420     0    0
   5013   0.01478 0.3498 0.1719 0.1059 0.0863 0.0421     0    0
   5023   0.03438 0.2676 0.1610 0.1001 0.0652 0.0491     0    0
   5033   0.04375 0.2161 0.1400 0.0968 0.0664 0.0568     1    1
   5043   0.03781 0.2126 0.1139 0.0775 0.0531 0.0466     0    0
   5053   0.04268 0.2691 0.1479 0.0994 0.0782 0.0558     1    1
   5063   0.05624 0.2537 0.1734 0.1066 0.0869 0.0690     0    0
   5073   0.03104 0.3750 0.1765 0.1157 0.0893 0.0631     0    0
   5083   0.02198 0.1855 0.1178 0.0817 0.0624 0.0419     0    0
   5093   0.03434 0.2855 0.1573 0.1212 0.0777 0.0513     0    0
   5103   0.03368 0.1882 0.1335 0.0869 0.0590 0.0457     0    0
   5113   0.03597 0.2362 0.1593 0.0999 0.0723 0.0545     0    0
   5123   0.03861 0.2240 0.1039 0.0853 0.0678 0.0537     0    0
   5133   0.03331 0.2348 0.1257 0.0796 0.0581 0.0537     0    0
   5143   0.02790 0.2331 0.2124 0.1286 0.0836 0.0574     0    0
   5153   0.02201 0.1950 0.1480 0.0844 0.0459 0.0387     0    0
   5163   0.02206 0.2215 0.1470 0.0873 0.0695 0.0529     1    1
   5173   0.03311 0.1593 0.1051 0.0816 0.0735 0.0535     0    0
   5183   0.01911 0.1869 0.1142 0.0713 0.0614 0.0474     0    0
   5193   0.03177 0.1936 0.1194 0.0938 0.0630 0.0561     0    0
   5203   0.03629 0.2914 0.1486 0.0915 0.0746 0.0517     0    0
   5213   0.02291 0.2295 0.1442 0.0990 0.0724 0.0543     0    0
   5223   0.02936 0.2728 0.1755 0.1057 0.0689 0.0515     0    0
   5233   0.02411 0.1843 0.1273 0.0837 0.0609 0.0528     0    0
   5243   0.05286 0.2980 0.1741 0.1174 0.0886 0.0756     0    0
   5253   0.03860 0.2179 0.1387 0.0910 0.0659 0.0510     0    0
   5263   0.02110 0.1385 0.0982 0.0689 0.0491 0.0387     0    0
   5273   0.02871 0.1840 0.1277 0.1027 0.0737 0.0616     0    0
   5283   0.05278 0.2867 0.1884 0.1518 0.1089 0.0892     0    0
   5293   0.03126 0.2516 0.1639 0.1261 0.0908 0.0713     0    0
   5303   0.03178 0.2427 0.1333 0.1134 0.0723 0.0671     0    0
   5313   0.02401 0.2301 0.1158 0.0799 0.0739 0.0534     0    0
   5323   0.03525 0.2430 0.1724 0.1355 0.0782 0.0643     2    2
   5333   0.02620 0.1572 0.1276 0.0935 0.0643 0.0440     0    0
   5343   0.03765 0.2066 0.1250 0.0991 0.0687 0.0571     0    0
   5353   0.04454 0.2742 0.1257 0.0883 0.0810 0.0635     0    0
   5363   0.04449 0.2151 0.1665 0.1113 0.0724 0.0597     0    0
   5373   0.03366 0.2366 0.1471 0.0960 0.0673 0.0473     0    0
   5383   0.02798 0.2246 0.1135 0.0765 0.0658 0.0482     0    0
   5393   0.03418 0.2156 0.1145 0.1061 0.0743 0.0585     0    0
   5403   0.03673 0.2187 0.1542 0.1031 0.0670 0.0460     0    0
   5413   0.03251 0.1900 0.1350 0.0823 0.0739 0.0536     0    0
   5423   0.04630 0.2381 0.1678 0.1019 0.0818 0.0675     0    0
   5433   0.02948 0.2653 0.1696 0.0938 0.0648 0.0485     0    0
   5443   0.04101 0.2209 0.1304 0.1130 0.0641 0.0514     0    0
   5453   0.03939 0.2448 0.1467 0.0992 0.0675 0.0558     0    0
   5463   0.03296 0.2287 0.1588 0.1047 0.0628 0.0567     0    0
   5473   0.02850 0.1814 0.1300 0.0766 0.0619 0.0523     0    0
   5483   0.02924 0.1791 0.0952 0.0791 0.0565 0.0458     0    0
   5493   0.03817 0.1894 0.1535 0.1146 0.0718 0.0585     0    0
   5503   0.03223 0.2605 0.1460 0.0818 0.0584 0.0474     1    1
   5513   0.02858 0.1695 0.1200 0.0889 0.0633 0.0536     0    0
   5523   0.03126 0.2287 0.1474 0.0887 0.0660 0.0492     0    0
   5533   0.04806 0.3411 0.2052 0.1049 0.0806 0.0679     1    1
   5543   0.02377 0.1977 0.0958 0.0702 0.0521 0.0439     1    1
   5553   0.03349 0.2641 0.1452 0.0979 0.0727 0.0529     0    0
   5563   0.03205 0.1837 0.0991 0.0763 0.0650 0.0513     0    0
   5573   0.05138 0.2590 0.1758 0.0940 0.0708 0.0617     0    0
   5583   0.03519 0.2085 0.1652 0.0932 0.0710 0.0534     0    0
   5593   0.03357 0.2318 0.1337 0.0937 0.0684 0.0505     0    0
   5603   0.03759 0.2006 0.1437 0.0939 0.0772 0.0587     0    0
   5613   0.04671 0.3788 0.2292 0.1261 0.0919 0.0680     0    0
   5623   0.03684 0.2371 0.1513 0.1071 0.0767 0.0593     0    0
   5633   0.04879 0.2843 0.1933 0.1190 0.0813 0.0640     0    0
   5643   0.03597 0.3049 0.1621 0.1173 0.0708 0.0555     0    0
   5653   0.04356 0.2709 0.2137 0.1137 0.0712 0.0603     0    0
   5663   0.02421 0.2700 0.1435 0.0906 0.0780 0.0473     1    1
   5673   0.03505 0.2494 0.1759 0.1058 0.0679 0.0584     0    0
   5683   0.02518 0.2891 0.1308 0.1053 0.0735 0.0509     0    0
   5693   0.03579 0.2385 0.1483 0.0900 0.0735 0.0475     3    1
   5703   0.04523 0.2421 0.1558 0.0985 0.0774 0.0631     0    0
   5713   0.03519 0.2358 0.1423 0.0993 0.0701 0.0641     0    0
   5723   0.02995 0.2900 0.1876 0.1050 0.0787 0.0607     0    0
   5733   0.03788 0.1701 0.1083 0.0855 0.0644 0.0543     0    0
   5743   0.04162 0.1882 0.1255 0.1064 0.0851 0.0550     0    0
   5753   0.04223 0.2849 0.2020 0.0924 0.0709 0.0570     0    0
   5763   0.03932 0.2591 0.1306 0.0912 0.0692 0.0541     0    0
   5773   0.02729 0.2786 0.1605 0.1292 0.0858 0.0685     0    0
   5783   0.02839 0.1944 0.1216 0.0852 0.0627 0.0439     0    0
   5793   0.04967 0.2192 0.1260 0.1011 0.0820 0.0687     0    0
   5803   0.04049 0.2180 0.1577 0.1009 0.0784 0.0580     1    1
   5813   0.02148 0.1768 0.1198 0.0781 0.0664 0.0497     0    0
   5823   0.02848 0.1826 0.1393 0.1016 0.0747 0.0563     0    0
   5833   0.03342 0.1821 0.0897 0.0676 0.0566 0.0479     0    0
   5843   0.02380 0.1690 0.1497 0.0937 0.0776 0.0390     0    0
   5853   0.02311 0.2492 0.1640 0.0964 0.0607 0.0435     0    0
   5863   0.02900 0.3355 0.1641 0.0973 0.0771 0.0592     0    0
   5873   0.02138 0.1836 0.0929 0.0699 0.0569 0.0425     0    0
   5883   0.02247 0.1734 0.0991 0.0832 0.0615 0.0492     0    0
   5893   0.03254 0.2302 0.1493 0.0949 0.0621 0.0457     0    0
   5903   0.03944 0.2069 0.1509 0.0908 0.0750 0.0629     0    0
   5913   0.02946 0.2288 0.1508 0.1019 0.0747 0.0590     1    1
   5923   0.03493 0.1757 0.1169 0.0858 0.0700 0.0559     1    1
   5933   0.03797 0.1790 0.1316 0.1178 0.0781 0.0550     1    1
   5943   0.03296 0.2303 0.1231 0.0974 0.0769 0.0502     0    0
   5953   0.03564 0.2060 0.1385 0.0739 0.0677 0.0511     0    0
   5963   0.03787 0.2823 0.1550 0.1261 0.1002 0.0642     0    0
   5973   0.02832 0.2543 0.1710 0.1180 0.0901 0.0605     3    2
   5983   0.03281 0.2293 0.1541 0.1021 0.0744 0.0571     0    0
   5993   0.03598 0.2094 0.1394 0.1159 0.0747 0.0514     0    0
   6003   0.04805 0.2685 0.1468 0.1154 0.0850 0.0517     0    0
   6013   0.02332 0.2523 0.1709 0.1212 0.0816 0.0557     0    0
   6023   0.03020 0.2261 0.1429 0.1158 0.0766 0.0678     1    1
   6033   0.03548 0.2146 0.1143 0.0800 0.0641 0.0496     0    0
   6043   0.02018 0.3223 0.2130 0.1332 0.0917 0.0702     1    1
   6053   0.03566 0.2706 0.1177 0.0690 0.0585 0.0451     0    0
   6063   0.03020 0.1676 0.1242 0.0813 0.0596 0.0488     1    1
   6073   0.03458 0.1772 0.1061 0.0740 0.0647 0.0490     0    0
   6083   0.03385 0.2358 0.1478 0.1153 0.0583 0.0451     0    0
   6093   0.04544 0.2399 0.1672 0.0942 0.0714 0.0538     2    1
   6103   0.02983 0.2095 0.1392 0.1065 0.0666 0.0506     0    0
   6113   0.04346 0.2159 0.1420 0.0986 0.0749 0.0602     0    0
   6123   0.02080 0.3590 0.2467 0.1750 0.0802 0.0406     0    0
   6133   0.03379 0.1709 0.1210 0.0818 0.0535 0.0486     0    0
   6143   0.02412 0.1847 0.1537 0.0885 0.0470 0.0440     0    0
   6153   0.02124 0.1688 0.1014 0.0919 0.0690 0.0487     0    0
   6163   0.02911 0.2592 0.1490 0.0966 0.0706 0.0535     0    0
   6173   0.02921 0.2481 0.1218 0.0901 0.0694 0.0534     0    0
   6183   0.02416 0.2441 0.1619 0.0901 0.0757 0.0463     0    0
   6193   0.02797 0.3059 0.1124 0.0978 0.0684 0.0597     0    0
   6203   0.03763 0.2526 0.1528 0.0905 0.0629 0.0488     0    0
   6213   0.03213 0.1729 0.0924 0.0783 0.0611 0.0506     0    0
   6223   0.03605 0.3510 0.2015 0.1322 0.0718 0.0646     0    0
   6233   0.03860 0.1993 0.1144 0.0974 0.0736 0.0486     0    0
   6243   0.02689 0.2066 0.1384 0.0802 0.0550 0.0384     0    0
   6253   0.02188 0.2435 0.1196 0.0909 0.0672 0.0502     0    0
   6263   0.03975 0.2110 0.1253 0.0924 0.0623 0.0488     0    0
   6273   0.03077 0.2494 0.1746 0.1325 0.0956 0.0600     0    0
   6283   0.03686 0.1539 0.1251 0.0853 0.0634 0.0543     0    0
   6293   0.02376 0.1436 0.0979 0.0783 0.0593 0.0490     1    1
   6303   0.02141 0.2569 0.1413 0.0751 0.0572 0.0521     0    0
   6313   0.02571 0.1869 0.1234 0.0971 0.0775 0.0585     0    0
   6323   0.02851 0.2126 0.1082 0.0884 0.0604 0.0498     1    1
   6333   0.02765 0.1754 0.1078 0.0700 0.0599 0.0465     0    0
   6343   0.03437 0.1742 0.1516 0.0981 0.0699 0.0530     0    0
   6353   0.04477 0.1893 0.1454 0.0762 0.0638 0.0542     0    0
   6363   0.02551 0.3560 0.1916 0.0926 0.0627 0.0521     1    1
   6373   0.03479 0.2312 0.1527 0.0953 0.0606 0.0492     0    0
   6383   0.02706 0.2914 0.1592 0.0909 0.0616 0.0493     0    0
   6393   0.04352 0.2537 0.1657 0.1149 0.0770 0.0629     0    0
   6403   0.01592 0.1829 0.1157 0.0895 0.0671 0.0476     0    0
   6413   0.02694 0.1545 0.1181 0.0863 0.0721 0.0496     0    0
   6423   0.03888 0.2438 0.1980 0.1260 0.0983 0.0452     0    0
   6433   0.03605 0.2239 0.1267 0.0843 0.0705 0.0486     0    0
   6443   0.02270 0.1968 0.1096 0.0807 0.0585 0.0380     0    0
   6453   0.02453 0.2276 0.1231 0.0770 0.0638 0.0477     0    0
   6463   0.03372 0.2874 0.1708 0.1242 0.0793 0.0483     0    0
   6473   0.02674 0.1784 0.1284 0.0958 0.0641 0.0534     0    0
   6483   0.02312 0.1985 0.1271 0.0756 0.0638 0.0516     0    0
   6493   0.02809 0.1974 0.1098 0.0863 0.0608 0.0484     0    0
   6503   0.03530 0.2901 0.1530 0.0966 0.0674 0.0556     0    0
   6513   0.03121 0.2552 0.1495 0.0685 0.0530 0.0427     0    0
   6523   0.03546 0.2190 0.1299 0.1012 0.0738 0.0594     0    0
   6533   0.02858 0.3128 0.1979 0.1119 0.0818 0.0636     0    0
   6543   0.03855 0.2202 0.2032 0.1187 0.0873 0.0605     0    0
   6553   0.04078 0.2009 0.1665 0.1209 0.0767 0.0621     1    1
   6563   0.05269 0.2212 0.1397 0.1054 0.0869 0.0652     0    0
   6573   0.02765 0.2483 0.1644 0.1061 0.0688 0.0483     0    0
   6583   0.02445 0.3098 0.1735 0.0981 0.0774 0.0601     0    0
   6593   0.02740 0.2933 0.1675 0.1027 0.0808 0.0554     0    0
   6603   0.03442 0.2517 0.1372 0.0820 0.0616 0.0526     0    0
   6613   0.02646 0.2174 0.1476 0.0930 0.0793 0.0550     0    0
   6623   0.03689 0.2047 0.1301 0.0916 0.0627 0.0528     2    1
   6633   0.02136 0.2201 0.1103 0.0826 0.0496 0.0417     0    0
   6643   0.05156 0.3279 0.2423 0.1675 0.1025 0.0684     0    0
   6653   0.03013 0.2312 0.1394 0.1203 0.0925 0.0656     2    1
   6663   0.04061 0.1938 0.1319 0.0832 0.0753 0.0623     0    0
   6673   0.03477 0.1930 0.1213 0.0943 0.0702 0.0418     0    0
   6683   0.03543 0.2318 0.1794 0.0985 0.0568 0.0484     2    2
   6693   0.02702 0.1822 0.1149 0.0797 0.0705 0.0469     1    1
   6703   0.03012 0.2385 0.1314 0.0894 0.0750 0.0626     0    0
   6713   0.02627 0.2095 0.1427 0.0882 0.0705 0.0480     0    0
   6723   0.04519 0.2161 0.1189 0.0836 0.0639 0.0557     0    0
   6733   0.03745 0.2133 0.1253 0.0891 0.0748 0.0509     0    0
   6743   0.03296 0.1852 0.1191 0.1008 0.0722 0.0570     1    1
   6753   0.03657 0.1765 0.1233 0.1036 0.0679 0.0549     0    0
   6763   0.03614 0.2293 0.1155 0.0965 0.0695 0.0566     0    0
   6773   0.04697 0.3898 0.1880 0.1310 0.0868 0.0662     0    0
   6783   0.04550 0.2936 0.1483 0.1117 0.0784 0.0615     1    1
   6793   0.03312 0.2314 0.1248 0.0971 0.0615 0.0546     0    0
   6803   0.02988 0.2256 0.1078 0.0863 0.0595 0.0510     0    0
   6813   0.02955 0.2186 0.1306 0.0907 0.0588 0.0543     0    0
   6823   0.04345 0.2435 0.1281 0.0950 0.0634 0.0587     0    0
   6833   0.02864 0.1765 0.1493 0.0936 0.0649 0.0509     0    0
   6843   0.03334 0.2035 0.1331 0.0822 0.0533 0.0474     0    0
   6853   0.02846 0.2140 0.1246 0.0914 0.0660 0.0461     0    0
   6863   0.03215 0.2820 0.1351 0.0961 0.0651 0.0463     0    0
   6873   0.03022 0.2107 0.1757 0.1267 0.0873 0.0455     0    0
   6883   0.03822 0.2310 0.1689 0.1231 0.0877 0.0642     2    2
   6893   0.02715 0.1407 0.1056 0.0835 0.0596 0.0440     0    0
   6903   0.03411 0.1998 0.1099 0.1050 0.0612 0.0504     0    0
   6913   0.04143 0.2631 0.1404 0.0891 0.0684 0.0595     1    1
   6923   0.02915 0.2160 0.1336 0.0886 0.0733 0.0584     0    0
   6933   0.03518 0.2673 0.1658 0.1153 0.0796 0.0687     0    0
   6943   0.02369 0.1672 0.1250 0.0895 0.0744 0.0508     0    0
   6953   0.03417 0.1978 0.1183 0.0898 0.0761 0.0502     0    0
   6963   0.02414 0.1895 0.1579 0.1037 0.0792 0.0488     0    0
   6973   0.02744 0.2410 0.1550 0.1082 0.0668 0.0544     2    2
   6983   0.02734 0.2599 0.1393 0.0910 0.0651 0.0507     1    1
   6993   0.02743 0.2478 0.1866 0.1171 0.0805 0.0428     0    0
   7003   0.02587 0.2142 0.1357 0.0850 0.0647 0.0359     0    0
   7013   0.03553 0.2234 0.1126 0.0896 0.0662 0.0476     1    1
   7023   0.02775 0.2348 0.1296 0.1027 0.0788 0.0499     0    0
   7033   0.02193 0.1972 0.1169 0.0931 0.0661 0.0500     0    0
   7043   0.02664 0.2985 0.1843 0.0995 0.0833 0.0461     1    1
   7053   0.03193 0.2058 0.1295 0.0877 0.0596 0.0432     0    0
   7063   0.03262 0.2136 0.1616 0.1175 0.0814 0.0576     0    0
   7073   0.03524 0.1901 0.1254 0.0790 0.0585 0.0493     0    0
   7083   0.03517 0.1969 0.1266 0.0877 0.0647 0.0570     0    0
   7093   0.02470 0.2052 0.1259 0.0907 0.0622 0.0491     0    0
   7103   0.02615 0.2223 0.1108 0.0837 0.0668 0.0432     0    0
   7113   0.03046 0.3080 0.2526 0.1459 0.0882 0.0675     0    0
   7123   0.03425 0.2714 0.1776 0.1017 0.0784 0.0585     0    0
   7133   0.04150 0.2664 0.1335 0.1009 0.0838 0.0599     0    0
   7143   0.03777 0.2866 0.2161 0.1352 0.0850 0.0676     1    1
   7153   0.04209 0.2688 0.1591 0.1045 0.0709 0.0505     0    0
   7163   0.03164 0.2143 0.1251 0.0849 0.0619 0.0554     0    0
   7173   0.03836 0.3257 0.1897 0.1019 0.0702 0.0591     0    0
   7183   0.03883 0.2259 0.1504 0.0870 0.0723 0.0480     3    2
   7193   0.02667 0.1900 0.1398 0.1128 0.0711 0.0626     0    0
   7203   0.03353 0.2956 0.1805 0.0964 0.0843 0.0470     0    0
   7213   0.02554 0.1420 0.1083 0.0682 0.0543 0.0400     2    2
   7223   0.04050 0.2315 0.1394 0.0978 0.0720 0.0591     0    0
   7233   0.03789 0.1984 0.1324 0.0902 0.0590 0.0564     0    0
   7243   0.02756 0.1888 0.1235 0.0805 0.0654 0.0498     1    1
   7253   0.03844 0.2641 0.1421 0.0937 0.0701 0.0578     0    0
   7263   0.03508 0.2360 0.1442 0.0927 0.0724 0.0481     1    1
   7273   0.02738 0.1814 0.1135 0.0873 0.0568 0.0548     1    1
   7283   0.03027 0.1840 0.1238 0.0946 0.0630 0.0548     0    0
   7293   0.03813 0.2057 0.1511 0.0970 0.0656 0.0467     1    1
   7303   0.03119 0.1762 0.1090 0.0893 0.0669 0.0526     0    0
   7313   0.02889 0.2703 0.1531 0.0945 0.0679 0.0516     0    0
   7323   0.03181 0.1983 0.1500 0.0727 0.0601 0.0440     0    0
   7333   0.05021 0.2136 0.1364 0.1097 0.0760 0.0586     1    1
   7343   0.03303 0.3001 0.1728 0.1177 0.0694 0.0568     0    0
   7353   0.04256 0.1870 0.1327 0.1035 0.0814 0.0577     0    0
   7363   0.03256 0.1973 0.1015 0.0744 0.0588 0.0491     0    0
   7373   0.03524 0.2426 0.1261 0.0991 0.0806 0.0517     0    0
   7383   0.04429 0.3080 0.1844 0.1186 0.0852 0.0578     0    0
   7393   0.02400 0.2088 0.1169 0.0726 0.0557 0.0438     1    1
   7403   0.01981 0.1862 0.1118 0.0811 0.0578 0.0453     1    1
   7413   0.02899 0.1947 0.1621 0.1098 0.0740 0.0613     0    0
   7423   0.03697 0.2179 0.1543 0.1058 0.0682 0.0617     0    0
   7433   0.04487 0.2386 0.1709 0.0974 0.0682 0.0602     0    0
   7443   0.02611 0.2512 0.1454 0.0892 0.0777 0.0591     0    0
   7453   0.04437 0.2135 0.1335 0.1013 0.0641 0.0563     2    2
   7463   0.03398 0.1813 0.1106 0.0826 0.0522 0.0429     0    0
   7473   0.03469 0.2050 0.1334 0.0899 0.0692 0.0640     1    1
   7483   0.04125 0.1607 0.1218 0.0807 0.0603 0.0490     0    0
   7493   0.03432 0.2352 0.1438 0.1123 0.0809 0.0635     0    0
   7503   0.02479 0.1914 0.1134 0.0907 0.0681 0.0551     0    0
   7513   0.03407 0.2179 0.1227 0.0863 0.0670 0.0515     0    0
   7523   0.03262 0.1506 0.1079 0.0723 0.0550 0.0469     0    0
   7533   0.04107 0.2596 0.1650 0.1007 0.0813 0.0587     0    0
   7543   0.02938 0.2438 0.1668 0.1062 0.0758 0.0425     0    0
   7553   0.05141 0.2981 0.1730 0.1367 0.0852 0.0730     1    1
   7563   0.01483 0.2392 0.1215 0.1009 0.0675 0.0384     1    1
   7573   0.02349 0.1660 0.0987 0.0802 0.0591 0.0391     0    0
   7583   0.03155 0.2338 0.1406 0.1099 0.0749 0.0540     0    0
   7593   0.02040 0.1682 0.0992 0.0802 0.0631 0.0463     0    0
   7603   0.02385 0.2164 0.1146 0.1046 0.0740 0.0404     0    0
   7613   0.03128 0.1706 0.0991 0.0762 0.0561 0.0476     0    0
   7623   0.04286 0.3503 0.1887 0.1140 0.0797 0.0588     0    0
   7633   0.03095 0.2961 0.1630 0.1062 0.0845 0.0499     0    0
   7643   0.04292 0.2143 0.1269 0.0917 0.0754 0.0625     0    0
   7653   0.02693 0.2077 0.1279 0.0790 0.0643 0.0505     0    0
   7663   0.03815 0.2327 0.1457 0.1061 0.0709 0.0537     0    0
   7673   0.02848 0.1844 0.1087 0.0945 0.0681 0.0424     0    0
   7683   0.02825 0.2394 0.1308 0.0905 0.0647 0.0569     0    0
   7693   0.01449 0.2189 0.1479 0.0883 0.0642 0.0417     0    0
   7703   0.02749 0.2577 0.1796 0.1004 0.0740 0.0394     0    0
   7713   0.03921 0.1908 0.1091 0.0870 0.0659 0.0554     0    0
   7723   0.03535 0.2193 0.1393 0.1087 0.0699 0.0533     0    0
   7733   0.03968 0.1722 0.1361 0.0935 0.0739 0.0494     2    1
   7743   0.03899 0.2712 0.1479 0.1014 0.0884 0.0648     1    1
   7753   0.03949 0.2349 0.1511 0.1000 0.0863 0.0571     0    0
   7763   0.04364 0.1761 0.1382 0.0775 0.0635 0.0539     0    0
   7773   0.02167 0.2512 0.1345 0.0836 0.0587 0.0485     1    1
   7783   0.05329 0.3303 0.1968 0.1104 0.0792 0.0628     1    1
   7793   0.02864 0.3509 0.1790 0.1214 0.0915 0.0427     0    0
   7803   0.04912 0.3184 0.1685 0.1212 0.0843 0.0721     0    0
   7813   0.02532 0.3025 0.1686 0.1062 0.0786 0.0512     0    0
   7823   0.04742 0.1986 0.1248 0.0877 0.0716 0.0572     0    0
   7833   0.02610 0.2192 0.1255 0.1021 0.0696 0.0582     0    0
   7843   0.03586 0.2278 0.1667 0.1031 0.0870 0.0585     0    0
   7853   0.02704 0.1563 0.1052 0.0697 0.0610 0.0407     0    0
   7863   0.04432 0.3008 0.1928 0.1241 0.0718 0.0579     0    0
   7873   0.03109 0.1813 0.1525 0.0888 0.0593 0.0529     0    0
   7883   0.04117 0.2313 0.1731 0.1240 0.0747 0.0526     0    0
   7893   0.02528 0.2381 0.1401 0.0862 0.0667 0.0483     0    0
   7903   0.02944 0.2118 0.1518 0.0924 0.0734 0.0597     0    0
   7913   0.03414 0.1761 0.1061 0.0775 0.0558 0.0449     0    0
   7923   0.03402 0.2877 0.1989 0.1328 0.0865 0.0527     0    0
   7933   0.04397 0.2263 0.1298 0.0982 0.0751 0.0619     0    0
   7943   0.03753 0.2625 0.1779 0.1166 0.0931 0.0647     0    0
   7953   0.02870 0.2282 0.1431 0.1063 0.0661 0.0594     0    0
   7963   0.02637 0.2023 0.1795 0.1165 0.0836 0.0466     0    0
   7973   0.02968 0.2389 0.1439 0.0936 0.0769 0.0537     2    2
   7983   0.02882 0.2662 0.1253 0.0912 0.0599 0.0391     1    1
   7993   0.03239 0.2274 0.1352 0.0822 0.0654 0.0509     0    0
   8003   0.02955 0.1963 0.1272 0.0974 0.0770 0.0485     0    0
   8013   0.02603 0.2492 0.1401 0.0910 0.0606 0.0462     0    0
   8023   0.05093 0.3343 0.1976 0.1189 0.0905 0.0675     0    0
   8033   0.02437 0.1790 0.1177 0.0919 0.0674 0.0509     1    1
   8043   0.03058 0.2455 0.1165 0.0949 0.0643 0.0554     1    1
   8053   0.03290 0.2764 0.1792 0.0991 0.0650 0.0527     0    0
   8063   0.04026 0.1803 0.1338 0.0996 0.0712 0.0496     0    0
   8073   0.04377 0.2458 0.1535 0.1035 0.0841 0.0577     0    0
   8083   0.03932 0.2219 0.1219 0.0761 0.0662 0.0516     0    0
   8093   0.03367 0.2025 0.1310 0.0981 0.0732 0.0677     0    0
   8103   0.02951 0.2029 0.1226 0.0890 0.0680 0.0485     0    0
   8113   0.03166 0.2302 0.1262 0.0969 0.0751 0.0616     0    0
   8123   0.03765 0.2556 0.1095 0.0957 0.0705 0.0526     0    0
   8133   0.02571 0.2174 0.1528 0.0956 0.0814 0.0517     0    0
   8143   0.04553 0.2641 0.1677 0.1041 0.0797 0.0466     1    1
   8153   0.03446 0.1971 0.1309 0.0709 0.0543 0.0528     0    0
   8163   0.05443 0.2429 0.1576 0.1144 0.0871 0.0619     1    1
   8173   0.02987 0.2367 0.1353 0.0890 0.0766 0.0590     0    0
   8183   0.02500 0.2395 0.1478 0.1028 0.0684 0.0589     0    0
   8193   0.01630 0.1609 0.1051 0.0728 0.0514 0.0316     0    0
   8203   0.03374 0.2075 0.1301 0.0804 0.0579 0.0528     0    0
   8213   0.04791 0.2595 0.1346 0.1256 0.0753 0.0587     1    1
   8223   0.02232 0.1787 0.1100 0.0690 0.0562 0.0420     0    0
   8233   0.02177 0.1853 0.1056 0.0687 0.0586 0.0423     0    0
   8243   0.03130 0.2734 0.1567 0.1118 0.0719 0.0443     0    0
   8253   0.04257 0.2337 0.1303 0.1026 0.0736 0.0592     0    0
   8263   0.04831 0.2876 0.1598 0.1129 0.0866 0.0702     1    1
   8273   0.02728 0.2238 0.1153 0.0937 0.0776 0.0493     2    1
   8283   0.02989 0.3366 0.2022 0.1406 0.0820 0.0479     0    0
   8293   0.03651 0.2728 0.1340 0.1063 0.0727 0.0499     2    2
   8303   0.03042 0.1915 0.1471 0.1023 0.0671 0.0530     0    0
   8313   0.04579 0.2645 0.1490 0.0980 0.0714 0.0531     0    0
   8323   0.03627 0.2343 0.1756 0.1050 0.0840 0.0576     0    0
   8333   0.02913 0.2148 0.1278 0.1086 0.0705 0.0518     0    0
   8343   0.04270 0.1732 0.1382 0.1123 0.0759 0.0582     0    0
   8353   0.03590 0.2184 0.1311 0.0978 0.0726 0.0519     0    0
   8363   0.03578 0.1751 0.1238 0.0823 0.0604 0.0403     1    1
   8373   0.02859 0.2132 0.1189 0.0920 0.0595 0.0505     1    1
   8383   0.02806 0.1963 0.1123 0.0705 0.0542 0.0462     0    0
   8393   0.03465 0.2946 0.1702 0.1023 0.0917 0.0689     0    0
   8403   0.04499 0.2859 0.1749 0.1230 0.0909 0.0717     0    0
   8413   0.04358 0.1920 0.1707 0.1097 0.0741 0.0523     0    0
   8423   0.03009 0.2956 0.1933 0.1190 0.0761 0.0585     0    0
   8433   0.03831 0.2162 0.1134 0.0964 0.0711 0.0557     0    0
   8443   0.03104 0.2257 0.1470 0.1192 0.0869 0.0681     0    0
   8453   0.04216 0.2932 0.1617 0.1027 0.0917 0.0706     0    0
   8463   0.03713 0.2086 0.1477 0.1070 0.0727 0.0593     0    0
   8473   0.04400 0.2437 0.1686 0.0990 0.0792 0.0562     0    0
   8483   0.02836 0.1990 0.1304 0.0760 0.0496 0.0414     1    1
   8493   0.03788 0.3128 0.1911 0.1125 0.0728 0.0472     1    1
   8503   0.02337 0.1913 0.1190 0.0941 0.0696 0.0498     0    0
   8513   0.03117 0.3050 0.1554 0.1192 0.0822 0.0430     0    0
   8523   0.03119 0.1578 0.1285 0.0858 0.0671 0.0531     0    0
   8533   0.03702 0.2388 0.1484 0.0835 0.0675 0.0498     1    1
   8543   0.03653 0.3468 0.1944 0.1188 0.0864 0.0663     0    0
   8553   0.03725 0.2301 0.1483 0.1016 0.0715 0.0497     0    0
   8563   0.03990 0.2325 0.1671 0.1217 0.0706 0.0462     0    0
   8573   0.03525 0.2667 0.1602 0.1167 0.0947 0.0615     0    0
   8583   0.01989 0.2350 0.1584 0.0950 0.0702 0.0368     0    0
   8593   0.03230 0.2032 0.1289 0.0952 0.0740 0.0500     0    0
   8603   0.04286 0.2295 0.1162 0.0865 0.0659 0.0577     0    0
   8613   0.02994 0.1912 0.0987 0.0801 0.0551 0.0450     0    0
   8623   0.02810 0.1962 0.1320 0.0846 0.0682 0.0523     0    0
   8633   0.02762 0.2167 0.1276 0.0858 0.0677 0.0486     0    0
   8643   0.03221 0.1952 0.1247 0.1075 0.0591 0.0447     0    0
   8653   0.02456 0.2214 0.1294 0.0810 0.0624 0.0432     0    0
   8663   0.04738 0.2130 0.1441 0.1106 0.0668 0.0614     0    0
   8673   0.03279 0.2329 0.1206 0.0944 0.0694 0.0505     0    0
   8683   0.03725 0.2010 0.1457 0.1049 0.0671 0.0540     0    0
   8693   0.03895 0.1745 0.1328 0.0875 0.0643 0.0538     0    0
   8703   0.02691 0.2471 0.1488 0.1246 0.0776 0.0580     1    1
   8713   0.02991 0.2381 0.1656 0.0946 0.0666 0.0624     0    0
   8723   0.02276 0.2542 0.1637 0.0932 0.0673 0.0472     0    0
   8733   0.02972 0.1609 0.1363 0.0777 0.0573 0.0436     0    0
   8743   0.03523 0.1660 0.1242 0.0932 0.0685 0.0498     0    0
   8753   0.03397 0.2258 0.1389 0.1073 0.0733 0.0558     0    0
   8763   0.03009 0.1553 0.1143 0.0764 0.0587 0.0437     0    0
   8773   0.02155 0.2626 0.1830 0.1118 0.1039 0.0701     0    0
   8783   0.04093 0.1892 0.1139 0.0882 0.0729 0.0561     0    0
   8793   0.03047 0.3154 0.1784 0.1201 0.0813 0.0549     0    0
   8803   0.02381 0.2461 0.1405 0.0922 0.0804 0.0568     1    1
   8813   0.02384 0.2309 0.1337 0.0945 0.0664 0.0396     0    0
   8823   0.03128 0.2781 0.1470 0.0944 0.0702 0.0460     1    1
   8833   0.04275 0.2401 0.1349 0.0862 0.0590 0.0524     0    0
   8843   0.03169 0.2277 0.1099 0.0895 0.0599 0.0483     0    0
   8853   0.03609 0.2950 0.1494 0.0982 0.0716 0.0614     0    0
   8863   0.03510 0.2444 0.1737 0.1185 0.0652 0.0477     0    0
   8873   0.04029 0.2124 0.1484 0.1015 0.0767 0.0659     0    0
   8883   0.02362 0.2718 0.1636 0.0841 0.0654 0.0397     0    0
   8893   0.05053 0.1910 0.1150 0.0937 0.0799 0.0560     1    1
   8903   0.03250 0.2873 0.1969 0.1173 0.0869 0.0483     0    0
   8913   0.03587 0.2509 0.1489 0.1020 0.0618 0.0448     0    0
   8923   0.03909 0.2710 0.1652 0.1100 0.0793 0.0572     0    0
   8933   0.02853 0.2632 0.1117 0.0944 0.0667 0.0615     1    1
   8943   0.02053 0.2322 0.1283 0.1054 0.0771 0.0599     0    0
   8953   0.03129 0.2657 0.1458 0.1011 0.0637 0.0558     0    0
   8963   0.03629 0.3509 0.2082 0.1191 0.0705 0.0496     0    0
   8973   0.03875 0.2299 0.1455 0.0993 0.0713 0.0594     1    1
   8983   0.03018 0.2396 0.1133 0.0889 0.0757 0.0553     0    0
   8993   0.02862 0.2667 0.1682 0.1139 0.0734 0.0492     0    0
   9003   0.04353 0.3115 0.1705 0.1207 0.0886 0.0672     0    0
   9013   0.03150 0.2294 0.1642 0.1168 0.0774 0.0503     0    0
   9023   0.02584 0.2126 0.1357 0.0756 0.0657 0.0516     0    0
   9033   0.03792 0.3066 0.1615 0.1003 0.0726 0.0567     1    1
   9043   0.03079 0.2036 0.1413 0.0932 0.0636 0.0550     0    0
   9053   0.03488 0.2419 0.1690 0.1278 0.0779 0.0474     0    0
   9063   0.03472 0.2266 0.1385 0.0929 0.0729 0.0582     0    0
   9073   0.04001 0.1815 0.1310 0.1058 0.0789 0.0563     0    0
   9083   0.03180 0.1740 0.1165 0.0939 0.0742 0.0588     0    0
   9093   0.03859 0.2394 0.1387 0.0899 0.0730 0.0580     0    0
   9103   0.02164 0.2002 0.1305 0.0856 0.0697 0.0542     0    0
   9113   0.04219 0.2532 0.1455 0.1138 0.0763 0.0709     0    0
   9123   0.04325 0.2213 0.1486 0.1129 0.0911 0.0643     1    1
   9133   0.03456 0.2549 0.1652 0.1330 0.0893 0.0476     0    0
   9143   0.03596 0.2343 0.1249 0.1003 0.0749 0.0599     0    0
   9153   0.02979 0.2455 0.1512 0.1209 0.0745 0.0562     0    0
   9163   0.01618 0.2977 0.1322 0.0899 0.0656 0.0448     0    0
   9173   0.03339 0.2132 0.1284 0.1043 0.0743 0.0498     0    0
   9183   0.02902 0.2159 0.1614 0.0836 0.0664 0.0483     0    0
   9193   0.02696 0.1440 0.0967 0.0652 0.0545 0.0419     0    0
   9203   0.02572 0.2349 0.1258 0.0852 0.0655 0.0527     0    0
   9213   0.02849 0.1687 0.1231 0.0924 0.0630 0.0499     0    0
   9223   0.02492 0.1542 0.1122 0.0870 0.0668 0.0530     1    1
   9233   0.02956 0.2614 0.1284 0.0920 0.0607 0.0485     0    0
   9243   0.03989 0.1814 0.1056 0.0771 0.0643 0.0527     1    1
   9253   0.03330 0.2311 0.1547 0.1016 0.0786 0.0563     0    0
   9263   0.02450 0.2066 0.1092 0.0779 0.0537 0.0429     0    0
   9273   0.02788 0.2866 0.1559 0.1028 0.0689 0.0543     0    0
   9283   0.02086 0.2025 0.1228 0.0937 0.0539 0.0417     0    0
   9293   0.02547 0.2724 0.1298 0.0883 0.0706 0.0598     0    0
   9303   0.03101 0.2140 0.1220 0.0928 0.0676 0.0600     0    0
   9313   0.02732 0.2369 0.1401 0.0969 0.0736 0.0479     0    0
   9323   0.03773 0.3426 0.1707 0.1126 0.0859 0.0645     0    0
   9333   0.02293 0.1821 0.1100 0.0768 0.0565 0.0447     0    0
   9343   0.04329 0.1772 0.1293 0.0838 0.0672 0.0509     0    0
   9353   0.03311 0.2274 0.1260 0.1046 0.0713 0.0643     0    0
   9363   0.04179 0.1911 0.1226 0.0997 0.0789 0.0566     0    0
   9373   0.03326 0.1785 0.1185 0.0912 0.0638 0.0542     0    0
   9383   0.02095 0.1891 0.1039 0.0653 0.0448 0.0400     0    0
   9393   0.02962 0.2119 0.1574 0.0884 0.0643 0.0512     1    1
   9403   0.03718 0.3152 0.1829 0.1187 0.0908 0.0550     0    0
   9413   0.03062 0.2987 0.1536 0.0913 0.0635 0.0578     3    2
   9423   0.03770 0.2368 0.1427 0.1101 0.0755 0.0650     0    0
   9433   0.02821 0.1740 0.0903 0.0766 0.0578 0.0451     0    0
   9443   0.04447 0.3485 0.2341 0.1181 0.0822 0.0595     0    0
   9453   0.03551 0.2219 0.1247 0.0911 0.0759 0.0585     1    1
   9463   0.02914 0.2150 0.1361 0.0979 0.0648 0.0568     0    0
   9473   0.02327 0.3066 0.1662 0.1342 0.0917 0.0643     0    0
   9483   0.04568 0.2347 0.1456 0.0967 0.0650 0.0545     0    0
   9493   0.03574 0.2597 0.1535 0.1143 0.0758 0.0641     0    0
   9503   0.05104 0.3117 0.1646 0.1235 0.0815 0.0584     0    0
   9513   0.04213 0.2181 0.1482 0.1059 0.0678 0.0587     0    0
   9523   0.03879 0.2560 0.1323 0.0764 0.0616 0.0534     0    0
   9533   0.03561 0.2641 0.1779 0.1234 0.0909 0.0708     0    0
   9543   0.03284 0.3440 0.1958 0.1101 0.0592 0.0495     1    1
   9553   0.03254 0.1567 0.1203 0.0931 0.0659 0.0526     0    0
   9563   0.04743 0.2299 0.1355 0.0893 0.0696 0.0605     0    0
   9573   0.03821 0.4420 0.2137 0.1424 0.0979 0.0679     0    0
   9583   0.03139 0.2268 0.1805 0.1183 0.0758 0.0605     0    0
   9593   0.02889 0.3075 0.1870 0.1175 0.0800 0.0542     1    1
   9603   0.04376 0.2367 0.1603 0.0976 0.0814 0.0670     0    0
   9613   0.02032 0.1933 0.1401 0.1057 0.0573 0.0515     0    0
   9623   0.04147 0.3118 0.1479 0.0938 0.0760 0.0541     0    0
   9633   0.03983 0.2339 0.1410 0.0909 0.0641 0.0543     2    2
   9643   0.03482 0.2485 0.1552 0.1078 0.0734 0.0580     0    0
   9653   0.03582 0.2237 0.1292 0.0861 0.0799 0.0496     0    0
   9663   0.03491 0.1874 0.1021 0.0798 0.0622 0.0532     0    0
   9673   0.04406 0.3092 0.1551 0.0986 0.0800 0.0592     0    0
   9683   0.01969 0.1649 0.1236 0.0768 0.0551 0.0318     0    0
   9693   0.02554 0.2793 0.1667 0.1359 0.1001 0.0624     0    0
   9703   0.02722 0.1809 0.1140 0.0804 0.0632 0.0485     0    0
   9713   0.02763 0.1928 0.0956 0.0708 0.0632 0.0455     0    0
   9723   0.04665 0.1898 0.1514 0.1055 0.0667 0.0596     1    1
   9733   0.03856 0.2132 0.1389 0.0958 0.0749 0.0617     1    1
   9743   0.03812 0.2363 0.1620 0.1072 0.0722 0.0545     0    0
   9753   0.03115 0.2044 0.1281 0.0798 0.0642 0.0540     0    0
   9763   0.03102 0.1980 0.1571 0.1197 0.0791 0.0593     0    0
   9773   0.03111 0.2153 0.1173 0.0903 0.0644 0.0516     0    0
   9783   0.04273 0.2781 0.1570 0.1331 0.0746 0.0580     1    1
   9793   0.03951 0.2723 0.1706 0.1297 0.0934 0.0632     0    0
   9803   0.04040 0.2342 0.1660 0.1021 0.0782 0.0599     0    0
   9813   0.03559 0.2313 0.1399 0.1040 0.0710 0.0588     0    0
   9823   0.03077 0.2520 0.1557 0.1006 0.0736 0.0570     0    0
   9833   0.04045 0.3517 0.2031 0.1207 0.0872 0.0645     0    0
   9843   0.02959 0.3361 0.1723 0.1093 0.0814 0.0394     0    0
   9853   0.04825 0.3266 0.2606 0.1821 0.1129 0.0778     0    0
   9863   0.02679 0.2035 0.1311 0.0931 0.0651 0.0464     0    0
   9873   0.03017 0.2716 0.1415 0.0780 0.0723 0.0431     0    0
   9883   0.02781 0.2152 0.1143 0.0914 0.0692 0.0525     1    1
   9893   0.05321 0.3378 0.1746 0.1015 0.0757 0.0600     1    1
   9903   0.03078 0.1564 0.1098 0.0808 0.0640 0.0548     0    0
   9913   0.03190 0.1915 0.1333 0.0802 0.0589 0.0413     0    0
   9923   0.04141 0.2059 0.1289 0.0913 0.0721 0.0563     0    0
   9933   0.02263 0.2038 0.0919 0.0703 0.0486 0.0380     0    0
   9943   0.03823 0.2320 0.1354 0.0966 0.0648 0.0605     0    0
   9953   0.04136 0.2061 0.1311 0.1034 0.0726 0.0567     0    0
   9963   0.03707 0.1907 0.1609 0.1093 0.0623 0.0475     0    0
   9973   0.05215 0.2828 0.1629 0.1102 0.0981 0.0786     0    0
   9983   0.03586 0.2637 0.1756 0.1162 0.0904 0.0728     0    0
   9993   0.04094 0.1831 0.1308 0.0850 0.0709 0.0510     0    0
# 1000 lambda in 777s -> broad_w_400_s1.json
