J=400 R=200 lambda 3..4999 step 4 (odd only), theta = 0.137
    lam  Lam_long   C(.137)   C(.10) b16    b24    b32    b48    b64    b128    pre6  dbr
      3   0.03281    1.2575   1.4425 0.1398 0.1015 0.1110 0.0939 0.0824 0.0568     0    0
      7   0.02669    1.2273   1.3383 0.1337 0.0935 0.0872 0.0647 0.0575 0.0451     0    0
     11   0.03536    1.3956   1.5436 0.1804 0.1216 0.0949 0.0850 0.0753 0.0537     0    0
     15   0.02641    1.3966   1.5076 0.1361 0.0991 0.0999 0.0765 0.0739 0.0482     0    0
     19   0.02677    0.7412   0.8152 0.0909 0.0849 0.0817 0.0658 0.0620 0.0490     0    0
     23   0.04030    1.3730   1.5210 0.1186 0.0841 0.0773 0.0652 0.0579 0.0463     0    0
     27   0.03803    1.3534   1.5384 0.1406 0.1092 0.1163 0.0973 0.0871 0.0585     1    1
     31   0.02804    1.2680   1.3803 0.1410 0.1057 0.0983 0.0787 0.0652 0.0463     1    1
     35   0.03225    0.9967   1.0707 0.0991 0.0738 0.0630 0.0565 0.0538 0.0431     0    0
     39   0.03165    1.4127   1.5237 0.1379 0.1062 0.0947 0.0795 0.0722 0.0570     0    0
     43   0.03860    0.9559   1.0545 0.1529 0.1092 0.0852 0.0680 0.0648 0.0552     0    0
     47   0.03281    1.2336   1.4556 0.1590 0.1348 0.1184 0.0880 0.0865 0.0631     0    0
     51   0.04070    0.7140   0.7880 0.1206 0.1126 0.1080 0.0842 0.0745 0.0564     0    0
     55   0.01878    0.8769   1.0118 0.1186 0.0864 0.0712 0.0673 0.0568 0.0380     0    0
     59   0.03842    0.9701   1.1921 0.1344 0.0949 0.0888 0.0748 0.0685 0.0568     0    0
     63   0.02933    1.2066   1.3176 0.1327 0.0935 0.0866 0.0647 0.0575 0.0449     0    0
     67   0.02066    0.7551   0.8291 0.1053 0.0894 0.0691 0.0585 0.0537 0.0462     0    0
     71   0.03347    0.8326   0.9806 0.1165 0.0922 0.0797 0.0679 0.0636 0.0558     0    0
     75   0.03964    1.6860   1.9450 0.1701 0.1175 0.0973 0.0932 0.0725 0.0644     0    0
     79   0.02730    1.0111   1.1591 0.1175 0.0898 0.0827 0.0623 0.0605 0.0470     0    0
     83   0.04974    0.8412   0.9204 0.1157 0.0963 0.0792 0.0665 0.0635 0.0553     0    0
     87   0.02941    0.9297   1.0037 0.1371 0.0915 0.0763 0.0743 0.0638 0.0447     0    0
     91   0.04446    1.8433   2.1097 0.2009 0.1425 0.1368 0.1153 0.0880 0.0718     0    0
     95   0.03468    1.2669   1.3779 0.1522 0.0988 0.0808 0.0732 0.0640 0.0512     0    0
     99   0.03631    1.5210   1.6690 0.1883 0.1263 0.0952 0.0853 0.0754 0.0533     0    0
    103   0.04147    1.0696   1.1436 0.1284 0.1154 0.0968 0.0821 0.0672 0.0536     0    0
    107   0.03161    1.6957   2.0948 0.2074 0.1792 0.1356 0.1025 0.0784 0.0575     0    0
    111   0.03753    1.2302   1.4183 0.1568 0.1027 0.0797 0.0671 0.0702 0.0513     0    0
    115   0.02849    1.1812   1.4276 0.1622 0.1012 0.0958 0.0820 0.0715 0.0385     2    2
    119   0.02200    1.0805   1.1545 0.1560 0.1209 0.1034 0.0780 0.0706 0.0535     0    0
    123   0.03532    0.9510   1.0926 0.1526 0.1109 0.1087 0.0607 0.0651 0.0470     1    1
    127   0.02400    1.7346   1.8456 0.1446 0.1331 0.1111 0.0946 0.0767 0.0450     0    0
    131   0.03183    1.0760   1.1500 0.1237 0.1115 0.0942 0.0764 0.0668 0.0558     0    0
    135   0.02723    1.3954   1.5064 0.1361 0.0990 0.0888 0.0764 0.0739 0.0471     0    0
    139   0.03416    1.9844   2.6591 0.2045 0.2031 0.1611 0.1219 0.0978 0.0704     0    0
    143   0.02218    1.1066   1.1806 0.1133 0.0956 0.0911 0.0803 0.0702 0.0353     0    0
    147   0.04125    1.7500   2.0090 0.1870 0.1528 0.1200 0.1061 0.0878 0.0642     1    1
    151   0.04089    1.0476   1.1586 0.1123 0.1035 0.0918 0.0730 0.0666 0.0469     0    0
    155   0.02544    1.6133   1.7983 0.1632 0.1110 0.0759 0.0769 0.0601 0.0439     0    0
    159   0.04107    1.1833   1.3286 0.1449 0.1097 0.0949 0.0711 0.0727 0.0611     0    0
    163   0.03998    1.3497   1.5878 0.1653 0.1285 0.0937 0.0827 0.0747 0.0597     0    0
    167   0.03083    1.6275   1.8016 0.1683 0.1348 0.1350 0.0938 0.0777 0.0454     0    0
    171   0.02616    0.7299   0.8039 0.0950 0.0846 0.0816 0.0657 0.0590 0.0503     0    0
    175   0.02309    1.5377   1.6487 0.1532 0.1231 0.1068 0.0578 0.0487 0.0363     0    0
    179   0.03746    1.0571   1.1681 0.1072 0.0883 0.0748 0.0607 0.0527 0.0450     0    0
    183   0.02750    1.3356   1.4466 0.1402 0.1102 0.1085 0.0829 0.0842 0.0502     0    0
    187   0.02945    0.8369   0.9479 0.1063 0.0958 0.0796 0.0707 0.0561 0.0473     0    0
    191   0.03616    1.6080   1.7190 0.1246 0.0963 0.0736 0.0683 0.0625 0.0515     2    1
    195   0.02189    1.3339   1.4449 0.1330 0.1047 0.0780 0.0707 0.0663 0.0445     0    0
    199   0.01830    1.2601   1.4317 0.1554 0.1177 0.1004 0.0827 0.0665 0.0422     0    0
    203   0.03559    1.5286   1.6569 0.1749 0.1436 0.1350 0.0938 0.0892 0.0501     0    0
    207   0.03688    1.0482   1.1222 0.1182 0.0878 0.0795 0.0608 0.0541 0.0475     0    0
    211   0.02780    1.5183   1.6293 0.1452 0.1109 0.1213 0.0869 0.0655 0.0519     0    0
    215   0.02464    0.9060   1.0471 0.1333 0.0923 0.0806 0.0664 0.0618 0.0419     0    0
    219   0.03099    1.6254   1.7364 0.1262 0.1320 0.0928 0.0800 0.0643 0.0501     0    0
    223   0.04074    1.3027   1.6336 0.1551 0.1186 0.1124 0.1039 0.0885 0.0688     0    0
    227   0.03235    1.1760   1.4312 0.1434 0.1062 0.0850 0.0798 0.0668 0.0499     0    0
    231   0.03655    1.0595   1.1335 0.1422 0.0978 0.1011 0.0869 0.0713 0.0522     0    0
    235   0.02070    1.1667   1.2407 0.1593 0.1168 0.0892 0.0709 0.0614 0.0533     0    0
    239   0.02867    1.4930   2.0850 0.2303 0.1541 0.1189 0.0884 0.0811 0.0582     0    0
    243   0.03534    1.3982   1.5832 0.1406 0.1277 0.1164 0.0973 0.0880 0.0589     0    0
    247   0.01574    1.1123   1.1863 0.1324 0.1169 0.0989 0.0841 0.0743 0.0470     0    0
    251   0.03598    2.1515   2.8705 0.2327 0.1971 0.1639 0.1177 0.0989 0.0445     0    0
    255   0.03394    1.1312   1.4272 0.1668 0.1170 0.1040 0.0828 0.0642 0.0506     0    0
    259   0.02286    1.1848   1.3328 0.1171 0.0996 0.1107 0.0888 0.0722 0.0437     1    1
    263   0.03586    1.3252   1.4362 0.1577 0.1021 0.0911 0.0783 0.0761 0.0564     0    0
    267   0.04028    1.0023   1.0763 0.1288 0.1012 0.0844 0.0715 0.0587 0.0470     0    0
    271   0.03436    1.2086   1.3566 0.1546 0.1013 0.1136 0.0893 0.0817 0.0566     0    0
    275   0.02573    1.0464   1.6014 0.1877 0.1222 0.1005 0.0831 0.0757 0.0449     0    0
    279   0.03470    1.2973   1.4105 0.1409 0.1047 0.0982 0.0756 0.0651 0.0496     1    1
    283   0.02054    0.7708   0.9558 0.1030 0.0797 0.0673 0.0587 0.0526 0.0384     0    0
    287   0.02267    1.1727   1.2467 0.1360 0.1081 0.0837 0.0767 0.0721 0.0398     0    0
    291   0.03035    1.1722   1.3011 0.1384 0.1134 0.0935 0.0718 0.0689 0.0457     0    0
    295   0.02676    1.1616   1.2440 0.1499 0.1024 0.0908 0.0826 0.0666 0.0539     0    0
    299   0.03409    1.5708   1.6818 0.1332 0.1197 0.1044 0.0839 0.0724 0.0675     1    1
    303   0.02825    1.1284   1.2024 0.1176 0.1171 0.0934 0.0895 0.0679 0.0453     1    1
    307   0.02559    1.1573   1.2313 0.1209 0.0979 0.0785 0.0652 0.0619 0.0476     0    0
    311   0.02805    0.8916   1.2704 0.1518 0.1194 0.0840 0.0748 0.0681 0.0552     0    0
    315   0.02656    0.9972   1.0712 0.0989 0.0808 0.0683 0.0589 0.0548 0.0445     0    0
    319   0.02770    0.9473   1.0213 0.0918 0.0874 0.0692 0.0601 0.0525 0.0364     0    0
    323   0.02790    0.9922   1.0662 0.0994 0.0874 0.0733 0.0594 0.0542 0.0460     0    0
    327   0.01598    1.2134   1.4313 0.1502 0.1042 0.0962 0.0771 0.0611 0.0375     0    0
    331   0.02288    1.1619   1.5547 0.1883 0.1303 0.1015 0.0822 0.0804 0.0562     0    0
    335   0.04185    1.0791   1.4228 0.1653 0.1206 0.1090 0.0906 0.0835 0.0530     0    0
    339   0.02843    1.1262   1.2742 0.1556 0.1216 0.1033 0.0843 0.0708 0.0657     0    0
    343   0.03322    1.4578   1.6428 0.1853 0.1386 0.1030 0.0827 0.0754 0.0450     0    0
    347   0.04650    1.2469   1.3949 0.1413 0.0955 0.0955 0.0812 0.0627 0.0580     0    0
    351   0.03484    1.4126   1.5236 0.1482 0.1081 0.0949 0.0795 0.0752 0.0580     0    0
    355   0.03035    1.1910   1.3020 0.1330 0.1157 0.0965 0.0727 0.0634 0.0468     0    0
    359   0.02730    0.6247   0.7357 0.1110 0.0862 0.0764 0.0644 0.0574 0.0488     0    0
    363   0.03247    2.1304   2.3541 0.1482 0.1009 0.0926 0.0734 0.0621 0.0541     0    0
    367   0.04732    2.2616   2.4096 0.2073 0.1547 0.1322 0.1042 0.0887 0.0673     0    0
    371   0.03599    0.9099   1.0589 0.1436 0.1177 0.0929 0.0800 0.0738 0.0559     0    0
    375   0.02698    1.6559   1.9519 0.1928 0.1285 0.1056 0.0889 0.0763 0.0515     0    0
    379   0.03633    0.7939   0.8699 0.0986 0.0858 0.0849 0.0822 0.0632 0.0504     0    0
    383   0.03478    1.0782   1.1953 0.1060 0.1011 0.0800 0.0689 0.0600 0.0507     1    1
    387   0.02696    1.0259   1.0999 0.1529 0.1077 0.0849 0.0680 0.0648 0.0549     0    0
    391   0.03606    1.5377   1.7597 0.1726 0.1093 0.0921 0.0726 0.0625 0.0536     0    0
    395   0.03175    0.7041   0.7781 0.1179 0.0992 0.0845 0.0757 0.0658 0.0508     0    0
    399   0.02594    1.1126   1.3346 0.1571 0.1055 0.1033 0.0689 0.0571 0.0426     0    0
    403   0.03324    1.0823   1.1563 0.1349 0.1250 0.0999 0.0710 0.0749 0.0611     0    0
    407   0.04407    1.5421   1.6655 0.1436 0.1092 0.1160 0.0888 0.0811 0.0502     0    0
    411   0.01800    1.4835   1.5945 0.1394 0.1098 0.0882 0.0656 0.0608 0.0437     0    0
    415   0.04158    1.2211   1.3321 0.1250 0.1237 0.1150 0.0776 0.0792 0.0630     0    0
    419   0.04212    1.3820   1.5583 0.1350 0.1206 0.1042 0.0859 0.0796 0.0565     0    0
    423   0.02644    1.2329   1.4549 0.1603 0.1330 0.1191 0.0864 0.0859 0.0631     0    0
    427   0.03492    1.0099   1.1969 0.1501 0.1211 0.0994 0.0934 0.0780 0.0591     0    0
    431   0.04204    1.0498   1.2142 0.1409 0.1203 0.1042 0.0857 0.0682 0.0575     0    0
    435   0.02793    1.0167   1.1623 0.1395 0.0983 0.0914 0.0687 0.0638 0.0503     0    0
    439   0.04438    1.0715   1.2128 0.1492 0.1198 0.1116 0.0818 0.0795 0.0635     0    0
    443   0.03337    1.0251   1.0991 0.1030 0.0954 0.0952 0.0801 0.0722 0.0617     0    0
    447   0.03512    1.5660   1.6770 0.1393 0.1032 0.0908 0.0612 0.0517 0.0453     0    0
    451   0.03789    1.4418   1.5528 0.1293 0.1082 0.0978 0.0847 0.0782 0.0622     0    0
    455   0.03360    1.0072   1.1182 0.1403 0.1210 0.1078 0.0882 0.0767 0.0548     0    0
    459   0.03647    0.6862   0.7617 0.1196 0.1168 0.1078 0.0843 0.0745 0.0563     1    1
    463   0.03589    1.8492   1.9972 0.1899 0.1327 0.1026 0.0787 0.0705 0.0572     1    1
    467   0.05374    1.2264   1.3374 0.1467 0.1116 0.1095 0.0892 0.0823 0.0675     0    0
    471   0.02570    1.0542   1.1282 0.1012 0.0799 0.0761 0.0662 0.0579 0.0433     0    0
    475   0.02638    1.4346   1.5456 0.1198 0.0940 0.0753 0.0787 0.0675 0.0453     1    1
    479   0.04677    1.2044   1.3154 0.1510 0.1083 0.0912 0.0793 0.0767 0.0657     0    0
    483   0.03826    1.2248   1.6357 0.2022 0.1525 0.1135 0.0947 0.0828 0.0602     0    0
    487   0.02509    1.1411   1.2151 0.1270 0.0990 0.0743 0.0590 0.0598 0.0514     0    0
    491   0.02685    0.9925   1.1035 0.1276 0.1244 0.1015 0.0948 0.0877 0.0510     0    0
    495   0.01806    0.8212   0.9527 0.1148 0.0839 0.0693 0.0660 0.0550 0.0353     0    0
    499   0.03010    0.8632   0.9372 0.1394 0.1092 0.0800 0.0757 0.0733 0.0476     0    0
    503   0.05182    1.4000   1.5850 0.1744 0.1343 0.1213 0.0874 0.0734 0.0671     2    1
    507   0.03987    1.6583   1.7693 0.1464 0.1397 0.1095 0.0872 0.0769 0.0595     0    0
    511   0.02984    1.3312   1.6374 0.1655 0.1329 0.1049 0.0879 0.0864 0.0602     0    0
    515   0.05368    1.2561   1.3671 0.1305 0.1122 0.0887 0.0765 0.0745 0.0591     0    0
    519   0.02988    1.5205   1.8165 0.1573 0.1329 0.1046 0.0809 0.0754 0.0562     0    0
    523   0.03337    1.6897   1.8007 0.1889 0.1420 0.1008 0.1011 0.0904 0.0464     0    0
    527   0.02706    1.1346   1.2086 0.1146 0.0910 0.0899 0.0765 0.0561 0.0477     0    0
    531   0.04049    0.9686   1.1536 0.1332 0.0909 0.0894 0.0733 0.0680 0.0556     0    0
    535   0.03807    1.0530   1.2066 0.1172 0.0905 0.0843 0.0672 0.0651 0.0533     1    1
    539   0.03270    1.0899   1.1639 0.1162 0.0947 0.0751 0.0633 0.0580 0.0486     0    0
    543   0.01852    1.6332   1.8182 0.1295 0.1091 0.0774 0.0674 0.0687 0.0406     2    2
    547   0.03613    0.8438   1.0288 0.1387 0.1033 0.0907 0.0778 0.0690 0.0530     0    0
    551   0.04188    1.5603   1.6763 0.1546 0.1279 0.1008 0.0835 0.0746 0.0541     0    0
    555   0.03794    1.2032   1.3022 0.1424 0.1142 0.1036 0.0922 0.0823 0.0485     0    0
    559   0.02618    1.5285   1.7505 0.1793 0.1447 0.1163 0.0922 0.0824 0.0517     0    0
    563   0.03400    1.1320   1.2060 0.1471 0.0944 0.0864 0.0709 0.0586 0.0373     0    0
    567   0.02936    1.2436   1.3546 0.1331 0.0958 0.0868 0.0653 0.0573 0.0454     0    0
    571   0.03315    2.3532   2.5012 0.1867 0.1477 0.1064 0.0763 0.0684 0.0476     3    2
    575   0.04107    1.0915   1.2395 0.1037 0.0867 0.0865 0.0697 0.0585 0.0558     0    0
    579   0.03377    0.8653   0.9393 0.1007 0.0858 0.0795 0.0634 0.0681 0.0532     1    1
    583   0.02926    0.9635   1.0375 0.1048 0.0920 0.0705 0.0641 0.0616 0.0503     0    0
    587   0.05304    1.5805   1.8583 0.1883 0.1621 0.1397 0.1173 0.1025 0.0858     1    1
    591   0.04003    1.5486   1.6596 0.1240 0.0941 0.1027 0.0787 0.0624 0.0526     0    0
    595   0.03286    1.6593   1.7703 0.1835 0.1512 0.1498 0.1174 0.0961 0.0441     0    0
    599   0.04421    1.6061   1.7171 0.1548 0.1134 0.0875 0.0759 0.0701 0.0590     1    1
    603   0.02703    0.7621   0.8361 0.1076 0.0912 0.0691 0.0584 0.0535 0.0465     0    0
    607   0.03112    1.1677   1.4665 0.1567 0.1281 0.1047 0.0791 0.0627 0.0567     0    0
    611   0.06651    1.3501   1.4611 0.1310 0.1262 0.1039 0.0910 0.0746 0.0711     1    1
    615   0.03300    1.1065   1.1805 0.1424 0.1098 0.0843 0.0722 0.0692 0.0515     0    0
    619   0.02504    1.1697   1.2437 0.1060 0.1023 0.0844 0.0787 0.0649 0.0529     3    3
    623   0.03920    1.5211   1.6321 0.1560 0.1234 0.1072 0.0799 0.0657 0.0433     1    1
    627   0.03762    1.7765   1.9245 0.1623 0.1118 0.1174 0.0782 0.0757 0.0562     1    1
    631   0.03964    1.7893   1.9373 0.1734 0.1379 0.1272 0.0948 0.0809 0.0592     1    1
    635   0.03839    1.1575   1.2685 0.1345 0.1098 0.0945 0.0711 0.0649 0.0526     0    0
    639   0.03759    0.8347   0.9827 0.0988 0.0913 0.0791 0.0680 0.0633 0.0557     0    0
    643   0.03732    1.1151   1.5859 0.1973 0.1408 0.1140 0.0857 0.0703 0.0465     1    1
    647   0.02797    0.8362   0.9850 0.1392 0.1117 0.1029 0.0850 0.0746 0.0568     0    0
    651   0.02818    1.1763   1.2950 0.1619 0.1148 0.0988 0.0808 0.0838 0.0606     0    0
    655   0.04740    1.7154   1.9004 0.1835 0.1410 0.1141 0.1104 0.0995 0.0700     0    0
    659   0.05099    0.9762   1.0699 0.1341 0.1165 0.0983 0.0807 0.0682 0.0584     0    0
    663   0.02792    1.1974   1.3824 0.1280 0.0965 0.0808 0.0791 0.0679 0.0550     0    0
    667   0.04234    1.0877   1.1617 0.1466 0.1253 0.1166 0.0973 0.0847 0.0516     0    0
    671   0.03646    1.0696   1.1436 0.1098 0.0846 0.0747 0.0703 0.0567 0.0521     0    0
    675   0.04668    1.5821   1.7881 0.1707 0.1202 0.0983 0.0880 0.0738 0.0649     0    0
    679   0.02876    0.8206   0.8946 0.1041 0.0835 0.0713 0.0681 0.0613 0.0506     0    0
    683   0.03560    1.4423   1.5533 0.1506 0.1075 0.1197 0.0821 0.0725 0.0435     0    0
    687   0.02680    1.4645   1.5755 0.1567 0.1130 0.0849 0.0783 0.0758 0.0472     1    1
    691   0.03129    1.4659   1.6879 0.1535 0.1457 0.1144 0.0882 0.0767 0.0613     1    1
    695   0.03279    1.9474   2.3247 0.2315 0.1794 0.1671 0.1368 0.1187 0.0869     0    0
    699   0.05395    1.3563   1.5078 0.1745 0.1378 0.1159 0.0953 0.0857 0.0749     0    0
    703   0.03729    1.2064   1.3174 0.1323 0.1016 0.0803 0.0741 0.0614 0.0470     1    1
    707   0.03628    2.1045   2.3265 0.1822 0.1197 0.0919 0.0691 0.0626 0.0517     0    0
    711   0.02844    1.0016   1.1496 0.1289 0.0901 0.0828 0.0625 0.0634 0.0467     0    0
    715   0.02194    1.5187   1.7037 0.1269 0.1100 0.0934 0.0823 0.0698 0.0460     0    0
    719   0.03012    1.2937   1.4047 0.1352 0.1037 0.1073 0.0693 0.0620 0.0413     2    1
    723   0.03218    1.2776   1.4626 0.1366 0.0912 0.0932 0.0758 0.0694 0.0525     0    0
    727   0.03906    1.2665   1.7105 0.2007 0.1460 0.1185 0.0973 0.0851 0.0602     0    0
    731   0.04731    1.1167   1.2277 0.1482 0.1036 0.0919 0.0760 0.0695 0.0581     0    0
    735   0.03638    1.1376   1.2116 0.1225 0.1130 0.0888 0.0855 0.0711 0.0623     0    0
    739   0.03214    0.8355   0.9465 0.1334 0.1129 0.0931 0.0725 0.0694 0.0494     0    0
    743   0.03668    1.7340   1.8820 0.1595 0.1379 0.1047 0.0789 0.0710 0.0552     0    0
    747   0.04511    0.8964   1.0074 0.1192 0.0983 0.0830 0.0665 0.0636 0.0560     0    0
    751   0.02774    1.1154   1.2072 0.1352 0.1133 0.0873 0.0753 0.0646 0.0511     0    0
    755   0.02644    0.9922   1.1788 0.1297 0.0944 0.0778 0.0650 0.0623 0.0468     0    0
    759   0.02907    1.9152   2.0632 0.1660 0.1411 0.1096 0.0780 0.0704 0.0568     0    0
    763   0.02281    1.0320   1.1430 0.1364 0.1234 0.0998 0.0661 0.0684 0.0427     2    1
    767   0.03648    0.9941   1.0684 0.1108 0.1050 0.0991 0.0703 0.0622 0.0510     0    0
    771   0.02614    1.0642   1.1752 0.1362 0.0772 0.0620 0.0491 0.0446 0.0404     0    0
    775   0.02698    1.1637   1.3117 0.1146 0.1014 0.0905 0.0678 0.0604 0.0447     0    0
    779   0.03605    1.1769   1.2509 0.1176 0.0983 0.0967 0.0819 0.0608 0.0546     0    0
    783   0.02867    0.9786   1.0526 0.1402 0.0915 0.0763 0.0750 0.0638 0.0447     0    0
    787   0.03443    1.2996   1.4106 0.1365 0.0900 0.0846 0.0760 0.0661 0.0570     0    0
    791   0.02621    1.1927   1.2667 0.1152 0.0992 0.0866 0.0687 0.0653 0.0568     0    0
    795   0.03793    0.8231   1.0747 0.1290 0.0970 0.0937 0.0672 0.0637 0.0551     0    0
    799   0.04194    1.0220   1.1330 0.1354 0.1141 0.0982 0.0813 0.0772 0.0539     0    0
    803   0.04995    2.0087   2.4527 0.2375 0.1762 0.1190 0.0955 0.0761 0.0668     0    0
    807   0.03503    1.1112   1.2489 0.1274 0.1079 0.0922 0.0822 0.0726 0.0484     0    0
    811   0.03390    1.5299   1.7149 0.1368 0.1118 0.0897 0.0723 0.0637 0.0484     1    1
    815   0.04257    1.1429   1.2539 0.1319 0.1106 0.1004 0.0839 0.0712 0.0571     0    0
    819   0.03998    1.8434   2.1096 0.2009 0.1425 0.1368 0.1153 0.0880 0.0718     1    1
    823   0.03991    1.3292   1.4402 0.1463 0.1217 0.1213 0.1031 0.0818 0.0671     0    0
    827   0.02232    1.6504   1.7614 0.1454 0.1160 0.0904 0.0920 0.0797 0.0594     1    1
    831   0.04485    1.1872   1.3453 0.1328 0.1159 0.0956 0.0739 0.0720 0.0531     0    0
    835   0.02726    1.2937   1.4047 0.1413 0.1176 0.0964 0.0760 0.0770 0.0465     0    0
    839   0.03323    0.9981   1.0721 0.0967 0.0767 0.0692 0.0567 0.0517 0.0426     0    0
    843   0.03033    0.8210   0.9182 0.0898 0.0673 0.0697 0.0523 0.0485 0.0406     0    0
    847   0.04605    1.8170   2.0760 0.1885 0.1284 0.1139 0.0981 0.0804 0.0590     0    0
    851   0.03082    1.6203   1.7313 0.1751 0.1188 0.1079 0.1070 0.0888 0.0714     1    1
    855   0.03054    0.9714   1.0454 0.1344 0.0982 0.0803 0.0700 0.0639 0.0519     0    0
    859   0.03123    0.8997   0.9950 0.1125 0.0888 0.0827 0.0747 0.0734 0.0538     0    0
    863   0.04202    1.6614   1.7724 0.1353 0.1149 0.1036 0.0885 0.0841 0.0720     0    0
    867   0.04801    1.4321   1.7281 0.1673 0.1103 0.1206 0.0872 0.0840 0.0720     0    0
    871   0.03928    1.4480   1.5590 0.1252 0.0979 0.0825 0.0704 0.0653 0.0535     0    0
    875   0.02115    1.4450   1.5930 0.1199 0.0848 0.0803 0.0625 0.0666 0.0513     2    2
    879   0.03432    1.5130   1.6240 0.1624 0.1160 0.1029 0.0943 0.0796 0.0460     0    0
    883   0.01834    1.6553   1.7663 0.1499 0.1071 0.0847 0.0694 0.0666 0.0470     0    0
    887   0.02856    1.2344   1.4088 0.1255 0.1055 0.0912 0.0667 0.0591 0.0388     0    0
    891   0.03471    1.4776   1.6256 0.1857 0.1243 0.0987 0.0881 0.0781 0.0550     0    0
    895   0.03073    1.1767   1.2507 0.0968 0.0794 0.0750 0.0686 0.0560 0.0481     0    0
    899   0.02619    1.2730   1.6060 0.1755 0.1289 0.1051 0.0734 0.0805 0.0482     0    0
    903   0.03357    1.4283   1.5763 0.1304 0.1176 0.0788 0.0777 0.0742 0.0496     0    0
    907   0.05326    1.4978   1.6458 0.1463 0.1205 0.1093 0.0820 0.0825 0.0590     0    0
    911   0.03316    1.5764   1.8490 0.1615 0.1383 0.1136 0.0869 0.0844 0.0586     0    0
    915   0.01304    1.1636   1.3116 0.1239 0.1084 0.0864 0.0852 0.0683 0.0359     0    0
    919   0.03379    1.2394   1.4590 0.1887 0.1450 0.1113 0.0882 0.0778 0.0484     1    1
    923   0.01918    1.3334   1.4814 0.1433 0.1221 0.1092 0.0902 0.0902 0.0509     0    0
    927   0.04030    1.0662   1.1402 0.1311 0.1221 0.1093 0.0870 0.0711 0.0568     0    0
    931   0.02690    1.2556   1.3873 0.1467 0.1188 0.1083 0.0967 0.0681 0.0554     0    0
    935   0.03199    1.0715   1.1455 0.1503 0.1224 0.0860 0.0645 0.0587 0.0442     0    0
    939   0.03954    1.1875   1.4913 0.1530 0.1130 0.0918 0.0947 0.0843 0.0659     0    0
    943   0.04462    1.7178   1.9752 0.1733 0.1404 0.1233 0.0931 0.0990 0.0604     0    0
    947   0.03231    0.8181   0.8921 0.1269 0.1022 0.0847 0.0824 0.0687 0.0530     0    0
    951   0.02597    1.2945   1.4055 0.1657 0.1252 0.1021 0.0952 0.0770 0.0525     0    0
    955   0.02144    1.4946   1.6056 0.1543 0.1124 0.1003 0.0864 0.0812 0.0545     0    0
    959   0.02811    1.1760   1.3610 0.1648 0.1012 0.0915 0.0784 0.0698 0.0580     0    0
    963   0.03175    1.6812   2.0945 0.2059 0.1796 0.1371 0.1089 0.0815 0.0598     0    0
    967   0.02662    1.3042   1.4152 0.1487 0.1365 0.1245 0.0991 0.0775 0.0578     0    0
    971   0.03717    0.7942   0.9382 0.1360 0.0943 0.0874 0.0689 0.0709 0.0534     0    0
    975   0.03147    1.3205   1.5425 0.1600 0.1146 0.0970 0.0880 0.0756 0.0550     0    0
    979   0.03405    1.1519   1.2531 0.1509 0.1111 0.0839 0.0869 0.0729 0.0517     0    0
    983   0.03987    1.7921   1.9031 0.1743 0.1357 0.1038 0.0781 0.0690 0.0509     2    1
    987   0.02129    1.5448   1.7668 0.1708 0.1157 0.0884 0.0826 0.0667 0.0397     0    0
    991   0.02593    0.9912   1.1689 0.1212 0.0825 0.0876 0.0678 0.0612 0.0463     1    1
    995   0.02331    1.0637   1.3227 0.1290 0.1246 0.0799 0.0674 0.0555 0.0484     0    0
    999   0.04312    1.2364   1.4225 0.1519 0.1041 0.0975 0.0891 0.0751 0.0599     0    0
   1003   0.02529    1.2743   1.4593 0.1470 0.1046 0.1027 0.0840 0.0723 0.0546     0    0
   1007   0.03728    1.3212   1.4322 0.1385 0.1091 0.0950 0.0890 0.0730 0.0569     0    0
   1011   0.02986    1.1681   1.2791 0.1499 0.1035 0.1078 0.0898 0.0752 0.0485     0    0
   1015   0.05033    2.2176   2.3656 0.1883 0.1307 0.1251 0.0968 0.0965 0.0662     0    0
   1019   0.02346    1.1000   1.2850 0.1381 0.0945 0.0801 0.0666 0.0605 0.0373     0    0
   1023   0.03294    0.9314   1.0126 0.1265 0.0987 0.0806 0.0814 0.0701 0.0511     0    0
   1027   0.03539    1.0501   1.2721 0.1127 0.0809 0.0769 0.0677 0.0641 0.0525     0    0
   1031   0.03960    0.9542   1.4659 0.1879 0.1313 0.1018 0.0868 0.0775 0.0503     0    0
   1035   0.02730    1.1407   1.4367 0.1628 0.1016 0.0961 0.0826 0.0718 0.0403     0    0
   1039   0.03729    0.6931   0.8411 0.1408 0.0864 0.0886 0.0681 0.0640 0.0490     0    0
   1043   0.02832    1.2021   1.2761 0.1384 0.1107 0.0956 0.0889 0.0756 0.0439     1    1
   1047   0.04015    1.5460   1.6570 0.1431 0.1238 0.1084 0.0889 0.0747 0.0641     0    0
   1051   0.03579    1.1371   1.3221 0.1287 0.0833 0.0869 0.0744 0.0666 0.0456     1    1
   1055   0.03160    0.8011   0.9861 0.1067 0.0921 0.0793 0.0645 0.0587 0.0483     0    0
   1059   0.01961    1.0488   1.2258 0.1693 0.1239 0.1140 0.0924 0.0732 0.0420     0    0
   1063   0.02829    1.0462   1.2561 0.1389 0.1192 0.0946 0.0711 0.0576 0.0422     0    0
   1067   0.04538    1.4788   1.5898 0.1584 0.1157 0.0966 0.0882 0.0809 0.0667     0    0
   1071   0.02294    1.0800   1.1540 0.1558 0.1211 0.1032 0.0781 0.0705 0.0576     1    1
   1075   0.03016    1.0596   1.1336 0.1219 0.1043 0.0966 0.0776 0.0694 0.0456     0    0
   1079   0.03235    0.7895   0.9216 0.1136 0.0922 0.0919 0.0676 0.0682 0.0575     1    1
   1083   0.03380    3.2182   3.4402 0.2843 0.2059 0.1703 0.1258 0.0858 0.0485     0    0
   1087   0.04412    1.6914   1.8256 0.1569 0.1364 0.1330 0.0963 0.0746 0.0579     0    0
   1091   0.02717    1.3852   1.5360 0.1807 0.1216 0.1092 0.0834 0.0761 0.0531     0    0
   1095   0.04443    0.9365   1.1585 0.1304 0.1220 0.0948 0.0841 0.0773 0.0603     0    0
   1099   0.03056    1.1566   1.2306 0.1364 0.1320 0.1105 0.0833 0.0738 0.0526     0    0
   1103   0.03500    1.2054   1.4882 0.1679 0.1167 0.0936 0.0823 0.0567 0.0454     1    1
   1107   0.03515    0.8714   1.1418 0.1584 0.1076 0.1093 0.0627 0.0628 0.0476     0    0
   1111   0.04149    1.3284   1.4431 0.1324 0.1210 0.0973 0.0901 0.0751 0.0575     0    0
   1115   0.03571    1.4290   1.5400 0.1685 0.1317 0.1160 0.0956 0.0874 0.0453     0    0
   1119   0.03534    1.4118   1.7078 0.1771 0.1184 0.0920 0.0881 0.0770 0.0536     0    0
   1123   0.04200    1.4200   1.6134 0.1849 0.1236 0.0993 0.0779 0.0655 0.0542     0    0
   1127   0.03184    0.8293   0.9033 0.1209 0.0906 0.0771 0.0633 0.0640 0.0550     0    0
   1131   0.02254    2.1966   2.3446 0.2059 0.1216 0.0908 0.0655 0.0683 0.0521     0    0
   1135   0.03292    1.7513   1.9733 0.1844 0.1458 0.1114 0.0826 0.0788 0.0503     0    0
   1139   0.03256    0.9689   1.0429 0.0969 0.0706 0.0682 0.0549 0.0516 0.0436     0    0
   1143   0.02347    1.5699   1.6809 0.1446 0.1331 0.1111 0.0958 0.0767 0.0429     0    0
   1147   0.03317    1.3746   1.5829 0.1883 0.1364 0.1234 0.1064 0.0972 0.0755     0    0
   1151   0.03788    0.8907   1.0017 0.1324 0.1042 0.0862 0.0762 0.0710 0.0537     0    0
   1155   0.04439    1.0252   1.3816 0.1640 0.1519 0.1292 0.0935 0.0795 0.0609     1    1
   1159   0.04632    2.0392   2.1872 0.1774 0.1165 0.1329 0.0957 0.0786 0.0608     0    0
   1163   0.02692    0.7716   0.8456 0.0997 0.0812 0.0684 0.0602 0.0575 0.0517     2    1
   1167   0.02176    1.2684   1.4534 0.1325 0.1010 0.0772 0.0557 0.0520 0.0430     0    0
   1171   0.03770    1.1907   1.2647 0.1276 0.1090 0.0867 0.0812 0.0712 0.0595     1    1
   1175   0.03082    0.8151   0.9261 0.1262 0.0950 0.0802 0.0719 0.0637 0.0511     0    0
   1179   0.03720    1.0615   1.1355 0.1227 0.1071 0.0933 0.0744 0.0663 0.0558     0    0
   1183   0.04265    0.8026   1.0246 0.1608 0.1226 0.1066 0.0870 0.0797 0.0660     0    0
   1187   0.03431    0.8233   0.9343 0.1085 0.0964 0.0888 0.0726 0.0653 0.0526     0    0
   1191   0.03230    0.8999   1.0479 0.1174 0.1149 0.0971 0.0764 0.0755 0.0497     0    0
   1195   0.02505    1.0145   1.1255 0.1290 0.1062 0.0972 0.0839 0.0712 0.0517     0    0
   1199   0.02122    1.4020   1.6240 0.1495 0.1023 0.0847 0.0768 0.0684 0.0451     0    0
   1203   0.02781    1.2748   1.6884 0.1771 0.1454 0.1307 0.1098 0.0865 0.0666     1    1
   1207   0.02666    0.7077   0.8000 0.1295 0.0864 0.0748 0.0642 0.0627 0.0477     0    0
   1211   0.03016    0.8566   0.9674 0.1193 0.0960 0.0972 0.0725 0.0617 0.0437     0    0
   1215   0.02584    1.3832   1.4942 0.1361 0.0960 0.0887 0.0765 0.0740 0.0476     0    0
   1219   0.02789    0.9638   1.0748 0.1080 0.0811 0.0661 0.0668 0.0578 0.0426     0    0
   1223   0.03356    1.1962   1.3405 0.1328 0.1253 0.0940 0.0852 0.0705 0.0588     0    0
   1227   0.02569    1.7798   2.1868 0.1598 0.1083 0.0964 0.0727 0.0732 0.0338     1    1
   1231   0.03293    1.2115   1.4705 0.1506 0.1101 0.1020 0.0848 0.0700 0.0628     0    0
   1235   0.04420    1.5806   1.6916 0.1410 0.1082 0.1059 0.0850 0.0827 0.0648     0    0
   1239   0.02500    1.5875   1.6985 0.1270 0.1323 0.0987 0.0818 0.0670 0.0517     0    0
   1243   0.03565    0.9024   1.0558 0.1334 0.1065 0.0985 0.0912 0.0778 0.0666     1    1
   1247   0.03120    1.1336   1.2076 0.1309 0.1131 0.0892 0.0788 0.0798 0.0604     0    0
   1251   0.03081    1.9844   2.6375 0.2045 0.2014 0.1604 0.1265 0.1007 0.0642     0    0
   1255   0.02493    1.7624   1.9245 0.1702 0.1164 0.1032 0.0700 0.0741 0.0365     0    0
   1259   0.02263    1.5327   1.7917 0.1861 0.1332 0.1398 0.1207 0.0908 0.0379     0    0
   1263   0.03458    1.0657   1.2199 0.1628 0.1139 0.0910 0.0777 0.0712 0.0582     0    0
   1267   0.03909    1.4724   1.5834 0.1544 0.1281 0.1009 0.0834 0.0661 0.0540     1    1
   1271   0.03321    1.1324   1.3041 0.1465 0.0958 0.0998 0.0874 0.0658 0.0539     0    0
   1275   0.03422    1.0768   1.1835 0.1395 0.1243 0.1069 0.0959 0.0896 0.0625     0    0
   1279   0.02497    1.1033   1.1773 0.1135 0.0908 0.0837 0.0655 0.0561 0.0497     0    0
   1283   0.03279    1.3091   1.5681 0.1398 0.0956 0.0808 0.0657 0.0731 0.0493     0    0
   1287   0.02223    1.1066   1.1806 0.1133 0.0966 0.0911 0.0803 0.0702 0.0341     0    0
   1291   0.02120    0.9057   1.2592 0.1605 0.1197 0.0699 0.0553 0.0538 0.0397     0    0
   1295   0.03271    1.6576   1.9321 0.1659 0.1136 0.1151 0.0986 0.0762 0.0502     1    1
   1299   0.02681    1.7065   1.8175 0.1633 0.1597 0.1274 0.0866 0.0762 0.0478     0    0
   1303   0.02818    1.1044   1.1784 0.1115 0.1053 0.0877 0.0789 0.0714 0.0461     0    0
   1307   0.03220    1.2101   1.3211 0.1525 0.1165 0.1026 0.0816 0.0701 0.0576     0    0
   1311   0.02783    0.6823   0.7933 0.1120 0.0936 0.0816 0.0733 0.0694 0.0482     0    0
   1315   0.03929    1.5360   1.6470 0.1779 0.1248 0.1155 0.0989 0.0972 0.0758     0    0
   1319   0.02700    1.1200   1.1940 0.1600 0.1220 0.0994 0.0697 0.0623 0.0449     0    0
   1323   0.03802    1.5026   1.7116 0.1686 0.1406 0.1085 0.0999 0.0833 0.0621     0    0
   1327   0.05270    1.5983   1.7093 0.1768 0.1413 0.1067 0.0964 0.0880 0.0610     0    0
   1331   0.04630    0.9282   1.1891 0.1540 0.1207 0.0989 0.0764 0.0743 0.0593     1    1
   1335   0.03001    1.5135   1.6245 0.1266 0.1009 0.0849 0.0876 0.0716 0.0536     0    0
   1339   0.02985    1.0627   1.1367 0.1111 0.0931 0.0753 0.0698 0.0661 0.0492     0    0
   1343   0.03790    1.5706   1.7442 0.1831 0.1389 0.1006 0.0751 0.0887 0.0567     0    0
   1347   0.02235    1.0323   1.1063 0.1363 0.1158 0.0955 0.0827 0.0840 0.0509     1    1
   1351   0.05759    1.6332   2.1512 0.2339 0.1623 0.1588 0.1233 0.1052 0.0725     0    0
   1355   0.03024    1.2263   1.3743 0.1300 0.0913 0.0923 0.0706 0.0583 0.0504     0    0
   1359   0.03507    1.0325   1.1760 0.1138 0.1045 0.0926 0.0734 0.0669 0.0483     1    1
   1363   0.03728    1.0516   1.3382 0.1590 0.1261 0.1117 0.0899 0.0778 0.0625     0    0
   1367   0.03401    0.9871   1.0611 0.1330 0.0796 0.0815 0.0734 0.0579 0.0485     0    0
   1371   0.02818    1.0882   1.1622 0.1147 0.0839 0.0743 0.0681 0.0561 0.0491     0    0
