J=800 R=400 lambda 5..1999 step 8 (odd only), theta = 0.137
    lam  Lam_long   C(.137)   C(.10) b16    b24    b32    b48    b64    b128    pre6  dbr
      5   0.04532    1.1707   1.2718 0.1467 0.1097 0.1087 0.0876 0.0742 0.0661     0    0
     13   0.04304    1.0872   1.3019 0.1657 0.1509 0.1335 0.1049 0.0884 0.0665     0    0
     21   0.04088    1.7533   1.8643 0.1641 0.1164 0.1125 0.0897 0.0855 0.0667     1    1
     29   0.03767    1.0585   1.1325 0.1367 0.1371 0.1053 0.0859 0.0737 0.0662     0    0
     37   0.04660    2.3597   2.6774 0.2208 0.1637 0.1244 0.0956 0.0816 0.0654     0    0
     45   0.04556    1.1705   1.2715 0.1525 0.1097 0.1102 0.0889 0.0743 0.0661     0    0
     53   0.04240    1.0921   1.2031 0.1224 0.1108 0.0890 0.0701 0.0644 0.0532     0    0
     61   0.03683    1.7919   2.1619 0.1913 0.1610 0.1250 0.1051 0.0905 0.0685     1    1
     69   0.04353    1.7838   1.9361 0.1917 0.1313 0.1113 0.0895 0.0960 0.0704     0    0
     77   0.03930    1.3922   1.6964 0.1768 0.1187 0.1048 0.0895 0.0781 0.0647     0    0
     85   0.03694    3.0259   3.4699 0.2887 0.2301 0.1731 0.1336 0.1189 0.0819     3    3
     93   0.04045    1.9125   2.0613 0.2056 0.1335 0.1337 0.1060 0.0956 0.0628     1    1
    101   0.04136    1.5162   1.6272 0.1911 0.1386 0.1213 0.0882 0.0875 0.0607     0    0
    109   0.03941    1.3117   1.4227 0.1391 0.1192 0.1292 0.0946 0.0802 0.0689     1    1
    117   0.04158    1.0871   1.3018 0.1657 0.1509 0.1334 0.1049 0.0887 0.0667     0    0
    125   0.03224    1.8194   2.0115 0.2106 0.1659 0.1274 0.1198 0.1070 0.0799     0    0
    133   0.03169    1.0612   1.2832 0.1505 0.1235 0.1073 0.0846 0.0815 0.0561     0    0
    141   0.03246    1.3643   1.4753 0.1290 0.1100 0.0869 0.0736 0.0730 0.0581     1    1
    149   0.04026    1.1763   1.3050 0.1584 0.1334 0.1072 0.0972 0.0709 0.0646     1    1
    157   0.04127    1.4235   1.5345 0.1669 0.1190 0.1021 0.0888 0.0715 0.0603     0    0
    165   0.04758    2.1432   2.2912 0.2172 0.1381 0.1240 0.0970 0.0930 0.0683     0    0
    173   0.04984    1.2600   1.4450 0.1529 0.1215 0.1207 0.1012 0.0837 0.0711     0    0
    181   0.04078    1.4201   1.5311 0.1372 0.1138 0.0981 0.0836 0.0707 0.0599     0    0
    189   0.04076    1.7385   1.8495 0.1641 0.1164 0.1125 0.0889 0.0861 0.0675     2    1
    197   0.04767    1.8777   2.0997 0.2058 0.1394 0.1205 0.0978 0.0973 0.0736     1    1
    205   0.04119    1.4492   1.5781 0.1531 0.1234 0.0930 0.0889 0.0785 0.0653     4    2
    213   0.03974    1.6862   1.7972 0.1936 0.1527 0.1261 0.0903 0.0921 0.0717     0    0
    221   0.03754    1.5553   1.9253 0.1735 0.1270 0.1077 0.0869 0.0717 0.0651     0    0
    229   0.04608    2.1717   2.3567 0.1959 0.1592 0.1257 0.1013 0.0908 0.0706     1    1
    237   0.03276    1.1895   1.3248 0.1390 0.1143 0.1130 0.0934 0.0848 0.0660     0    0
    245   0.03965    1.1636   1.2376 0.1381 0.1199 0.1134 0.0781 0.0748 0.0565     0    0
    253   0.03940    1.1929   1.4256 0.1645 0.1232 0.0973 0.0954 0.0850 0.0638     1    1
    261   0.03890    1.0280   1.1020 0.1373 0.1363 0.1085 0.0881 0.0737 0.0638     2    1
    269   0.04304    0.8782   0.9875 0.1281 0.1066 0.0968 0.0868 0.0774 0.0605     0    0
    277   0.04099    1.2342   1.5302 0.1638 0.1342 0.1231 0.0954 0.0863 0.0606     2    1
    285   0.04001    1.5692   1.6802 0.1527 0.1337 0.0965 0.0903 0.0818 0.0744     1    1
    293   0.03678    1.7061   2.0021 0.1891 0.1351 0.1082 0.1021 0.0817 0.0568     2    2
    301   0.04088    1.6119   1.9819 0.1992 0.1483 0.1229 0.0864 0.0753 0.0618     0    0
    309   0.03510    1.6018   1.7128 0.1697 0.1343 0.1157 0.1013 0.0794 0.0703     0    0
    317   0.03912    1.2798   1.6128 0.1621 0.1286 0.0953 0.0836 0.0737 0.0570     1    1
    325   0.03449    1.2040   1.2780 0.1451 0.1088 0.0973 0.0836 0.0740 0.0644     0    0
    333   0.04447    2.3597   2.6557 0.2044 0.1638 0.1256 0.0955 0.0815 0.0654     0    0
    341   0.04519    1.0876   1.2726 0.1295 0.1048 0.0893 0.0865 0.0771 0.0623     3    2
    349   0.04193    1.3368   1.5865 0.1775 0.1541 0.1281 0.1112 0.0890 0.0680     1    1
    357   0.04001    1.6176   1.8423 0.1752 0.1374 0.1169 0.0829 0.0771 0.0633     0    0
    365   0.03861    1.3413   1.4893 0.1322 0.1126 0.0989 0.0803 0.0711 0.0621     0    0
    373   0.04715    1.8554   2.0034 0.1708 0.1524 0.1260 0.1004 0.0888 0.0671     0    0
    381   0.03996    1.3185   1.4295 0.1490 0.1254 0.1048 0.0871 0.0803 0.0671     0    0
    389   0.03851    1.2984   1.4094 0.1460 0.1044 0.1054 0.0843 0.0728 0.0665     0    0
    397   0.04036    1.6586   1.7696 0.1622 0.1271 0.1283 0.0887 0.0740 0.0673     0    0
    405   0.04479    1.1702   1.2713 0.1517 0.1099 0.1104 0.0889 0.0743 0.0657     0    0
    413   0.03748    1.5929   1.7039 0.1884 0.1219 0.0935 0.0760 0.0684 0.0639     0    0
    421   0.03856    1.3320   1.4430 0.1621 0.1233 0.1082 0.0913 0.0774 0.0689     1    1
    429   0.03702    1.7123   1.8603 0.1763 0.1379 0.1145 0.0947 0.0881 0.0694     0    0
    437   0.03725    1.6337   1.8557 0.1668 0.1558 0.1300 0.1031 0.0847 0.0663     1    1
    445   0.04390    1.4535   1.6385 0.1524 0.1167 0.1073 0.0780 0.0737 0.0628     2    2
    453   0.04096    1.3239   1.5089 0.1396 0.1155 0.1038 0.0843 0.0761 0.0681     0    0
    461   0.04250    1.2743   1.4502 0.1646 0.1293 0.1120 0.0966 0.0856 0.0621     0    0
    469   0.04907    1.4497   1.5607 0.1531 0.1122 0.0905 0.0868 0.0760 0.0603     0    0
    477   0.04344    1.0979   1.2089 0.1237 0.1117 0.0890 0.0702 0.0644 0.0529     0    0
    485   0.04630    1.4660   1.6510 0.1586 0.1471 0.1146 0.1025 0.0857 0.0706     2    1
    493   0.02651    1.0081   1.1375 0.1410 0.1136 0.0947 0.0775 0.0673 0.0545     0    0
    501   0.04288    1.1610   1.4124 0.1613 0.1265 0.1107 0.0926 0.0919 0.0665     0    0
    509   0.03328    1.0261   1.3931 0.1692 0.1498 0.1328 0.1062 0.1036 0.0739     0    0
    517   0.04695    1.6889   1.8721 0.1968 0.1347 0.1073 0.1005 0.0808 0.0687     0    0
    525   0.04330    2.3093   2.4943 0.2350 0.1551 0.1464 0.1143 0.1146 0.0865     0    0
    533   0.04256    1.4889   1.7109 0.1876 0.1452 0.1144 0.1038 0.0944 0.0742     0    0
    541   0.03710    1.3718   1.5568 0.1554 0.1123 0.1004 0.0787 0.0858 0.0643     0    0
    549   0.03789    1.7919   2.1619 0.1911 0.1608 0.1333 0.1052 0.0903 0.0684     1    1
    557   0.03610    1.7617   1.8727 0.1700 0.1203 0.0954 0.0806 0.0701 0.0643     0    0
    565   0.05007    1.3813   1.7004 0.1650 0.1708 0.1486 0.1195 0.0996 0.0696     1    1
    573   0.04529    2.8086   3.0257 0.2687 0.1655 0.1478 0.1201 0.0994 0.0739     1    1
    581   0.04183    1.2628   1.4901 0.1479 0.1298 0.1162 0.0866 0.0768 0.0591     0    0
    589   0.04272    1.2516   1.4659 0.1605 0.1136 0.1108 0.0942 0.0791 0.0689     0    0
    597   0.04662    1.1415   1.3448 0.1448 0.1130 0.0957 0.0842 0.0717 0.0645     0    0
    605   0.03776    1.4730   1.6919 0.1916 0.1347 0.1203 0.1033 0.0878 0.0689     0    0
    613   0.04105    1.2817   1.3927 0.1431 0.1348 0.1009 0.0886 0.0901 0.0718     0    0
    621   0.04553    1.7838   1.8948 0.1842 0.1263 0.1075 0.0921 0.0961 0.0717     0    0
    629   0.04548    1.5291   1.9649 0.2046 0.1492 0.1343 0.1013 0.0827 0.0717     1    1
    637   0.03713    1.8403   2.0667 0.2261 0.1599 0.1291 0.0998 0.0795 0.0624     0    0
    645   0.04005    1.2669   1.4582 0.1834 0.1368 0.1069 0.0798 0.0781 0.0655     0    0
