J=800 R=400 lambda 1..1999 step 8 (odd only), theta = 0.137
    lam  Lam_long   C(.137)   C(.10) b16    b24    b32    b48    b64    b128    pre6  dbr
      1   0.03324    0.8810   1.0099 0.1070 0.1086 0.0863 0.0703 0.0597 0.0540     0    0
      9   0.03374    0.8649   1.1050 0.1070 0.1108 0.0878 0.0703 0.0590 0.0547     0    0
     17   0.04377    1.3144   1.4254 0.1357 0.1092 0.0977 0.0774 0.0679 0.0575     0    0
     25   0.03934    1.2909   1.5499 0.1712 0.1169 0.1051 0.0742 0.0712 0.0568     0    0
     33   0.04114    2.1069   2.9526 0.2533 0.1949 0.1886 0.1330 0.1156 0.0784     2    1
     41   0.04871    1.5513   1.7681 0.1992 0.1496 0.1329 0.1049 0.0893 0.0677     1    1
     49   0.04352    1.5553   1.8883 0.1646 0.1164 0.0981 0.0887 0.0738 0.0652     1    1
     57   0.03827    1.5306   1.7526 0.1745 0.1305 0.1141 0.0852 0.0786 0.0639     0    0
     65   0.03776    1.0846   1.2125 0.1251 0.1052 0.1016 0.0786 0.0778 0.0620     1    1
     73   0.04270    2.2135   2.3615 0.1529 0.1551 0.1213 0.0924 0.0761 0.0602     2    1
     81   0.03331    0.8469   1.0392 0.1043 0.1140 0.0850 0.0701 0.0595 0.0546     0    0
     89   0.03815    1.6982   1.8697 0.1693 0.1477 0.1301 0.0997 0.0872 0.0716     0    0
     97   0.04320    1.9967   2.1447 0.1986 0.1440 0.1199 0.0957 0.0785 0.0735     0    0
    105   0.04430    1.6651   1.8533 0.1907 0.1763 0.1233 0.1000 0.0904 0.0687     1    1
    113   0.04330    1.6241   1.8831 0.1884 0.1316 0.1227 0.0947 0.0948 0.0711     1    1
    121   0.04308    1.6906   1.8016 0.1996 0.1608 0.1252 0.0989 0.0879 0.0694     0    0
    129   0.04138    1.1542   1.2498 0.1295 0.1173 0.1004 0.0822 0.0694 0.0569     0    0
    137   0.03617    1.2498   1.3978 0.1509 0.1217 0.1203 0.0904 0.0811 0.0666     0    0
    145   0.04093    0.9520   1.0329 0.1402 0.1263 0.1001 0.0725 0.0674 0.0603     1    1
    153   0.04567    1.3362   1.4472 0.1406 0.1209 0.1177 0.0875 0.0795 0.0599     0    0
    161   0.04282    1.5053   1.6533 0.1616 0.1230 0.1107 0.0946 0.0816 0.0636     0    0
    169   0.03411    1.4958   1.6068 0.1592 0.1130 0.1015 0.0822 0.0786 0.0633     0    0
    177   0.04502    1.0318   1.1798 0.1286 0.1049 0.0963 0.0878 0.0742 0.0641     2    2
    185   0.04242    1.5965   1.8185 0.1606 0.1158 0.1006 0.0876 0.0836 0.0644     0    0
    193   0.05033    2.3413   2.4893 0.2031 0.1597 0.1290 0.0931 0.0919 0.0727     0    0
    201   0.04025    1.1870   1.4107 0.1348 0.1040 0.1082 0.0826 0.0705 0.0634     1    1
    209   0.04298    1.0448   1.2008 0.1535 0.1292 0.1194 0.0918 0.0791 0.0687     0    0
    217   0.03837    1.7975   2.1305 0.2158 0.1427 0.1086 0.0835 0.0774 0.0637     0    0
    225   0.03977    1.2909   1.5499 0.1497 0.1168 0.1092 0.0812 0.0717 0.0568     0    0
    233   0.04293    1.1673   1.3200 0.1761 0.1308 0.1067 0.0826 0.0805 0.0684     0    0
    241   0.04040    1.7093   1.8203 0.1859 0.1360 0.1116 0.0892 0.0865 0.0701     0    0
    249   0.04416    0.9979   1.2123 0.1444 0.1240 0.1081 0.0861 0.0797 0.0632     0    0
    257   0.04583    1.1151   1.3741 0.1347 0.1109 0.0998 0.0832 0.0761 0.0673     0    0
    265   0.04012    1.1902   1.5602 0.1531 0.1348 0.1093 0.1001 0.0840 0.0780     0    0
    273   0.03574    1.2976   1.4086 0.1421 0.1074 0.0950 0.0790 0.0690 0.0585     1    1
    281   0.04388    1.4629   1.6479 0.1763 0.1312 0.0999 0.0855 0.0877 0.0651     0    0
    289   0.05305    2.1780   2.4740 0.1907 0.1623 0.1251 0.1099 0.0981 0.0726     0    0
    297   0.04149    2.1069   2.9526 0.2533 0.1949 0.1886 0.1330 0.1156 0.0787     0    0
    305   0.04663    2.1428   2.2908 0.1961 0.1446 0.1311 0.1088 0.0902 0.0695     0    0
    313   0.03890    1.1895   1.3756 0.1250 0.1078 0.1002 0.0818 0.0766 0.0686     0    0
    321   0.04598    1.2852   1.3962 0.1536 0.1074 0.0871 0.0863 0.0761 0.0640     0    0
    329   0.04733    1.2122   1.3972 0.1599 0.1099 0.0975 0.0783 0.0726 0.0576     0    0
    337   0.03738    0.9444   1.1810 0.1357 0.0932 0.0874 0.0742 0.0718 0.0606     0    0
    345   0.03703    1.3332   1.4442 0.1401 0.1101 0.1038 0.0867 0.0766 0.0673     0    0
    353   0.03547    1.1535   1.5653 0.1607 0.1185 0.0972 0.0887 0.0839 0.0634     1    1
    361   0.03220    1.7014   1.9974 0.1768 0.1299 0.1071 0.0957 0.0800 0.0638     0    0
    369   0.05069    1.5588   1.8870 0.2126 0.1518 0.1346 0.1066 0.0903 0.0682     0    0
    377   0.04246    1.1572   1.2682 0.1329 0.1156 0.1088 0.0887 0.0783 0.0617     0    0
    385   0.04156    1.0197   1.3561 0.1674 0.1302 0.1026 0.0881 0.0765 0.0636     0    0
    393   0.05000    1.1854   1.2594 0.1266 0.1059 0.0953 0.0796 0.0765 0.0629     1    1
    401   0.03666    2.0649   2.3609 0.2192 0.1657 0.1280 0.0982 0.0870 0.0741     0    0
    409   0.04104    1.6234   1.8296 0.1530 0.1088 0.1002 0.0884 0.0718 0.0627     1    1
    417   0.03814    1.5170   1.6280 0.1698 0.1224 0.1081 0.1060 0.0897 0.0683     0    0
    425   0.03391    1.1078   1.2558 0.1461 0.1144 0.0925 0.0913 0.0772 0.0608     1    1
    433   0.03666    1.5723   1.6833 0.1753 0.1289 0.1034 0.1005 0.0953 0.0728     0    0
    441   0.04227    1.5566   1.8896 0.1647 0.1163 0.0981 0.0895 0.0739 0.0650     2    1
    449   0.04025    2.1299   2.2779 0.1896 0.1386 0.1242 0.0913 0.0813 0.0726     0    0
    457   0.04449    1.1270   1.3490 0.1523 0.1257 0.1026 0.0924 0.0908 0.0763     0    0
    465   0.04495    2.0608   2.2458 0.1608 0.1450 0.1180 0.0914 0.0876 0.0686     0    0
    473   0.03983    1.8148   1.9900 0.1942 0.1545 0.1217 0.0961 0.0848 0.0701     0    0
    481   0.03361    1.6420   1.8095 0.1967 0.1393 0.1174 0.1028 0.0700 0.0588     1    1
    489   0.03571    1.3760   1.4870 0.1356 0.1166 0.1165 0.0912 0.0912 0.0602     0    0
    497   0.04578    1.5816   1.7666 0.1619 0.1597 0.1239 0.1130 0.0908 0.0709     1    1
    505   0.03516    1.1569   1.4001 0.1411 0.1094 0.1028 0.0775 0.0779 0.0633     0    0
    513   0.03804    1.5595   1.7815 0.1693 0.1186 0.1028 0.0810 0.0735 0.0630     1    1
    521   0.04553    1.5167   1.8127 0.1401 0.1216 0.1017 0.0894 0.0870 0.0659     0    0
    529   0.04063    1.1211   1.3140 0.1364 0.1008 0.0945 0.0742 0.0686 0.0550     1    1
    537   0.03736    1.6147   1.7257 0.1446 0.1434 0.1174 0.1026 0.0910 0.0705     1    1
    545   0.04944    1.6092   1.7835 0.1939 0.1416 0.1130 0.0939 0.0857 0.0640     1    1
    553   0.04351    1.0517   1.1257 0.1577 0.1351 0.1052 0.0971 0.0822 0.0690     0    0
    561   0.04241    1.7635   1.8745 0.1805 0.1495 0.1209 0.1049 0.0907 0.0646     2    2
    569   0.04253    2.1080   2.3462 0.1837 0.1385 0.1229 0.0963 0.0864 0.0614     0    0
    577   0.04462    1.8042   1.9664 0.2137 0.1517 0.1390 0.1185 0.1109 0.0739     1    1
    585   0.03659    1.0845   1.2223 0.1264 0.1053 0.1000 0.0786 0.0778 0.0625     0    0
    593   0.03847    1.1987   1.4947 0.1839 0.1414 0.1217 0.1014 0.0904 0.0673     0    0
    601   0.03868    0.9086   0.9826 0.1103 0.1037 0.0844 0.0777 0.0711 0.0591     0    0
    609   0.03856    2.3708   2.5188 0.2297 0.1778 0.1421 0.1060 0.0962 0.0648     1    1
    617   0.04008    1.7030   1.8140 0.1556 0.1166 0.1031 0.0950 0.0897 0.0624     0    0
    625   0.04420    1.6033   2.0612 0.1907 0.1636 0.1326 0.1138 0.0991 0.0728     1    1
    633   0.03601    1.4733   1.8063 0.1863 0.1406 0.1217 0.0873 0.0753 0.0648     1    1
    641   0.04570    1.2923   1.4033 0.1426 0.1208 0.0901 0.0808 0.0688 0.0600     0    0
    649   0.04799    0.9824   1.1618 0.1525 0.1085 0.0920 0.0760 0.0743 0.0641     0    0
    657   0.04145    1.6908   1.8388 0.1566 0.1551 0.1214 0.0926 0.0722 0.0601     0    0
    665   0.03839    1.1334   1.3171 0.1743 0.1390 0.1193 0.1062 0.0908 0.0699     0    0
