J=1600 R=800 lambda 1..999 step 2 (odd only), theta = 0.137
    lam  Lam_long   C(.137)   C(.10) b16    b24    b32    b48    b64    b128    pre6  dbr
      1   0.04832    1.8131   2.0459 0.1844 0.1316 0.1050 0.1012 0.0887 0.0708     1    1
      3   0.04840    1.8372   1.9852 0.1847 0.1297 0.1196 0.1090 0.1044 0.0819     1    1
      5   0.04881    1.3614   1.5464 0.1546 0.1316 0.1091 0.0966 0.0809 0.0692     0    0
      7   0.04901    1.4010   1.6971 0.1751 0.1399 0.1119 0.0904 0.0801 0.0691     0    0
      9   0.04854    1.8107   2.0442 0.1843 0.1316 0.1069 0.1012 0.0888 0.0708     1    1
     11   0.04166    2.2689   2.4169 0.1748 0.1688 0.1459 0.1148 0.0955 0.0753     1    1
     13   0.04162    1.5602   1.7035 0.1762 0.1395 0.1099 0.0874 0.0818 0.0689     1    1
     15   0.04144    1.4632   1.6283 0.1630 0.1308 0.1065 0.0912 0.0906 0.0740     0    0
     17   0.04389    2.6062   2.9668 0.2627 0.1985 0.1630 0.1394 0.1418 0.0959     0    0
     19   0.05106    1.7359   1.9579 0.1702 0.1524 0.1176 0.1082 0.0898 0.0672     0    0
     21   0.04347    1.6713   1.8933 0.1883 0.1478 0.1358 0.1204 0.0942 0.0771     1    1
     23   0.04449    1.7371   1.9426 0.1736 0.1438 0.1278 0.1089 0.1075 0.0798     2    1
     25   0.04452    1.5052   1.6162 0.1487 0.1343 0.1203 0.0906 0.0825 0.0697     3    2
     27   0.04916    1.8347   1.9827 0.1813 0.1284 0.1196 0.1092 0.1046 0.0820     1    1
     29   0.04512    1.3823   1.4933 0.1478 0.1162 0.1020 0.0941 0.0810 0.0703     1    1
     31   0.04852    2.1273   2.2753 0.1790 0.1573 0.1298 0.0953 0.0878 0.0695     0    0
     33   0.04338    1.5638   1.7858 0.1787 0.1288 0.1009 0.0849 0.0753 0.0688     2    2
