J=800 R=400 lambda 3..1999 step 10 (odd only), theta = 0.137
    lam  Lam_long   C(.137)   C(.10) b16    b24    b32    b48    b64    b128    pre6  dbr
      3   0.03710    1.2901   1.4442 0.1408 0.1225 0.0986 0.0769 0.0702 0.0565     0    0
     13   0.04304    1.0872   1.3019 0.1657 0.1509 0.1335 0.1049 0.0884 0.0665     0    0
     23   0.04334    1.6590   1.8440 0.1499 0.1233 0.1130 0.0940 0.0843 0.0620     1    1
     33   0.04114    2.1069   2.9526 0.2533 0.1949 0.1886 0.1330 0.1156 0.0784     2    1
     43   0.04401    1.5059   1.6169 0.1400 0.1120 0.0939 0.0806 0.0720 0.0631     0    0
     53   0.04240    1.0921   1.2031 0.1224 0.1108 0.0890 0.0701 0.0644 0.0532     0    0
     63   0.04207    1.2755   1.4106 0.1592 0.1245 0.1215 0.0930 0.0925 0.0756     1    1
     73   0.04270    2.2135   2.3615 0.1529 0.1551 0.1213 0.0924 0.0761 0.0602     2    1
     83   0.03865    1.4488   1.5968 0.1523 0.1178 0.1090 0.0846 0.0691 0.0565     0    0
     93   0.04045    1.9125   2.0613 0.2056 0.1335 0.1337 0.1060 0.0956 0.0628     1    1
    103   0.03512    1.2758   1.3868 0.1444 0.1279 0.1037 0.0946 0.0832 0.0667     0    0
    113   0.04330    1.6241   1.8831 0.1884 0.1316 0.1227 0.0947 0.0948 0.0711     1    1
    123   0.05374    2.0173   2.2393 0.2086 0.1368 0.1175 0.0894 0.0842 0.0697     0    0
    133   0.03169    1.0612   1.2832 0.1505 0.1235 0.1073 0.0846 0.0815 0.0561     0    0
    143   0.03729    1.3539   1.4649 0.1384 0.1198 0.0936 0.0890 0.0744 0.0590     0    0
    153   0.04567    1.3362   1.4472 0.1406 0.1209 0.1177 0.0875 0.0795 0.0599     0    0
    163   0.03738    1.6751   1.7861 0.1627 0.1292 0.1408 0.0981 0.1025 0.0766     0    0
    173   0.04984    1.2600   1.4450 0.1529 0.1215 0.1207 0.1012 0.0837 0.0711     0    0
    183   0.04610    1.5196   1.6306 0.1834 0.1378 0.1083 0.0837 0.0770 0.0693     1    1
    193   0.05033    2.3413   2.4893 0.2031 0.1597 0.1290 0.0931 0.0919 0.0727     0    0
    203   0.03707    1.5217   1.7958 0.1729 0.1213 0.1059 0.0818 0.0715 0.0631     0    0
    213   0.03974    1.6862   1.7972 0.1936 0.1527 0.1261 0.0903 0.0921 0.0717     0    0
    223   0.03745    1.0874   1.2051 0.1447 0.1131 0.0993 0.0868 0.0827 0.0675     0    0
    233   0.04293    1.1673   1.3200 0.1761 0.1308 0.1067 0.0826 0.0805 0.0684     0    0
    243   0.03799    1.3036   1.4567 0.1413 0.1227 0.0981 0.0768 0.0705 0.0563     1    1
    253   0.03940    1.1929   1.4256 0.1645 0.1232 0.0973 0.0954 0.0850 0.0638     1    1
    263   0.03912    1.1181   1.3031 0.1360 0.1137 0.1074 0.0912 0.0804 0.0659     0    0
    273   0.03574    1.2976   1.4086 0.1421 0.1074 0.0950 0.0790 0.0690 0.0585     1    1
    283   0.04162    1.5660   1.6770 0.1390 0.1463 0.1145 0.0903 0.0806 0.0666     1    1
    293   0.03678    1.7061   2.0021 0.1891 0.1351 0.1082 0.1021 0.0817 0.0568     2    2
    303   0.03523    1.2832   1.4911 0.1390 0.1041 0.1062 0.0820 0.0736 0.0600     0    0
    313   0.03890    1.1895   1.3756 0.1250 0.1078 0.1002 0.0818 0.0766 0.0686     0    0
    323   0.04391    1.1036   1.5595 0.1836 0.1160 0.1152 0.1029 0.0879 0.0709     1    1
    333   0.04447    2.3597   2.6557 0.2044 0.1638 0.1256 0.0955 0.0815 0.0654     0    0
    343   0.03448    1.6066   1.7176 0.1670 0.1444 0.1125 0.0898 0.0787 0.0674     2    2
    353   0.03547    1.1535   1.5653 0.1607 0.1185 0.0972 0.0887 0.0839 0.0634     1    1
    363   0.04494    2.4394   2.7354 0.2056 0.1654 0.1313 0.1033 0.0913 0.0697     0    0
    373   0.04715    1.8554   2.0034 0.1708 0.1524 0.1260 0.1004 0.0888 0.0671     0    0
    383   0.04038    1.0958   1.3575 0.1747 0.1254 0.1229 0.0965 0.0820 0.0628     0    0
    393   0.05000    1.1854   1.2594 0.1266 0.1059 0.0953 0.0796 0.0765 0.0629     1    1
    403   0.04113    2.2362   2.5322 0.2240 0.1680 0.1433 0.1076 0.0974 0.0713     0    0
    413   0.03748    1.5929   1.7039 0.1884 0.1219 0.0935 0.0760 0.0684 0.0639     0    0
    423   0.03833    1.4241   1.6461 0.1601 0.1205 0.0900 0.0891 0.0765 0.0622     1    1
    433   0.03666    1.5723   1.6833 0.1753 0.1289 0.1034 0.1005 0.0953 0.0728     0    0
    443   0.04288    1.4615   1.6465 0.1688 0.1194 0.1071 0.0873 0.0754 0.0647     4    2
    453   0.04096    1.3239   1.5089 0.1396 0.1155 0.1038 0.0843 0.0761 0.0681     0    0
    463   0.03920    1.2021   1.3131 0.1585 0.1213 0.1059 0.0883 0.0810 0.0663     0    0
    473   0.03983    1.8148   1.9900 0.1942 0.1545 0.1217 0.0961 0.0848 0.0701     0    0
    483   0.03865    1.4744   1.9184 0.2005 0.1611 0.1183 0.0933 0.0894 0.0751     0    0
    493   0.02651    1.0081   1.1375 0.1410 0.1136 0.0947 0.0775 0.0673 0.0545     0    0
    503   0.03504    1.2577   1.4057 0.1648 0.1346 0.1054 0.0918 0.0759 0.0609     0    0
    513   0.03804    1.5595   1.7815 0.1693 0.1186 0.1028 0.0810 0.0735 0.0630     1    1
    523   0.03619    0.9844   1.1953 0.1310 0.1040 0.0974 0.0800 0.0774 0.0636     1    1
    533   0.04256    1.4889   1.7109 0.1876 0.1452 0.1144 0.1038 0.0944 0.0742     0    0
    543   0.05239    1.3134   1.4244 0.1694 0.1355 0.1193 0.0937 0.0787 0.0636     0    0
    553   0.04351    1.0517   1.1257 0.1577 0.1351 0.1052 0.0971 0.0822 0.0690     0    0
    563   0.03859    1.0364   1.1228 0.1533 0.1216 0.1018 0.0810 0.0728 0.0580     0    0
    573   0.04529    2.8086   3.0257 0.2687 0.1655 0.1478 0.1201 0.0994 0.0739     1    1
    583   0.04227    1.2738   1.7008 0.2063 0.1385 0.1129 0.0870 0.0807 0.0684     0    0
    593   0.03847    1.1987   1.4947 0.1839 0.1414 0.1217 0.1014 0.0904 0.0673     0    0
    603   0.04535    1.1722   1.3572 0.1300 0.1088 0.0887 0.0782 0.0763 0.0614     0    0
    613   0.04105    1.2817   1.3927 0.1431 0.1348 0.1009 0.0886 0.0901 0.0718     0    0
    623   0.03963    1.1342   1.3140 0.1413 0.1280 0.1134 0.0792 0.0754 0.0639     2    1
    633   0.03601    1.4733   1.8063 0.1863 0.1406 0.1217 0.0873 0.0753 0.0648     1    1
    643   0.04031    1.4095   1.7425 0.1570 0.1435 0.1043 0.0903 0.0800 0.0641     0    0
    653   0.03631    1.1121   1.2231 0.1301 0.1046 0.0961 0.0781 0.0791 0.0645     1    1
    663   0.04130    1.1341   1.6795 0.1849 0.1286 0.1057 0.0980 0.0806 0.0605     0    0
    673   0.04452    1.9177   2.0657 0.1897 0.1340 0.1347 0.1088 0.0974 0.0686     0    0
    683   0.03940    1.3171   1.5021 0.1460 0.1175 0.1044 0.0837 0.0816 0.0677     0    0
    693   0.03921    1.4080   1.7120 0.1780 0.1207 0.1065 0.0901 0.0786 0.0648     0    0
    703   0.03831    1.5375   1.8306 0.1722 0.1343 0.1072 0.0933 0.0949 0.0654     0    0
    713   0.04337    1.1157   1.2019 0.1674 0.1181 0.0969 0.0878 0.0757 0.0637     0    0
    723   0.03428    1.7667   1.8777 0.2044 0.1630 0.1272 0.0912 0.0744 0.0624     0    0
    733   0.03728    1.1591   1.3071 0.1467 0.1253 0.1027 0.0799 0.0705 0.0624     1    1
    743   0.03697    1.1408   1.2148 0.1293 0.0976 0.0889 0.0690 0.0659 0.0558     0    0
    753   0.04192    1.4658   1.5768 0.1583 0.1252 0.0983 0.0885 0.0706 0.0645     1    1
    763   0.04383    1.1900   1.3010 0.1535 0.1221 0.1102 0.0955 0.0767 0.0681     0    0
    773   0.03662    1.5339   1.6449 0.1556 0.1170 0.1108 0.0749 0.0716 0.0602     0    0
    783   0.03432    1.3954   1.5804 0.1588 0.1221 0.1063 0.0881 0.0836 0.0674     2    1
    793   0.04623    1.1486   1.2412 0.1625 0.1366 0.1089 0.0943 0.0826 0.0706     0    0
    803   0.04072    1.3282   1.6837 0.1960 0.1434 0.1219 0.0952 0.0785 0.0679     3    2
    813   0.03847    1.6188   1.8408 0.1670 0.1190 0.0989 0.0882 0.0883 0.0621     1    1
    823   0.04542    1.5748   1.7774 0.1629 0.1325 0.1013 0.1044 0.0980 0.0722     0    0
    833   0.04208    1.2222   1.4667 0.1550 0.1233 0.1022 0.0909 0.0724 0.0577     0    0
    843   0.04095    1.1992   1.2901 0.1468 0.1220 0.1170 0.0876 0.0843 0.0577     0    0
    853   0.04159    1.7407   1.8517 0.1714 0.1128 0.0887 0.0729 0.0711 0.0622     0    0
    863   0.04395    1.3183   1.4541 0.1451 0.1253 0.1101 0.0852 0.0697 0.0641     2    1
    873   0.04210    1.7582   1.9062 0.1827 0.1364 0.1195 0.0960 0.0784 0.0716     0    0
    883   0.04702    1.3254   1.4364 0.1818 0.1332 0.1194 0.0993 0.0899 0.0705     0    0
    893   0.04140    1.1151   1.3371 0.1550 0.1318 0.1206 0.1070 0.1024 0.0758     2    1
    903   0.04132    1.6900   1.9490 0.1577 0.1168 0.1031 0.0888 0.0771 0.0676     1    1
    913   0.03505    2.3574   2.6534 0.2243 0.1760 0.1305 0.1046 0.0982 0.0696     1    1
    923   0.03878    1.4644   1.7184 0.2074 0.1523 0.1151 0.0939 0.0806 0.0636     0    0
    933   0.04033    1.2336   1.4556 0.1543 0.1211 0.1010 0.0868 0.0793 0.0648     0    0
    943   0.04651    1.2945   1.6275 0.1704 0.1247 0.1070 0.0957 0.0879 0.0706     0    0
    953   0.03974    1.2665   1.5255 0.1452 0.1343 0.1161 0.0933 0.0856 0.0671     0    0
    963   0.04942    1.2057   1.3422 0.1465 0.1205 0.1061 0.0897 0.0805 0.0635     0    0
    973   0.03818    1.2513   1.3623 0.1312 0.1236 0.0914 0.0736 0.0702 0.0613     1    1
    983   0.04709    1.4511   1.6361 0.1545 0.1235 0.1166 0.1031 0.0900 0.0739     0    0
    993   0.04733    1.4297   1.5407 0.1400 0.1135 0.0982 0.0878 0.0861 0.0662     0    0
   1003   0.03419    1.2032   1.4252 0.1598 0.1209 0.0941 0.0856 0.0791 0.0672     0    0
   1013   0.04114    1.1607   1.3416 0.1705 0.1135 0.0910 0.0982 0.0849 0.0679     0    0
   1023   0.04100    1.5569   1.6679 0.1560 0.1346 0.1158 0.0886 0.0863 0.0727     1    1
   1033   0.04192    1.4574   1.6424 0.1595 0.1180 0.1004 0.0871 0.0758 0.0667     1    1
   1043   0.03973    1.0083   1.0823 0.1334 0.1097 0.0848 0.0763 0.0737 0.0558     1    1
   1053   0.04341    1.0880   1.3016 0.1658 0.1517 0.1342 0.1047 0.0884 0.0666     1    1
   1063   0.04197    0.8375   1.0320 0.1468 0.1116 0.0972 0.0930 0.0745 0.0569     3    1
   1073   0.04736    1.4405   1.5885 0.1877 0.1355 0.1174 0.1082 0.0908 0.0712     0    0
   1083   0.03543    1.3283   1.4393 0.1177 0.0903 0.0840 0.0734 0.0668 0.0593     0    0
   1093   0.03908    1.1830   1.2570 0.1649 0.1186 0.1063 0.0840 0.0795 0.0642     1    1
   1103   0.03840    1.6823   2.0523 0.2047 0.1533 0.1373 0.1018 0.0888 0.0662     2    2
   1113   0.03983    1.6286   1.8876 0.1884 0.1354 0.1150 0.0985 0.0800 0.0675     0    0
   1123   0.03650    1.5878   1.6988 0.1327 0.1277 0.0978 0.0881 0.0720 0.0604     1    1
   1133   0.04500    1.0277   1.1518 0.1622 0.1188 0.0983 0.0888 0.0802 0.0612     0    0
   1143   0.03800    1.0882   1.3114 0.1370 0.1165 0.1030 0.0863 0.0811 0.0584     0    0
   1153   0.04603    1.2624   1.3734 0.1639 0.1295 0.1247 0.1028 0.0897 0.0763     1    1
   1163   0.03918    1.2788   1.4220 0.1523 0.1225 0.1047 0.1011 0.0806 0.0666     0    0
   1173   0.03947    1.6938   1.8418 0.1650 0.1263 0.0962 0.0876 0.0732 0.0620     0    0
   1183   0.03863    1.4054   1.5164 0.1493 0.1332 0.1269 0.1124 0.0876 0.0623     0    0
   1193   0.05111    1.2400   1.3510 0.1601 0.1132 0.0998 0.0875 0.0886 0.0720     2    2
   1203   0.03501    1.2412   1.3522 0.1516 0.1034 0.0981 0.0809 0.0784 0.0635     0    0
   1213   0.04246    1.1394   1.3244 0.1595 0.1291 0.1140 0.0928 0.0844 0.0671     0    0
   1223   0.04363    1.3357   1.6369 0.1872 0.1267 0.1009 0.0918 0.0818 0.0628     0    0
   1233   0.03825    1.2530   1.4010 0.1538 0.1218 0.1217 0.0905 0.0824 0.0671     0    0
   1243   0.03931    1.0805   1.2739 0.1497 0.1327 0.1170 0.0891 0.0801 0.0621     1    1
   1253   0.04063    1.7089   1.8199 0.1465 0.1257 0.1141 0.0881 0.0767 0.0677     0    0
   1263   0.03556    1.0964   1.2600 0.1486 0.1164 0.1238 0.0946 0.0850 0.0617     0    0
   1273   0.04061    0.9823   1.0630 0.1406 0.1229 0.1063 0.0824 0.0690 0.0639     0    0
   1283   0.03729    1.4645   1.5755 0.1702 0.1360 0.1113 0.0851 0.0847 0.0632     0    0
   1293   0.04912    1.5326   1.6436 0.1608 0.1318 0.1328 0.1008 0.0850 0.0742     0    0
   1303   0.03660    1.1035   1.2145 0.1249 0.1058 0.0963 0.0846 0.0794 0.0623     0    0
   1313   0.03670    1.1819   1.2559 0.1437 0.1137 0.1059 0.0850 0.0825 0.0664     1    1
   1323   0.03847    1.3878   1.4988 0.1530 0.1172 0.1083 0.0878 0.0756 0.0645     2    1
   1333   0.04046    1.3068   1.5460 0.1443 0.1346 0.1213 0.0932 0.0785 0.0570     0    0
   1343   0.04009    1.5860   1.6970 0.1863 0.1339 0.1004 0.0948 0.0891 0.0659     1    1
   1353   0.04705    1.1252   1.2882 0.1447 0.1049 0.0938 0.0846 0.0790 0.0607     0    0
   1363   0.04807    1.3552   1.4662 0.1566 0.1116 0.1167 0.1020 0.0939 0.0711     0    0
   1373   0.04136    2.6852   3.3142 0.2888 0.2151 0.1863 0.1427 0.1227 0.0894     0    0
   1383   0.03975    1.3505   1.4985 0.1450 0.1245 0.1066 0.0807 0.0736 0.0612     0    0
   1393   0.03585    1.3744   1.4854 0.1378 0.1083 0.1146 0.0806 0.0804 0.0644     0    0
   1403   0.03693    1.5121   1.6780 0.1536 0.1119 0.1065 0.0857 0.0718 0.0658     0    0
   1413   0.03846    1.6554   1.7804 0.1811 0.1261 0.0962 0.0870 0.0716 0.0612     0    0
   1423   0.03917    2.2920   2.4400 0.1901 0.1543 0.1361 0.1063 0.0906 0.0830     0    0
   1433   0.04380    1.0306   1.1088 0.1319 0.1031 0.0961 0.0806 0.0728 0.0656     0    0
   1443   0.03866    1.2447   1.3978 0.1721 0.1549 0.1175 0.1025 0.0981 0.0760     0    0
   1453   0.04947    1.5551   1.6661 0.1791 0.1281 0.1010 0.0799 0.0890 0.0601     1    1
   1463   0.03918    1.1415   1.4745 0.1548 0.1277 0.1060 0.0859 0.0688 0.0632     0    0
   1473   0.04702    1.4010   1.7550 0.1820 0.1288 0.0992 0.1080 0.0852 0.0618     1    1
   1483   0.04071    1.0353   1.1463 0.1423 0.1221 0.0956 0.0903 0.0794 0.0669     0    0
   1493   0.04211    1.1379   1.2489 0.1460 0.1189 0.0989 0.0755 0.0700 0.0629     0    0
   1503   0.03619    1.6149   1.8729 0.1805 0.1418 0.1219 0.0981 0.0858 0.0622     0    0
   1513   0.04842    1.5023   1.7613 0.1708 0.1182 0.1033 0.0909 0.0896 0.0676     0    0
   1523   0.04294    1.3470   1.4580 0.1338 0.1372 0.1122 0.0976 0.0857 0.0712     1    1
   1533   0.03779    2.3493   2.4973 0.1899 0.1289 0.1245 0.1097 0.0959 0.0881     0    0
   1543   0.03400    1.6617   1.7727 0.1338 0.1086 0.1059 0.0895 0.0838 0.0695     0    0
   1553   0.03984    1.5247   1.6357 0.1486 0.1050 0.0894 0.0852 0.0718 0.0610     0    0
   1563   0.04277    1.0997   1.2873 0.1656 0.1189 0.0969 0.0803 0.0713 0.0618     1    1
   1573   0.03392    1.5873   1.7353 0.1809 0.1220 0.0936 0.0765 0.0716 0.0598     0    0
   1583   0.04660    1.5167   1.6277 0.1811 0.1431 0.1126 0.0978 0.0914 0.0747     0    0
   1593   0.04402    1.1328   1.2808 0.1286 0.1075 0.0979 0.0878 0.0762 0.0645     1    1
   1603   0.03719    1.6228   1.7708 0.1865 0.1374 0.1066 0.0810 0.0732 0.0628     0    0
   1613   0.03954    1.1865   1.2975 0.1705 0.1215 0.1052 0.0835 0.0723 0.0646     0    0
   1623   0.03653    1.1009   1.3386 0.1311 0.1185 0.1026 0.0805 0.0696 0.0663     0    0
   1633   0.03967    1.5125   1.7689 0.1923 0.1536 0.1178 0.0946 0.0926 0.0723     0    0
   1643   0.03939    1.3253   1.4363 0.1405 0.0970 0.0839 0.0810 0.0724 0.0571     3    2
   1653   0.03730    1.1620   1.2360 0.1401 0.1305 0.1000 0.0868 0.0787 0.0624     0    0
   1663   0.03916    1.5463   1.7683 0.1714 0.1126 0.1163 0.0798 0.0775 0.0629     1    1
   1673   0.04488    1.3364   1.6300 0.1816 0.1353 0.1146 0.0822 0.0747 0.0632     0    0
   1683   0.04545    1.4894   1.6755 0.1700 0.1475 0.1284 0.0994 0.0821 0.0657     1    1
   1693   0.05012    1.2532   1.5753 0.1749 0.1285 0.1179 0.0951 0.0837 0.0657     0    0
   1703   0.04265    1.1206   1.4071 0.1637 0.1430 0.1248 0.1077 0.0935 0.0685     1    1
   1713   0.03495    1.7322   1.8432 0.1918 0.1634 0.1396 0.1051 0.0917 0.0715     0    0
   1723   0.04743    2.0428   2.1908 0.1959 0.1457 0.1262 0.1009 0.0889 0.0672     1    1
   1733   0.04885    1.1546   1.3026 0.1394 0.1107 0.0912 0.0929 0.0837 0.0624     0    0
   1743   0.04302    1.0486   1.2599 0.1503 0.1164 0.1088 0.0920 0.0810 0.0640     0    0
   1753   0.03991    1.1163   1.1903 0.1334 0.1178 0.0933 0.0803 0.0781 0.0671     0    0
   1763   0.04065    1.6453   1.8303 0.1694 0.1433 0.1167 0.0954 0.0835 0.0733     0    0
   1773   0.04385    1.8777   2.0997 0.2058 0.1394 0.1205 0.0978 0.0973 0.0736     1    1
   1783   0.04399    1.5455   1.6565 0.1598 0.1363 0.1311 0.0995 0.0783 0.0733     1    1
   1793   0.04001    1.6910   1.8020 0.1591 0.1348 0.1171 0.1069 0.0899 0.0646     0    0
   1803   0.04048    1.2462   1.6763 0.1870 0.1524 0.1209 0.0951 0.0750 0.0676     0    0
   1813   0.04313    1.2886   1.4366 0.1484 0.1124 0.0913 0.0764 0.0763 0.0638     1    1
   1823   0.04702    1.5260   1.6740 0.1579 0.1127 0.1190 0.0824 0.0736 0.0601     0    0
   1833   0.04955    1.3325   1.5545 0.1615 0.1115 0.1112 0.0887 0.0802 0.0696     1    1
   1843   0.04484    1.2983   1.4730 0.1679 0.1353 0.1096 0.0959 0.0904 0.0734     0    0
   1853   0.03949    1.2053   1.3903 0.1394 0.1078 0.0925 0.0721 0.0652 0.0582     0    0
   1863   0.04275    1.6115   1.7965 0.1470 0.1154 0.1114 0.0918 0.0852 0.0614     0    0
   1873   0.03982    1.2600   1.3710 0.1321 0.1026 0.0953 0.0868 0.0755 0.0617     0    0
   1883   0.03599    1.6884   1.7994 0.1476 0.1439 0.1112 0.0949 0.0750 0.0670     0    0
   1893   0.04114    1.2785   1.3985 0.1436 0.1163 0.1056 0.0874 0.0904 0.0637     1    1
   1903   0.04190    1.8253   1.9733 0.1635 0.1118 0.1108 0.0949 0.0811 0.0696     2    1
   1913   0.04488    1.0380   1.2230 0.1578 0.1352 0.1136 0.0846 0.0811 0.0623     0    0
   1923   0.05034    1.1083   1.1823 0.1419 0.1195 0.1013 0.0845 0.0756 0.0667     0    0
   1933   0.04384    1.0441   1.1551 0.1338 0.1093 0.0920 0.0814 0.0784 0.0669     0    0
   1943   0.04289    1.1601   1.2711 0.1422 0.1243 0.1116 0.0849 0.0784 0.0659     0    0
   1953   0.03977    1.7974   2.1304 0.2270 0.1463 0.1142 0.0832 0.0799 0.0638     0    0
   1963   0.04477    1.5258   1.7108 0.1896 0.1463 0.1397 0.1091 0.0942 0.0765     2    1
   1973   0.04177    1.9591   2.2181 0.2198 0.1689 0.1436 0.1081 0.0956 0.0716     0    0
   1983   0.04619    1.1329   1.3869 0.1736 0.1554 0.1084 0.0990 0.0897 0.0714     0    0
   1993   0.03775    1.1018   1.1758 0.1513 0.1265 0.1251 0.0997 0.0917 0.0683     0    0
# 200 lambda in 450s -> cscan_800_x1.json
