J=800 R=400 lambda 1..1999 step 2 (odd only), theta = 0.137
    lam  Lam_long   C(.137)   C(.10) b16    b24    b32    b48    b64    b128    pre6  dbr
      1   0.03324    0.8810   1.0099 0.1070 0.1086 0.0863 0.0703 0.0597 0.0540     0    0
      3   0.03710    1.2901   1.4442 0.1408 0.1225 0.0986 0.0769 0.0702 0.0565     0    0
      5   0.04532    1.1707   1.2718 0.1467 0.1097 0.1087 0.0876 0.0742 0.0661     0    0
      7   0.04383    1.2755   1.4106 0.1560 0.1245 0.1198 0.0920 0.0921 0.0754     0    0
      9   0.03374    0.8649   1.1050 0.1070 0.1108 0.0878 0.0703 0.0590 0.0547     0    0
     11   0.04041    1.7378   1.8858 0.1901 0.1359 0.1293 0.1025 0.0922 0.0696     2    1
     13   0.04304    1.0872   1.3019 0.1657 0.1509 0.1335 0.1049 0.0884 0.0665     0    0
     15   0.05146    1.5277   1.8372 0.1850 0.1728 0.1428 0.1269 0.1080 0.0750     0    0
     17   0.04377    1.3144   1.4254 0.1357 0.1092 0.0977 0.0774 0.0679 0.0575     0    0
     19   0.04060    1.3792   1.7870 0.1821 0.1429 0.1318 0.1088 0.0868 0.0657     1    1
     21   0.04088    1.7533   1.8643 0.1641 0.1164 0.1125 0.0897 0.0855 0.0667     1    1
     23   0.04334    1.6590   1.8440 0.1499 0.1233 0.1130 0.0940 0.0843 0.0620     1    1
     25   0.03934    1.2909   1.5499 0.1712 0.1169 0.1051 0.0742 0.0712 0.0568     0    0
     27   0.03706    1.3004   1.4538 0.1412 0.1226 0.0982 0.0768 0.0704 0.0566     0    0
     29   0.03767    1.0585   1.1325 0.1367 0.1371 0.1053 0.0859 0.0737 0.0662     0    0
     31   0.03990    1.9899   2.1379 0.1819 0.1436 0.1277 0.1071 0.0951 0.0712     0    0
     33   0.04114    2.1069   2.9526 0.2533 0.1949 0.1886 0.1330 0.1156 0.0784     2    1
     35   0.03805    1.5467   1.6947 0.1611 0.1632 0.1308 0.1012 0.0838 0.0691     0    0
     37   0.04660    2.3597   2.6774 0.2208 0.1637 0.1244 0.0956 0.0816 0.0654     0    0
     39   0.04371    1.4023   1.5133 0.1717 0.1368 0.1127 0.0976 0.0879 0.0735     0    0
     41   0.04871    1.5513   1.7681 0.1992 0.1496 0.1329 0.1049 0.0893 0.0677     1    1
     43   0.04401    1.5059   1.6169 0.1400 0.1120 0.0939 0.0806 0.0720 0.0631     0    0
     45   0.04556    1.1705   1.2715 0.1525 0.1097 0.1102 0.0889 0.0743 0.0661     0    0
     47   0.03625    1.4289   1.7925 0.1766 0.1302 0.0998 0.0903 0.0790 0.0626     0    0
     49   0.04352    1.5553   1.8883 0.1646 0.1164 0.0981 0.0887 0.0738 0.0652     1    1
     51   0.03886    1.3078   1.6408 0.1780 0.1257 0.1104 0.0836 0.0771 0.0647     0    0
     53   0.04240    1.0921   1.2031 0.1224 0.1108 0.0890 0.0701 0.0644 0.0532     0    0
     55   0.03428    1.0490   1.3473 0.1392 0.1087 0.0975 0.0903 0.0855 0.0638     0    0
     57   0.03827    1.5306   1.7526 0.1745 0.1305 0.1141 0.0852 0.0786 0.0639     0    0
     59   0.04253    1.1944   1.2875 0.1460 0.1147 0.0905 0.0894 0.0818 0.0604     2    2
     61   0.03683    1.7919   2.1619 0.1913 0.1610 0.1250 0.1051 0.0905 0.0685     1    1
     63   0.04207    1.2755   1.4106 0.1592 0.1245 0.1215 0.0930 0.0925 0.0756     1    1
     65   0.03776    1.0846   1.2125 0.1251 0.1052 0.1016 0.0786 0.0778 0.0620     1    1
     67   0.04632    1.1728   1.3578 0.1263 0.1064 0.0886 0.0756 0.0761 0.0605     0    0
     69   0.04353    1.7838   1.9361 0.1917 0.1313 0.1113 0.0895 0.0960 0.0704     0    0
     71   0.04258    1.3111   1.8043 0.1866 0.1567 0.1232 0.1010 0.0955 0.0713     0    0
     73   0.04270    2.2135   2.3615 0.1529 0.1551 0.1213 0.0924 0.0761 0.0602     2    1
     75   0.03731    1.2380   1.3490 0.1444 0.1037 0.0960 0.0802 0.0714 0.0585     0    0
     77   0.03930    1.3922   1.6964 0.1768 0.1187 0.1048 0.0895 0.0781 0.0647     0    0
     79   0.03508    1.0127   1.2259 0.1462 0.1175 0.1173 0.0922 0.0878 0.0572     0    0
     81   0.03331    0.8469   1.0392 0.1043 0.1140 0.0850 0.0701 0.0595 0.0546     0    0
     83   0.03865    1.4488   1.5968 0.1523 0.1178 0.1090 0.0846 0.0691 0.0565     0    0
     85   0.03694    3.0259   3.4699 0.2887 0.2301 0.1731 0.1336 0.1189 0.0819     3    3
     87   0.03348    1.3954   1.5804 0.1588 0.1221 0.1058 0.0878 0.0833 0.0674     1    1
     89   0.03815    1.6982   1.8697 0.1693 0.1477 0.1301 0.0997 0.0872 0.0716     0    0
     91   0.03519    1.0797   1.3004 0.1379 0.1060 0.1009 0.0836 0.0748 0.0647     0    0
     93   0.04045    1.9125   2.0613 0.2056 0.1335 0.1337 0.1060 0.0956 0.0628     1    1
     95   0.04399    1.5508   1.6618 0.1692 0.1137 0.1053 0.0956 0.0927 0.0690     1    1
     97   0.04320    1.9967   2.1447 0.1986 0.1440 0.1199 0.0957 0.0785 0.0735     0    0
     99   0.04010    1.7378   1.8858 0.1901 0.1359 0.1296 0.1025 0.0922 0.0696     1    1
    101   0.04136    1.5162   1.6272 0.1911 0.1386 0.1213 0.0882 0.0875 0.0607     0    0
    103   0.03512    1.2758   1.3868 0.1444 0.1279 0.1037 0.0946 0.0832 0.0667     0    0
    105   0.04430    1.6651   1.8533 0.1907 0.1763 0.1233 0.1000 0.0904 0.0687     1    1
    107   0.04823    1.3433   1.4913 0.1465 0.1175 0.0964 0.0810 0.0726 0.0600     0    0
    109   0.03941    1.3117   1.4227 0.1391 0.1192 0.1292 0.0946 0.0802 0.0689     1    1
    111   0.05147    2.2093   2.5423 0.2028 0.1445 0.1156 0.0970 0.0899 0.0708     1    1
    113   0.04330    1.6241   1.8831 0.1884 0.1316 0.1227 0.0947 0.0948 0.0711     1    1
    115   0.04618    1.6225   1.7335 0.1473 0.1246 0.0999 0.0962 0.0814 0.0651     0    0
    117   0.04158    1.0871   1.3018 0.1657 0.1509 0.1334 0.1049 0.0887 0.0667     0    0
    119   0.04154    1.1379   1.2793 0.1434 0.1163 0.1077 0.0907 0.0747 0.0585     0    0
    121   0.04308    1.6906   1.8016 0.1996 0.1608 0.1252 0.0989 0.0879 0.0694     0    0
    123   0.05374    2.0173   2.2393 0.2086 0.1368 0.1175 0.0894 0.0842 0.0697     0    0
    125   0.03224    1.8194   2.0115 0.2106 0.1659 0.1274 0.1198 0.1070 0.0799     0    0
    127   0.03718    1.0882   1.3114 0.1370 0.1165 0.1030 0.0863 0.0811 0.0584     0    0
    129   0.04138    1.1542   1.2498 0.1295 0.1173 0.1004 0.0822 0.0694 0.0569     0    0
    131   0.04907    1.5044   1.7264 0.1728 0.1287 0.1028 0.0931 0.0815 0.0661     3    3
    133   0.03169    1.0612   1.2832 0.1505 0.1235 0.1073 0.0846 0.0815 0.0561     0    0
    135   0.05060    1.5222   1.8513 0.1846 0.1734 0.1432 0.1272 0.1083 0.0751     0    0
    137   0.03617    1.2498   1.3978 0.1509 0.1217 0.1203 0.0904 0.0811 0.0666     0    0
    139   0.04271    1.3335   1.4445 0.1815 0.1232 0.1058 0.0843 0.0726 0.0665     0    0
    141   0.03246    1.3643   1.4753 0.1290 0.1100 0.0869 0.0736 0.0730 0.0581     1    1
    143   0.03729    1.3539   1.4649 0.1384 0.1198 0.0936 0.0890 0.0744 0.0590     0    0
    145   0.04093    0.9520   1.0329 0.1402 0.1263 0.1001 0.0725 0.0674 0.0603     1    1
    147   0.04098    1.3094   1.4204 0.1532 0.1165 0.1084 0.0880 0.0788 0.0647     2    1
    149   0.04026    1.1763   1.3050 0.1584 0.1334 0.1072 0.0972 0.0709 0.0646     1    1
    151   0.04192    1.3851   1.9341 0.2147 0.1627 0.1371 0.1171 0.1045 0.0814     0    0
    153   0.04567    1.3362   1.4472 0.1406 0.1209 0.1177 0.0875 0.0795 0.0599     0    0
