J=800 R=400 lambda 7..1999 step 10 (odd only), theta = 0.137
    lam  Lam_long   C(.137)   C(.10) b16    b24    b32    b48    b64    b128    pre6  dbr
      7   0.04383    1.2755   1.4106 0.1560 0.1245 0.1198 0.0920 0.0921 0.0754     0    0
     17   0.04377    1.3144   1.4254 0.1357 0.1092 0.0977 0.0774 0.0679 0.0575     0    0
     27   0.03706    1.3004   1.4538 0.1412 0.1226 0.0982 0.0768 0.0704 0.0566     0    0
     37   0.04660    2.3597   2.6774 0.2208 0.1637 0.1244 0.0956 0.0816 0.0654     0    0
     47   0.03625    1.4289   1.7925 0.1766 0.1302 0.0998 0.0903 0.0790 0.0626     0    0
     57   0.03827    1.5306   1.7526 0.1745 0.1305 0.1141 0.0852 0.0786 0.0639     0    0
     67   0.04632    1.1728   1.3578 0.1263 0.1064 0.0886 0.0756 0.0761 0.0605     0    0
     77   0.03930    1.3922   1.6964 0.1768 0.1187 0.1048 0.0895 0.0781 0.0647     0    0
     87   0.03348    1.3954   1.5804 0.1588 0.1221 0.1058 0.0878 0.0833 0.0674     1    1
     97   0.04320    1.9967   2.1447 0.1986 0.1440 0.1199 0.0957 0.0785 0.0735     0    0
    107   0.04823    1.3433   1.4913 0.1465 0.1175 0.0964 0.0810 0.0726 0.0600     0    0
    117   0.04158    1.0871   1.3018 0.1657 0.1509 0.1334 0.1049 0.0887 0.0667     0    0
    127   0.03718    1.0882   1.3114 0.1370 0.1165 0.1030 0.0863 0.0811 0.0584     0    0
    137   0.03617    1.2498   1.3978 0.1509 0.1217 0.1203 0.0904 0.0811 0.0666     0    0
    147   0.04098    1.3094   1.4204 0.1532 0.1165 0.1084 0.0880 0.0788 0.0647     2    1
    157   0.04127    1.4235   1.5345 0.1669 0.1190 0.1021 0.0888 0.0715 0.0603     0    0
    167   0.03723    1.6149   1.8729 0.1805 0.1418 0.1219 0.0981 0.0858 0.0622     0    0
    177   0.04502    1.0318   1.1798 0.1286 0.1049 0.0963 0.0878 0.0742 0.0641     2    2
    187   0.04515    1.4897   1.6765 0.1691 0.1469 0.1270 0.0988 0.0821 0.0650     1    1
    197   0.04767    1.8777   2.0997 0.2058 0.1394 0.1205 0.0978 0.0973 0.0736     1    1
    207   0.04302    1.6596   1.8492 0.1471 0.1133 0.1077 0.0919 0.0833 0.0620     0    0
    217   0.03837    1.7975   2.1305 0.2158 0.1427 0.1086 0.0835 0.0774 0.0637     0    0
    227   0.04326    1.3042   1.4152 0.1754 0.1391 0.1321 0.1092 0.0897 0.0704     0    0
    237   0.03276    1.1895   1.3248 0.1390 0.1143 0.1130 0.0934 0.0848 0.0660     0    0
    247   0.04199    1.6625   1.7735 0.1497 0.1107 0.0978 0.0735 0.0717 0.0576     0    0
    257   0.04583    1.1151   1.3741 0.1347 0.1109 0.0998 0.0832 0.0761 0.0673     0    0
    267   0.04114    1.5824   1.6934 0.1837 0.1236 0.1067 0.0828 0.0772 0.0681     0    0
    277   0.04099    1.2342   1.5302 0.1638 0.1342 0.1231 0.0954 0.0863 0.0606     2    1
    287   0.04484    1.7969   1.9819 0.1746 0.1476 0.1275 0.0984 0.0870 0.0708     0    0
    297   0.04149    2.1069   2.9526 0.2533 0.1949 0.1886 0.1330 0.1156 0.0787     0    0
    307   0.04783    1.2296   1.5972 0.1706 0.1136 0.1022 0.0856 0.0821 0.0720     0    0
    317   0.03912    1.2798   1.6128 0.1621 0.1286 0.0953 0.0836 0.0737 0.0570     1    1
    327   0.03374    1.1954   1.2881 0.1527 0.1281 0.1029 0.0876 0.0788 0.0697     1    1
    337   0.03738    0.9444   1.1810 0.1357 0.0932 0.0874 0.0742 0.0718 0.0606     0    0
    347   0.04356    1.7335   1.8445 0.1643 0.1224 0.1163 0.0949 0.0831 0.0661     3    2
    357   0.04001    1.6176   1.8423 0.1752 0.1374 0.1169 0.0829 0.0771 0.0633     0    0
    367   0.03667    1.8809   2.0659 0.1710 0.1336 0.1174 0.1043 0.0866 0.0634     0    0
    377   0.04246    1.1572   1.2682 0.1329 0.1156 0.1088 0.0887 0.0783 0.0617     0    0
    387   0.04497    1.5145   1.6255 0.1379 0.1131 0.0943 0.0774 0.0735 0.0607     0    0
    397   0.04036    1.6586   1.7696 0.1622 0.1271 0.1283 0.0887 0.0740 0.0673     0    0
    407   0.04663    2.4293   2.6143 0.2279 0.1569 0.1383 0.1191 0.0990 0.0717     1    1
    417   0.03814    1.5170   1.6280 0.1698 0.1224 0.1081 0.1060 0.0897 0.0683     0    0
    427   0.03386    1.3771   1.9455 0.1922 0.1545 0.1202 0.0892 0.0818 0.0667     0    0
    437   0.03725    1.6337   1.8557 0.1668 0.1558 0.1300 0.1031 0.0847 0.0663     1    1
    447   0.04065    1.3094   1.4204 0.1383 0.1009 0.0956 0.0825 0.0780 0.0632     0    0
    457   0.04449    1.1270   1.3490 0.1523 0.1257 0.1026 0.0924 0.0908 0.0763     0    0
    467   0.04805    1.8069   1.9549 0.1804 0.1421 0.1194 0.0960 0.0822 0.0654     0    0
    477   0.04344    1.0979   1.2089 0.1237 0.1117 0.0890 0.0702 0.0644 0.0529     0    0
    487   0.04307    1.2733   1.4002 0.1695 0.1271 0.1127 0.1068 0.0980 0.0666     0    0
    497   0.04578    1.5816   1.7666 0.1619 0.1597 0.1239 0.1130 0.0908 0.0709     1    1
    507   0.03684    1.1752   1.2633 0.1415 0.1134 0.1151 0.0873 0.0739 0.0678     0    0
    517   0.04695    1.6889   1.8721 0.1968 0.1347 0.1073 0.1005 0.0808 0.0687     0    0
    527   0.04754    1.7404   1.9963 0.2031 0.1729 0.1424 0.1232 0.1088 0.0817     0    0
    537   0.03736    1.6147   1.7257 0.1446 0.1434 0.1174 0.1026 0.0910 0.0705     1    1
    547   0.03660    1.6889   1.7999 0.1858 0.1455 0.1311 0.1016 0.0957 0.0692     0    0
    557   0.03610    1.7617   1.8727 0.1700 0.1203 0.0954 0.0806 0.0701 0.0643     0    0
    567   0.04138    1.2785   1.4501 0.1657 0.1245 0.1247 0.0952 0.0923 0.0755     1    1
    577   0.04462    1.8042   1.9664 0.2137 0.1517 0.1390 0.1185 0.1109 0.0739     1    1
    587   0.04370    1.3757   1.9307 0.2164 0.1566 0.1182 0.0863 0.0762 0.0635     0    0
    597   0.04662    1.1415   1.3448 0.1448 0.1130 0.0957 0.0842 0.0717 0.0645     0    0
    607   0.03525    1.2884   1.3994 0.1471 0.1193 0.1108 0.0992 0.0864 0.0667     1    1
    617   0.04008    1.7030   1.8140 0.1556 0.1166 0.1031 0.0950 0.0897 0.0624     0    0
    627   0.03941    1.3616   1.4726 0.1613 0.1172 0.1179 0.0896 0.0909 0.0704     0    0
    637   0.03713    1.8403   2.0667 0.2261 0.1599 0.1291 0.0998 0.0795 0.0624     0    0
    647   0.04096    1.6415   2.0425 0.2192 0.1631 0.1247 0.1005 0.0903 0.0685     1    1
    657   0.04145    1.6908   1.8388 0.1566 0.1551 0.1214 0.0926 0.0722 0.0601     0    0
    667   0.03824    1.5474   1.7324 0.1451 0.1212 0.1044 0.0936 0.0758 0.0597     0    0
    677   0.04732    1.5935   1.7045 0.1809 0.1260 0.1322 0.1094 0.0996 0.0695     0    0
    687   0.04474    2.6726   2.8576 0.2214 0.1547 0.1239 0.1002 0.0955 0.0775     0    0
    697   0.03766    1.1411   1.4092 0.1598 0.1219 0.1038 0.0841 0.0783 0.0673     0    0
    707   0.04405    1.5002   1.6482 0.1637 0.1342 0.1309 0.0957 0.0847 0.0665     0    0
    717   0.04320    1.2768   1.3878 0.1562 0.1299 0.1114 0.0958 0.0957 0.0717     0    0
    727   0.03263    1.7798   2.0388 0.1659 0.1428 0.1221 0.0889 0.0851 0.0660     0    0
    737   0.03563    1.4922   1.6032 0.1435 0.1190 0.1080 0.0936 0.0787 0.0615     0    0
    747   0.03810    1.4486   1.5966 0.1522 0.1137 0.1054 0.0828 0.0692 0.0572     1    1
    757   0.03947    1.5994   1.8802 0.2038 0.1538 0.1206 0.1004 0.0857 0.0609     0    0
    767   0.04014    1.4655   1.5765 0.1681 0.1398 0.1106 0.0909 0.0864 0.0687     0    0
    777   0.04152    1.6311   1.8161 0.1924 0.1317 0.1108 0.0875 0.0732 0.0598     0    0
    787   0.04151    1.5344   1.6454 0.1706 0.1220 0.1095 0.0985 0.0870 0.0648     0    0
    797   0.04220    1.2139   1.3619 0.1387 0.1221 0.1022 0.0872 0.0832 0.0635     0    0
    807   0.04350    1.6966   1.8076 0.1906 0.1527 0.1382 0.1092 0.0934 0.0714     0    0
    817   0.03728    1.6799   1.7909 0.1535 0.1312 0.1076 0.0844 0.0782 0.0684     0    0
    827   0.04195    1.2094   1.3391 0.1633 0.1248 0.1130 0.0922 0.0805 0.0643     0    0
    837   0.03913    1.9125   2.0613 0.2056 0.1335 0.1346 0.1060 0.0997 0.0628     0    0
    847   0.04117    1.6911   1.8021 0.1789 0.1227 0.1339 0.0985 0.0971 0.0624     4    2
    857   0.04630    1.5200   1.6310 0.1635 0.1188 0.1178 0.0896 0.0749 0.0685     0    0
    867   0.04529    1.2617   1.3746 0.1859 0.1207 0.1083 0.0809 0.0761 0.0627     0    0
    877   0.04141    1.5849   1.6959 0.1426 0.1095 0.0923 0.0926 0.0809 0.0716     0    0
    887   0.03802    1.3535   1.5385 0.1692 0.1401 0.1268 0.0923 0.0766 0.0659     0    0
    897   0.04047    1.1153   1.1893 0.1216 0.0983 0.0874 0.0825 0.0788 0.0599     0    0
    907   0.04104    1.5370   1.6480 0.1653 0.1399 0.1063 0.0989 0.0871 0.0654     0    0
    917   0.03676    1.0764   1.2936 0.1289 0.1158 0.0920 0.0796 0.0699 0.0629     0    0
    927   0.03389    1.2757   1.3867 0.1444 0.1279 0.1036 0.0947 0.0832 0.0667     1    1
    937   0.04516    1.3538   1.5388 0.1689 0.1429 0.1048 0.0956 0.0874 0.0665     0    0
    947   0.04319    2.3420   2.4900 0.1811 0.1794 0.1559 0.1246 0.1064 0.0845     0    0
    957   0.03859    2.2617   2.5947 0.2041 0.1664 0.1322 0.0991 0.0746 0.0677     2    2
    967   0.03999    1.2808   1.3918 0.1504 0.1209 0.0911 0.0809 0.0856 0.0675     0    0
    977   0.04387    1.2748   1.4228 0.1536 0.1287 0.1009 0.0714 0.0726 0.0609     1    1
    987   0.05104    1.2309   1.6243 0.1932 0.1583 0.1158 0.1072 0.0839 0.0706     1    1
    997   0.04363    1.0704   1.2132 0.1563 0.1324 0.1012 0.0821 0.0688 0.0566     0    0
   1007   0.04298    1.1342   1.3573 0.1683 0.1101 0.1039 0.0879 0.0773 0.0615     0    0
   1017   0.04359    1.5626   1.7759 0.1791 0.1256 0.1181 0.0958 0.0945 0.0715     2    2
   1027   0.03865    1.3991   1.5101 0.1471 0.1119 0.0849 0.0757 0.0680 0.0580     0    0
   1037   0.03297    1.3845   1.4955 0.1563 0.1236 0.1164 0.0866 0.0892 0.0745     0    0
   1047   0.04010    1.9064   2.2832 0.2282 0.1732 0.1458 0.1239 0.1068 0.0721     0    0
   1057   0.03678    1.2896   1.5459 0.1806 0.1435 0.1197 0.1025 0.1013 0.0736     1    1
   1067   0.04746    1.5475   1.6955 0.1613 0.1206 0.1094 0.0960 0.0806 0.0713     0    0
   1077   0.03891    1.1852   1.6675 0.1935 0.1345 0.1074 0.0899 0.0773 0.0670     0    0
   1087   0.04303    1.1711   1.2821 0.1698 0.1257 0.0900 0.0922 0.0765 0.0674     0    0
   1097   0.04438    1.4557   1.6037 0.1616 0.1108 0.0967 0.0799 0.0736 0.0590     0    0
   1107   0.05373    2.0466   2.2686 0.2117 0.1368 0.1183 0.0925 0.0842 0.0697     0    0
   1117   0.03652    1.0637   1.1747 0.1529 0.1013 0.0894 0.0691 0.0678 0.0567     0    0
   1127   0.04272    1.8175   2.0025 0.2007 0.1489 0.1294 0.0962 0.0849 0.0733     1    1
   1137   0.04714    1.4811   1.7401 0.1436 0.1034 0.0910 0.0842 0.0705 0.0587     0    0
   1147   0.04413    1.5765   1.6875 0.1249 0.1163 0.1023 0.0892 0.0800 0.0683     2    1
   1157   0.03883    1.7293   2.1265 0.2013 0.1439 0.1236 0.1146 0.1072 0.0761     0    0
   1167   0.03750    1.5979   1.7089 0.1667 0.1329 0.1335 0.0974 0.0930 0.0717     0    0
   1177   0.03968    1.1308   1.2822 0.1513 0.1100 0.0888 0.0892 0.0756 0.0602     0    0
   1187   0.04671    0.8196   0.9764 0.1137 0.1063 0.0857 0.0788 0.0708 0.0589     1    1
   1197   0.03130    1.0618   1.2838 0.1521 0.1263 0.1074 0.0841 0.0813 0.0560     0    0
   1207   0.04124    1.9969   2.2189 0.1696 0.1537 0.1396 0.1099 0.1075 0.0756     0    0
   1217   0.03787    1.5320   1.7540 0.1595 0.1160 0.1318 0.0875 0.0827 0.0675     0    0
   1227   0.03693    1.4363   1.5473 0.1564 0.1128 0.1035 0.0838 0.0822 0.0677     1    1
   1237   0.03315    2.3636   2.6596 0.2622 0.1792 0.1475 0.1085 0.0967 0.0818     0    0
   1247   0.04462    1.2080   1.4670 0.1513 0.1308 0.1205 0.0891 0.0836 0.0628     0    0
   1257   0.05575    1.5363   1.6473 0.1713 0.1144 0.1022 0.0913 0.0867 0.0773     0    0
   1267   0.04015    1.9539   2.4040 0.2105 0.2002 0.1509 0.0980 0.0802 0.0634     0    0
   1277   0.04583    1.8636   2.1242 0.2079 0.1455 0.1367 0.1195 0.0940 0.0740     1    1
   1287   0.03669    1.3035   1.4145 0.1392 0.1204 0.0937 0.0890 0.0739 0.0589     0    0
   1297   0.03972    1.0474   1.2081 0.1567 0.1249 0.1073 0.0997 0.0892 0.0648     0    0
   1307   0.03596    1.4549   1.6769 0.1623 0.1170 0.0920 0.0768 0.0689 0.0586     2    1
   1317   0.04101    2.4582   2.6530 0.2434 0.1753 0.1438 0.1139 0.0985 0.0759     0    0
   1327   0.04067    2.7165   3.3085 0.3068 0.2159 0.1630 0.1149 0.1083 0.0722     0    0
   1337   0.04893    1.5037   1.6672 0.1930 0.1408 0.1291 0.1019 0.0959 0.0748     0    0
   1347   0.03617    1.7887   1.9737 0.1731 0.1260 0.1219 0.0854 0.0809 0.0674     0    0
   1357   0.04746    1.2139   1.4359 0.1650 0.1242 0.1156 0.0997 0.0893 0.0711     0    0
   1367   0.03824    1.1674   1.2784 0.1627 0.1132 0.0908 0.0904 0.0709 0.0679     0    0
   1377   0.04692    1.3996   1.5106 0.1522 0.1259 0.1104 0.0876 0.0853 0.0651     0    0
   1387   0.03996    1.0717   1.2937 0.1690 0.1387 0.1242 0.1055 0.0872 0.0765     0    0
   1397   0.04507    1.1037   1.1777 0.1330 0.1360 0.1001 0.0805 0.0706 0.0615     1    1
   1407   0.03969    0.9669   1.1430 0.1549 0.1140 0.0982 0.0842 0.0799 0.0605     0    0
   1417   0.03686    1.0964   1.2273 0.1243 0.1018 0.0887 0.0805 0.0807 0.0658     0    0
   1427   0.03695    1.2128   1.3238 0.1414 0.1198 0.0919 0.0827 0.0754 0.0607     0    0
   1437   0.03692    1.3319   1.4429 0.1615 0.1036 0.1051 0.0887 0.0693 0.0616     0    0
   1447   0.04151    1.1233   1.2345 0.1429 0.1359 0.0967 0.0832 0.0682 0.0585     0    0
   1457   0.04043    1.4352   1.5832 0.1556 0.1144 0.1076 0.0844 0.0737 0.0645     1    1
   1467   0.03590    1.6753   1.7863 0.1627 0.1292 0.1408 0.0981 0.1025 0.0766     0    0
   1477   0.05141    1.2196   1.2936 0.1468 0.1235 0.1089 0.0806 0.0740 0.0639     0    0
   1487   0.05159    1.9788   2.3118 0.2047 0.1671 0.1245 0.1024 0.0873 0.0742     1    1
   1497   0.03674    1.2015   1.3865 0.1437 0.1230 0.1011 0.0874 0.0784 0.0595     0    0
   1507   0.03455    1.2849   1.9721 0.1845 0.1730 0.1525 0.1329 0.1062 0.0782     0    0
   1517   0.05266    1.9593   2.2923 0.2112 0.1383 0.1330 0.1051 0.1060 0.0827     0    0
   1527   0.03282    1.2549   1.6058 0.1702 0.1461 0.1218 0.0999 0.0818 0.0721     0    0
   1537   0.04695    1.7461   2.0791 0.1813 0.1430 0.1205 0.1052 0.0856 0.0755     0    0
   1547   0.02989    1.2529   1.4009 0.1330 0.1047 0.0907 0.0816 0.0746 0.0594     0    0
   1557   0.04940    1.2602   1.4452 0.1529 0.1226 0.1203 0.1011 0.0837 0.0717     0    0
   1567   0.03581    1.4769   1.6078 0.1648 0.1547 0.1318 0.0976 0.0823 0.0683     2    2
   1577   0.05519    1.6297   1.9997 0.1724 0.1524 0.1156 0.0999 0.0966 0.0710     0    0
   1587   0.04669    1.1712   1.3112 0.1267 0.1147 0.1221 0.0910 0.0784 0.0597     0    0
   1597   0.04379    2.3439   2.6029 0.2259 0.1687 0.1429 0.1041 0.0911 0.0724     0    0
   1607   0.03781    1.1345   1.3195 0.1492 0.1118 0.0979 0.0858 0.0739 0.0636     1    1
   1617   0.04025    1.1949   1.2689 0.1454 0.1035 0.1009 0.0791 0.0715 0.0577     0    0
   1627   0.03772    2.2101   2.3581 0.1674 0.1145 0.1104 0.1033 0.0787 0.0705     1    1
   1637   0.04321    1.7337   1.9187 0.2110 0.1463 0.1197 0.0913 0.0909 0.0697     3    1
   1647   0.04145    1.5196   1.6306 0.1823 0.1371 0.1083 0.0833 0.0767 0.0691     2    1
   1657   0.04775    1.2871   1.6571 0.2005 0.1440 0.1152 0.0960 0.0996 0.0790     1    1
   1667   0.03600    1.2571   1.3681 0.1317 0.1216 0.0918 0.0786 0.0649 0.0577     1    1
   1677   0.04872    1.2465   1.4315 0.1543 0.1438 0.1176 0.0793 0.0787 0.0673     1    1
   1687   0.04750    1.3251   1.5101 0.1563 0.1149 0.1071 0.0890 0.0736 0.0615     0    0
   1697   0.04168    1.0776   1.1516 0.1475 0.1142 0.1008 0.0754 0.0730 0.0597     0    0
   1707   0.04524    1.3089   1.6556 0.1740 0.1526 0.1327 0.0937 0.0786 0.0628     0    0
   1717   0.04496    1.3030   1.6935 0.1772 0.1693 0.1104 0.1026 0.0856 0.0684     0    0
   1727   0.04742    1.4018   1.7348 0.1929 0.1446 0.1407 0.1157 0.0952 0.0717     0    0
   1737   0.04835    2.3406   2.4886 0.2178 0.1320 0.1290 0.0932 0.0919 0.0727     0    0
   1747   0.04278    1.5908   2.1088 0.2101 0.1591 0.1459 0.1050 0.0963 0.0683     0    0
   1757   0.04026    1.5766   1.7102 0.1906 0.1302 0.1164 0.1006 0.0856 0.0705     0    0
   1767   0.04684    1.5467   1.6577 0.1574 0.1231 0.1215 0.0880 0.0818 0.0693     0    0
   1777   0.04583    1.6942   1.8437 0.1616 0.1368 0.1073 0.0846 0.0669 0.0611     1    1
   1787   0.04913    1.2798   1.4278 0.1544 0.1331 0.1100 0.0948 0.0895 0.0679     0    0
   1797   0.05100    1.0754   1.3714 0.1486 0.1240 0.1006 0.0891 0.0775 0.0673     0    0
   1807   0.03879    1.7428   1.8538 0.1830 0.1315 0.1192 0.1070 0.0956 0.0698     0    0
   1817   0.04718    1.9826   2.1306 0.2326 0.1671 0.1352 0.0982 0.0867 0.0691     2    1
   1827   0.03573    1.5511   1.8772 0.1710 0.1213 0.1084 0.0827 0.0792 0.0634     0    0
   1837   0.04315    1.2772   1.3882 0.1559 0.1207 0.1182 0.1006 0.0848 0.0694     0    0
   1847   0.04931    1.0670   1.2789 0.1413 0.1134 0.0982 0.0905 0.0802 0.0649     1    1
   1857   0.04302    1.0615   1.3205 0.1238 0.1050 0.1027 0.0734 0.0706 0.0646     0    0
   1867   0.04028    2.3122   2.6452 0.2217 0.1652 0.1425 0.1110 0.1068 0.0788     0    0
   1877   0.03539    1.6927   1.8777 0.1523 0.1406 0.1070 0.0880 0.0849 0.0627     0    0
   1887   0.04348    1.3750   1.6710 0.1742 0.1502 0.1312 0.1177 0.0948 0.0757     0    0
   1897   0.03838    1.1899   1.3564 0.1434 0.1380 0.1114 0.0841 0.0875 0.0731     0    0
   1907   0.03855    1.3986   1.5362 0.1416 0.1008 0.0806 0.0748 0.0674 0.0535     0    0
   1917   0.03634    1.6862   1.7972 0.1936 0.1527 0.1261 0.0903 0.0921 0.0717     0    0
   1927   0.03781    1.4797   1.6624 0.1960 0.1197 0.1163 0.0824 0.0780 0.0556     1    1
   1937   0.04291    1.8528   2.0378 0.1636 0.1335 0.1171 0.1097 0.0953 0.0718     0    0
   1947   0.04813    1.3565   1.7964 0.1957 0.1349 0.1083 0.0884 0.0827 0.0675     0    0
   1957   0.04439    2.0458   2.2678 0.2007 0.1707 0.1453 0.1238 0.1102 0.0805     0    0
   1967   0.03847    1.2619   1.4099 0.1523 0.1314 0.1185 0.0991 0.0915 0.0724     1    1
   1977   0.03887    1.1801   1.4999 0.1675 0.1266 0.1222 0.1071 0.0859 0.0696     0    0
   1987   0.03867    1.2239   1.4089 0.1401 0.1111 0.0983 0.0821 0.0770 0.0658     0    0
   1997   0.04803    1.3140   1.5558 0.1361 0.1245 0.0991 0.0858 0.0768 0.0649     0    0
# 200 lambda in 537s -> cscan_800_x3.json
