J=400 R=200 lambda 1..4999 step 4 (odd only), theta = 0.137
    lam  Lam_long   C(.137)   C(.10) b16    b24    b32    b48    b64    b128    pre6  dbr
      1   0.02087    1.1026   1.1766 0.1198 0.0824 0.0783 0.0596 0.0623 0.0447     0    0
      5   0.02798    1.0364   1.3656 0.1575 0.1190 0.0924 0.0787 0.0833 0.0421     0    0
      9   0.02749    1.1033   1.1773 0.1250 0.0898 0.0819 0.0594 0.0621 0.0446     0    0
     13   0.02969    1.4942   1.6274 0.1599 0.1157 0.1298 0.0882 0.0837 0.0616     1    1
     17   0.02355    0.7983   1.0560 0.1056 0.0942 0.0861 0.0696 0.0639 0.0495     0    0
     21   0.03175    0.9792   1.0532 0.1428 0.1078 0.0957 0.0812 0.0743 0.0501     1    1
     25   0.03323    0.8192   0.9259 0.1307 0.0980 0.0922 0.0855 0.0757 0.0554     0    0
     29   0.02563    0.8971   1.0941 0.1521 0.1097 0.1013 0.0962 0.0887 0.0472     0    0
     33   0.02923    1.1826   1.2936 0.1787 0.1220 0.1133 0.0810 0.0714 0.0469     0    0
     37   0.03576    1.1133   1.2056 0.1088 0.0927 0.0833 0.0798 0.0644 0.0505     0    0
     41   0.02405    1.3745   1.5595 0.1285 0.0936 0.0877 0.0790 0.0727 0.0437     0    0
     45   0.03083    1.0364   1.3656 0.1575 0.1190 0.0924 0.0787 0.0833 0.0421     0    0
     49   0.02960    1.0159   1.1712 0.1424 0.1095 0.0968 0.0841 0.0724 0.0542     0    0
     53   0.02648    1.1881   1.2621 0.1162 0.0909 0.0852 0.0705 0.0636 0.0496     1    1
     57   0.03355    1.1034   1.1774 0.1063 0.0850 0.0835 0.0739 0.0603 0.0547     0    0
     61   0.03358    0.8729   1.0209 0.1027 0.0879 0.0733 0.0674 0.0559 0.0470     0    0
     65   0.02089    1.5591   1.7071 0.1535 0.1312 0.1148 0.1030 0.0901 0.0521     1    1
     69   0.04963    1.5880   1.6990 0.1257 0.1192 0.0923 0.0886 0.0738 0.0594     0    0
     73   0.03276    1.5532   1.6642 0.1509 0.1150 0.1032 0.0848 0.0747 0.0599     0    0
     77   0.04742    1.6036   1.8626 0.1830 0.1456 0.1126 0.0963 0.0827 0.0587     0    0
     81   0.03191    1.1024   1.1764 0.1199 0.0831 0.0771 0.0576 0.0599 0.0434     1    1
     85   0.02974    0.8938   1.0459 0.1245 0.1018 0.0779 0.0737 0.0643 0.0479     0    0
     89   0.03271    0.7696   0.8920 0.1166 0.0911 0.0759 0.0610 0.0563 0.0396     0    0
     93   0.03760    1.2243   1.3353 0.1338 0.1092 0.1052 0.0911 0.0794 0.0586     0    0
     97   0.02853    1.3229   1.4467 0.1503 0.1150 0.1005 0.0737 0.0554 0.0516     0    0
    101   0.03116    0.8101   0.9174 0.1244 0.0866 0.0988 0.0762 0.0712 0.0434     0    0
    105   0.02838    1.1768   1.2508 0.1203 0.0922 0.0854 0.0738 0.0685 0.0449     0    0
    109   0.02402    1.4577   1.7167 0.1311 0.0910 0.0808 0.0654 0.0632 0.0434     0    0
    113   0.03644    1.3082   1.5302 0.1512 0.1354 0.1210 0.0934 0.0754 0.0593     0    0
    117   0.03073    1.6250   1.7360 0.1638 0.1208 0.1289 0.0875 0.0832 0.0609     0    0
    121   0.03282    1.2237   1.3347 0.1382 0.1254 0.0844 0.0570 0.0600 0.0477     0    0
    125   0.01531    1.3651   1.7351 0.1389 0.1125 0.0980 0.0813 0.0761 0.0380     0    0
    129   0.03643    1.2371   1.5158 0.1681 0.1265 0.0978 0.0914 0.0762 0.0538     0    0
    133   0.02781    1.1183   1.3208 0.1290 0.1116 0.0838 0.0686 0.0678 0.0518     1    1
    137   0.02885    1.4259   1.6479 0.1780 0.1141 0.0844 0.0644 0.0605 0.0457     0    0
    141   0.02678    1.1858   1.3212 0.1723 0.1196 0.1088 0.0836 0.0749 0.0550     0    0
    145   0.03671    0.9118   0.9858 0.1093 0.0926 0.0848 0.0757 0.0724 0.0539     0    0
    149   0.04163    1.3004   1.4114 0.1585 0.0941 0.0829 0.0694 0.0715 0.0549     0    0
    153   0.02180    0.8932   1.0611 0.1100 0.0940 0.0861 0.0696 0.0638 0.0491     1    1
    157   0.01614    1.0642   1.1382 0.0899 0.0773 0.0701 0.0520 0.0480 0.0324     0    0
    161   0.03652    1.4304   1.8004 0.1709 0.1288 0.1074 0.0852 0.0703 0.0557     0    0
    165   0.02321    0.9950   1.0690 0.1059 0.0944 0.0741 0.0660 0.0519 0.0446     0    0
    169   0.03951    1.6538   1.7648 0.1497 0.1240 0.1146 0.0826 0.0667 0.0546     0    0
    173   0.03325    1.2288   1.4878 0.1661 0.1014 0.0853 0.0711 0.0736 0.0555     0    0
    177   0.03501    0.7691   0.8431 0.1124 0.0832 0.0795 0.0630 0.0644 0.0507     0    0
    181   0.01799    1.8341   1.9821 0.1356 0.1034 0.0840 0.0772 0.0608 0.0495     1    1
    185   0.02960    1.1185   1.2295 0.1393 0.1069 0.1109 0.0690 0.0655 0.0560     0    0
    189   0.03073    0.9791   1.1434 0.1428 0.1079 0.1009 0.0797 0.0736 0.0487     0    0
    193   0.02779    1.1563   1.4523 0.1419 0.1245 0.0844 0.0795 0.0787 0.0484     2    2
    197   0.04243    1.1540   1.3390 0.1351 0.1076 0.1079 0.0640 0.0655 0.0491     2    1
    201   0.02613    0.8257   0.9180 0.1109 0.0797 0.0703 0.0579 0.0616 0.0454     1    1
    205   0.02679    1.3659   1.4769 0.1123 0.0961 0.0759 0.0712 0.0534 0.0370     0    0
    209   0.02637    2.0936   2.2416 0.1711 0.1078 0.0915 0.0800 0.0678 0.0534     2    1
    213   0.03473    0.8558   0.9740 0.1053 0.0998 0.0859 0.0702 0.0541 0.0456     0    0
    217   0.03167    1.0266   1.2309 0.1432 0.1306 0.1124 0.0959 0.0864 0.0645     0    0
    221   0.03821    1.2904   1.4014 0.1361 0.1157 0.0873 0.0850 0.0789 0.0656     0    0
    225   0.03838    1.0148   1.1998 0.1517 0.1110 0.1014 0.0886 0.0790 0.0579     0    0
    229   0.04143    0.9415   1.1331 0.1296 0.1093 0.0889 0.0825 0.0732 0.0581     1    1
    233   0.05077    2.0895   2.2745 0.1844 0.1353 0.1250 0.0945 0.0842 0.0686     0    0
    237   0.03489    0.9196   0.9936 0.1169 0.0997 0.0870 0.0727 0.0613 0.0567     0    0
    241   0.03196    1.0873   1.1613 0.1139 0.0827 0.0814 0.0731 0.0609 0.0456     0    0
    245   0.03614    1.4381   1.5491 0.1205 0.0964 0.0879 0.0824 0.0721 0.0526     0    0
    249   0.05194    1.3157   1.4637 0.1904 0.1223 0.1141 0.0990 0.0789 0.0617     0    0
    253   0.02606    1.1857   1.2967 0.1115 0.0842 0.0922 0.0665 0.0626 0.0511     0    0
    257   0.03552    1.0670   1.1780 0.1254 0.0868 0.0740 0.0571 0.0533 0.0431     1    1
    261   0.02668    0.9524   1.1146 0.1521 0.1097 0.1013 0.1000 0.0889 0.0468     0    0
    265   0.03096    1.1241   1.1981 0.1360 0.0978 0.0803 0.0756 0.0690 0.0530     0    0
    269   0.04474    1.0197   1.0937 0.1311 0.1024 0.0868 0.0770 0.0714 0.0540     0    0
    273   0.03621    1.2180   1.4770 0.1407 0.1129 0.1017 0.0848 0.0622 0.0535     0    0
    277   0.04774    1.6988   1.8098 0.1781 0.1428 0.1243 0.1026 0.0990 0.0727     0    0
    281   0.03440    0.7596   0.8336 0.1073 0.0821 0.0665 0.0678 0.0567 0.0427     0    0
    285   0.03418    1.2887   1.3997 0.1155 0.0971 0.0790 0.0673 0.0653 0.0505     0    0
    289   0.03790    1.8745   2.0595 0.1715 0.1132 0.0944 0.0811 0.0726 0.0602     1    1
    293   0.04028    1.4245   1.6072 0.1713 0.1446 0.1116 0.0959 0.0900 0.0526     0    0
    297   0.02909    1.3690   1.4800 0.1903 0.1276 0.1078 0.0814 0.0742 0.0492     0    0
    301   0.03623    1.1139   1.2249 0.1113 0.0939 0.0770 0.0740 0.0640 0.0505     0    0
    305   0.01833    0.9133   0.9873 0.1306 0.0958 0.0850 0.0673 0.0645 0.0368     1    1
    309   0.03593    0.8176   0.9656 0.1019 0.0898 0.0796 0.0634 0.0540 0.0455     0    0
    313   0.05212    0.9919   1.2208 0.1612 0.1319 0.1194 0.0974 0.0887 0.0658     0    0
    317   0.02609    0.7645   0.9125 0.0962 0.0954 0.0845 0.0678 0.0613 0.0531     0    0
    321   0.03724    1.8365   1.9845 0.1971 0.1438 0.1253 0.1157 0.0902 0.0604     0    0
    325   0.03801    1.0106   1.2013 0.1294 0.1151 0.0917 0.0890 0.0721 0.0595     0    0
    329   0.02550    1.3315   1.5165 0.1685 0.1401 0.1105 0.0922 0.0866 0.0505     0    0
    333   0.03501    1.1321   1.2431 0.1015 0.0962 0.0861 0.0836 0.0693 0.0528     0    0
    337   0.03071    1.2136   1.3246 0.1721 0.1332 0.1045 0.0829 0.0674 0.0419     0    0
    341   0.03201    1.2565   1.4660 0.1594 0.1363 0.1094 0.0838 0.0738 0.0471     0    0
    345   0.03562    1.1908   1.3018 0.1321 0.1098 0.0974 0.0622 0.0552 0.0445     0    0
    349   0.04915    1.7620   1.9183 0.2041 0.1451 0.1175 0.0921 0.0821 0.0668     0    0
    353   0.02742    0.9699   1.0439 0.1283 0.0870 0.0763 0.0588 0.0525 0.0442     0    0
    357   0.03188    0.8644   1.1309 0.1328 0.1007 0.0836 0.0640 0.0564 0.0510     0    0
    361   0.03735    2.0963   2.3553 0.2310 0.1511 0.1228 0.0961 0.0743 0.0518     0    0
    365   0.03124    0.8330   0.9494 0.1262 0.0906 0.0771 0.0647 0.0612 0.0462     0    0
    369   0.03020    1.5940   1.7790 0.1278 0.0998 0.0932 0.0788 0.0759 0.0370     0    0
    373   0.04103    2.7359   3.0689 0.2623 0.1861 0.1516 0.1068 0.0817 0.0660     0    0
    377   0.01964    2.2801   2.5021 0.1933 0.1103 0.0823 0.0730 0.0702 0.0504     0    0
    381   0.03372    0.9675   1.0415 0.1393 0.0843 0.0888 0.0731 0.0625 0.0483     0    0
    385   0.03547    1.5355   1.6465 0.1672 0.1356 0.1163 0.0799 0.0653 0.0544     1    1
    389   0.01802    0.8516   0.9256 0.1139 0.0782 0.0788 0.0589 0.0561 0.0397     0    0
    393   0.04658    1.4838   1.6688 0.1570 0.1233 0.0860 0.0693 0.0648 0.0554     0    0
    397   0.03330    1.2285   1.3395 0.1379 0.0959 0.0897 0.0890 0.0773 0.0551     0    0
    401   0.03095    0.9814   1.0554 0.1069 0.0918 0.0819 0.0643 0.0595 0.0540     0    0
    405   0.02709    1.1625   1.4917 0.1575 0.1190 0.0924 0.0812 0.0833 0.0429     0    0
    409   0.02654    1.0498   1.1620 0.1090 0.0948 0.0762 0.0687 0.0610 0.0400     0    0
    413   0.02718    1.1503   1.2983 0.1615 0.1121 0.0973 0.0714 0.0626 0.0546     0    0
    417   0.03131    2.3543   2.5833 0.2272 0.1692 0.1524 0.1182 0.1095 0.0753     0    0
    421   0.03272    1.2723   1.5313 0.1470 0.1235 0.1057 0.0831 0.0672 0.0518     0    0
    425   0.03613    1.1389   1.2499 0.1054 0.0903 0.0943 0.0703 0.0672 0.0519     0    0
    429   0.03348    0.9133   0.9873 0.1051 0.0808 0.0756 0.0640 0.0614 0.0428     0    0
    433   0.03699    1.6139   1.7527 0.1619 0.1453 0.1236 0.0945 0.0734 0.0515     0    0
    437   0.02966    1.6712   1.8420 0.1921 0.1391 0.1196 0.0991 0.0847 0.0517     0    0
    441   0.02981    1.0159   1.1866 0.1423 0.1095 0.0971 0.0844 0.0688 0.0530     1    1
    445   0.03459    1.2468   1.3829 0.1580 0.1444 0.1278 0.0988 0.0789 0.0576     0    0
    449   0.02388    1.0123   1.1603 0.1075 0.0843 0.0776 0.0717 0.0679 0.0507     0    0
    453   0.04303    1.1296   1.3886 0.1189 0.1035 0.0995 0.0809 0.0640 0.0549     0    0
    457   0.03123    1.0680   1.1420 0.1230 0.0984 0.0854 0.0793 0.0627 0.0531     1    1
    461   0.03036    1.1774   1.3624 0.1318 0.0925 0.0836 0.0696 0.0643 0.0459     0    0
    465   0.02855    1.6766   1.8986 0.1726 0.1252 0.1144 0.0851 0.0697 0.0583     0    0
    469   0.03055    0.9453   1.0193 0.1074 0.0874 0.0755 0.0617 0.0575 0.0439     0    0
    473   0.03646    1.0745   1.1485 0.1357 0.1048 0.0950 0.0639 0.0694 0.0442     0    0
    477   0.03040    1.0950   1.1690 0.1231 0.0952 0.0853 0.0749 0.0651 0.0483     0    0
    481   0.02761    0.9161   1.1267 0.1295 0.0907 0.0806 0.0653 0.0643 0.0510     0    0
    485   0.02051    1.1587   1.2327 0.1474 0.1338 0.1039 0.0933 0.0785 0.0403     0    0
    489   0.03696    1.4014   1.5124 0.1632 0.1301 0.1062 0.0848 0.0688 0.0550     0    0
    493   0.02796    1.2970   1.7780 0.1462 0.1256 0.1018 0.0930 0.0742 0.0507     0    0
    497   0.02915    0.9224   1.0166 0.1456 0.1162 0.1045 0.0913 0.0744 0.0538     0    0
    501   0.03308    1.5724   1.6834 0.1414 0.1306 0.1123 0.0907 0.0907 0.0492     2    1
    505   0.03646    1.1948   1.3058 0.1221 0.0957 0.0942 0.0732 0.0595 0.0481     0    0
    509   0.03073    0.7933   0.8673 0.1015 0.0855 0.0689 0.0594 0.0526 0.0445     2    2
    513   0.03106    1.1040   1.1780 0.1053 0.0893 0.0836 0.0745 0.0608 0.0533     0    0
    517   0.02731    0.7728   0.9208 0.1440 0.1229 0.0960 0.0699 0.0591 0.0420     0    0
    521   0.03028    1.0802   1.1542 0.1479 0.0999 0.0816 0.0667 0.0588 0.0474     1    1
    525   0.02741    1.1505   1.2245 0.1641 0.1175 0.1115 0.0638 0.0608 0.0365     0    0
    529   0.02261    1.0213   1.0953 0.1222 0.0987 0.0805 0.0787 0.0656 0.0458     0    0
    533   0.02330    0.8382   0.9122 0.1086 0.0851 0.0707 0.0673 0.0616 0.0444     1    1
    537   0.04074    0.9993   1.1009 0.1473 0.1120 0.1036 0.0741 0.0738 0.0594     0    0
    541   0.03497    1.3841   1.7788 0.1840 0.1540 0.1159 0.0890 0.0696 0.0442     0    0
    545   0.03700    1.1428   1.2168 0.1344 0.1142 0.0801 0.0674 0.0532 0.0419     0    0
    549   0.04193    0.8721   1.0201 0.1072 0.0842 0.0748 0.0657 0.0605 0.0520     0    0
    553   0.02803    1.5040   1.6890 0.1482 0.1081 0.1049 0.0718 0.0524 0.0482     1    1
    557   0.01647    1.9983   2.2203 0.1743 0.1353 0.1060 0.0807 0.0869 0.0402     1    1
    561   0.04589    1.1136   1.2400 0.1711 0.1170 0.1180 0.0946 0.0889 0.0638     0    0
    565   0.03134    2.3367   2.4847 0.2060 0.1599 0.1507 0.1170 0.1026 0.0704     0    0
    569   0.02508    0.9923   1.0663 0.1203 0.0875 0.0731 0.0677 0.0578 0.0477     0    0
    573   0.03236    2.2984   2.5204 0.1426 0.1274 0.1187 0.0819 0.0807 0.0576     1    1
    577   0.02642    1.1125   1.1865 0.1194 0.1008 0.0922 0.0749 0.0611 0.0552     0    0
    581   0.05495    1.5923   1.7084 0.1759 0.1258 0.1025 0.0825 0.0881 0.0679     0    0
    585   0.02191    1.5528   1.7025 0.1528 0.1303 0.1178 0.1025 0.0945 0.0529     0    0
    589   0.03419    0.7709   0.8616 0.1077 0.0926 0.0907 0.0721 0.0655 0.0537     0    0
    593   0.02486    1.0555   1.2517 0.1359 0.1475 0.1109 0.0836 0.0783 0.0520     1    1
    597   0.02908    1.3228   1.4338 0.1471 0.1046 0.0960 0.0844 0.0673 0.0473     0    0
    601   0.02845    1.5407   1.6887 0.1493 0.1101 0.0958 0.0968 0.0737 0.0486     0    0
    605   0.01858    1.0101   1.2188 0.0935 0.0727 0.0706 0.0576 0.0458 0.0409     0    0
    609   0.03607    1.2859   1.5196 0.1524 0.1329 0.1040 0.0922 0.0794 0.0615     0    0
    613   0.03837    0.9840   1.2319 0.1207 0.1058 0.1036 0.0805 0.0765 0.0664     0    0
    617   0.02848    0.9870   1.2631 0.1420 0.1020 0.0928 0.0803 0.0708 0.0522     0    0
    621   0.04124    1.1653   1.2393 0.1254 0.1217 0.0846 0.0898 0.0747 0.0580     0    0
    625   0.02768    2.0428   2.3758 0.2180 0.1755 0.1507 0.1214 0.1073 0.0463     0    0
    629   0.03602    0.9448   1.0452 0.1249 0.0836 0.0821 0.0724 0.0655 0.0529     0    0
    633   0.02961    1.6199   1.8789 0.2172 0.1560 0.1398 0.0977 0.0710 0.0631     0    0
    637   0.03835    0.8838   1.0318 0.1121 0.0751 0.0856 0.0706 0.0640 0.0537     0    0
    641   0.04552    1.0299   1.1039 0.1404 0.1060 0.0973 0.0802 0.0698 0.0602     0    0
    645   0.03052    1.2577   1.5022 0.1528 0.1100 0.0943 0.0864 0.0867 0.0475     0    0
    649   0.03346    0.9026   1.0897 0.1234 0.1035 0.0980 0.0750 0.0675 0.0545     0    0
    653   0.03990    1.7176   1.9026 0.1403 0.1061 0.0985 0.0881 0.0742 0.0546     0    0
    657   0.02859    1.5548   1.6658 0.1509 0.1149 0.1037 0.0847 0.0747 0.0596     1    1
    661   0.03523    0.8684   0.9662 0.1306 0.0918 0.0820 0.0694 0.0681 0.0492     0    0
    665   0.03733    1.1215   1.1955 0.1154 0.0938 0.0950 0.0734 0.0719 0.0600     0    0
    669   0.03613    1.1569   1.2563 0.1212 0.1021 0.0977 0.0873 0.0729 0.0579     0    0
    673   0.02432    0.5652   0.7407 0.1000 0.0758 0.0714 0.0595 0.0580 0.0399     0    0
    677   0.04363    1.5129   1.6239 0.1373 0.1116 0.0964 0.0753 0.0704 0.0495     0    0
    681   0.04439    1.3484   1.4964 0.1494 0.1081 0.0853 0.0789 0.0731 0.0626     0    0
    685   0.03443    1.1775   1.2515 0.1267 0.1173 0.0936 0.0825 0.0739 0.0528     0    0
    689   0.03941    0.9180   0.9920 0.1389 0.0936 0.0822 0.0709 0.0717 0.0572     0    0
    693   0.04274    1.5568   1.8449 0.1989 0.1588 0.1204 0.0992 0.0875 0.0613     0    0
    697   0.03460    1.3887   1.4997 0.1746 0.1574 0.1326 0.1239 0.0958 0.0600     0    0
    701   0.03701    1.2727   1.4577 0.1544 0.1063 0.1112 0.0817 0.0827 0.0615     1    1
    705   0.01905    1.1123   1.3995 0.1625 0.1218 0.1141 0.0836 0.0715 0.0555     0    0
    709   0.02017    1.1925   1.3775 0.1097 0.1001 0.0936 0.0752 0.0653 0.0333     0    0
    713   0.03963    1.3538   1.4648 0.1393 0.1041 0.1076 0.0747 0.0665 0.0583     0    0
    717   0.02299    1.0634   1.1995 0.1271 0.0912 0.0770 0.0711 0.0634 0.0504     0    0
    721   0.02927    0.5620   0.6292 0.0981 0.0810 0.0786 0.0586 0.0571 0.0459     0    0
    725   0.04031    1.1487   1.2597 0.1517 0.1159 0.0932 0.0770 0.0720 0.0600     0    0
    729   0.03272    1.1027   1.1767 0.1197 0.0826 0.0766 0.0573 0.0597 0.0433     0    0
    733   0.02685    1.4236   1.5346 0.1354 0.1069 0.0899 0.0779 0.0649 0.0561     1    1
    737   0.02212    1.2463   1.3573 0.1075 0.1171 0.0826 0.0661 0.0496 0.0419     1    1
    741   0.02630    1.4380   1.6349 0.1855 0.1273 0.1025 0.0901 0.0900 0.0591     0    0
    745   0.02324    1.2826   1.4676 0.1660 0.1225 0.0968 0.0780 0.0725 0.0545     0    0
    749   0.02418    0.9194   0.9934 0.1413 0.1094 0.1001 0.0778 0.0668 0.0445     0    0
    753   0.02984    1.2466   1.9583 0.1643 0.1611 0.1445 0.1134 0.0906 0.0469     0    0
    757   0.02909    1.4715   1.5825 0.1304 0.1065 0.0893 0.0682 0.0588 0.0540     0    0
    761   0.02860    0.9508   1.1601 0.1288 0.1021 0.0880 0.0851 0.0656 0.0531     0    0
    765   0.02783    0.8997   1.0145 0.1229 0.1004 0.0804 0.0745 0.0657 0.0478     0    0
    769   0.04256    1.0470   1.3474 0.1386 0.1043 0.0975 0.0777 0.0687 0.0602     0    0
    773   0.02101    1.2693   1.3803 0.1484 0.1370 0.1182 0.0949 0.0840 0.0648     0    0
    777   0.02662    1.5185   1.6665 0.1866 0.1445 0.1171 0.0908 0.0805 0.0420     1    1
    781   0.04232    1.3774   1.5699 0.1811 0.1578 0.1224 0.1015 0.0863 0.0753     0    0
    785   0.03321    1.1651   1.2761 0.1165 0.1061 0.0923 0.0749 0.0697 0.0587     0    0
    789   0.03750    1.0502   1.2980 0.1508 0.1264 0.0962 0.0752 0.0720 0.0592     1    1
    793   0.03030    0.9871   1.0981 0.1052 0.0937 0.0847 0.0643 0.0625 0.0416     0    0
    797   0.03901    1.6782   1.8262 0.1860 0.1563 0.1084 0.0844 0.0701 0.0607     0    0
    801   0.03267    0.7706   0.8920 0.1166 0.0852 0.0773 0.0651 0.0586 0.0399     1    1
    805   0.02979    0.9745   1.0909 0.1211 0.1120 0.0910 0.0769 0.0645 0.0524     0    0
    809   0.02761    1.3867   1.4977 0.1208 0.1205 0.0949 0.0654 0.0526 0.0394     1    1
    813   0.03451    1.6929   1.9519 0.1531 0.1132 0.1048 0.0846 0.0806 0.0599     0    0
    817   0.03704    0.9994   1.0734 0.1324 0.1067 0.1034 0.0903 0.0791 0.0539     0    0
    821   0.02877    0.6219   0.7213 0.1016 0.0702 0.0611 0.0579 0.0526 0.0427     0    0
    825   0.02181    0.9514   1.0624 0.1133 0.1042 0.0762 0.0603 0.0510 0.0363     0    0
    829   0.03545    1.0576   1.1316 0.1271 0.1044 0.0922 0.0834 0.0674 0.0527     1    1
    833   0.03729    2.3314   2.5164 0.2020 0.1726 0.1289 0.1067 0.0818 0.0601     0    0
    837   0.04074    1.2244   1.3354 0.1648 0.1223 0.1007 0.0903 0.0758 0.0584     1    1
    841   0.03449    0.8479   0.9338 0.1260 0.0914 0.0799 0.0737 0.0621 0.0502     0    0
    845   0.03207    0.8620   1.1580 0.1288 0.1428 0.1173 0.0971 0.0848 0.0493     0    0
    849   0.02708    1.5149   1.6259 0.1435 0.1116 0.1016 0.0962 0.0867 0.0640     0    0
    853   0.03201    1.6935   2.0265 0.1946 0.1467 0.1085 0.0840 0.0803 0.0626     0    0
    857   0.04127    0.8570   0.9310 0.1117 0.0954 0.0870 0.0700 0.0646 0.0527     0    0
    861   0.01888    1.3245   1.4355 0.1126 0.1047 0.0853 0.0667 0.0526 0.0428     0    0
    865   0.03461    0.9289   1.1509 0.1040 0.0818 0.0727 0.0617 0.0626 0.0492     1    1
    869   0.03513    1.4522   1.5632 0.1516 0.1056 0.1046 0.0847 0.0790 0.0564     0    0
    873   0.02457    1.3054   1.4575 0.1501 0.1142 0.1050 0.0718 0.0568 0.0512     1    1
    877   0.02829    1.0417   1.1224 0.1405 0.1063 0.0858 0.0673 0.0666 0.0488     1    1
    881   0.03540    1.5029   1.6139 0.1429 0.1039 0.0935 0.0791 0.0652 0.0564     0    0
    885   0.02952    1.2390   1.3500 0.1072 0.0988 0.0766 0.0700 0.0698 0.0507     0    0
    889   0.02950    1.3333   1.4443 0.1473 0.1308 0.0960 0.0778 0.0694 0.0519     1    1
    893   0.03856    1.2919   1.5257 0.1607 0.1155 0.0852 0.0748 0.0778 0.0590     0    0
    897   0.04098    1.1547   1.3397 0.1451 0.1093 0.0961 0.0844 0.0797 0.0636     0    0
    901   0.03354    1.3106   1.4216 0.1372 0.1030 0.0810 0.0786 0.0629 0.0548     0    0
    905   0.01126    1.0454   1.1194 0.1320 0.1099 0.0922 0.0787 0.0585 0.0454     1    1
    909   0.03006    0.8102   0.9165 0.1242 0.0881 0.0989 0.0761 0.0712 0.0432     1    1
    913   0.03542    1.2821   1.3962 0.1684 0.1107 0.1146 0.0951 0.0714 0.0608     0    0
    917   0.04072    0.6275   0.8261 0.1354 0.0983 0.1026 0.0780 0.0717 0.0557     0    0
    921   0.02852    0.9281   1.0021 0.1216 0.0803 0.0834 0.0690 0.0622 0.0459     1    1
    925   0.02403    1.0017   1.1497 0.1104 0.0837 0.0749 0.0622 0.0550 0.0396     0    0
    929   0.04135    1.1682   1.2422 0.1376 0.1098 0.0862 0.0734 0.0669 0.0579     0    0
    933   0.02513    1.1367   1.3584 0.1644 0.1161 0.0831 0.0630 0.0681 0.0562     0    0
    937   0.03542    1.1005   1.2855 0.1071 0.0925 0.0965 0.0678 0.0702 0.0531     0    0
    941   0.03072    1.4721   1.5831 0.1225 0.1025 0.0853 0.0759 0.0616 0.0485     0    0
    945   0.02532    1.0852   1.1592 0.1132 0.0922 0.0817 0.0738 0.0660 0.0464     0    0
    949   0.03306    1.1876   1.3093 0.1367 0.1031 0.0960 0.0918 0.0735 0.0504     0    0
    953   0.02925    1.1282   1.2022 0.1387 0.1065 0.0747 0.0620 0.0535 0.0443     1    1
    957   0.03021    0.7217   0.8697 0.0994 0.0908 0.0687 0.0604 0.0559 0.0419     0    0
    961   0.02747    0.9122   1.0899 0.1257 0.1010 0.0862 0.0657 0.0609 0.0392     0    0
    965   0.03599    1.2043   1.2912 0.1625 0.1517 0.1240 0.0884 0.0784 0.0488     0    0
    969   0.02709    1.0059   1.0799 0.1245 0.0966 0.0800 0.0669 0.0625 0.0448     2    1
    973   0.02699    1.1560   1.3458 0.1426 0.1141 0.0924 0.0807 0.0666 0.0468     0    0
    977   0.03006    2.0945   2.2425 0.1784 0.1552 0.1218 0.1024 0.0822 0.0601     0    0
    981   0.02750    1.4119   1.5229 0.1301 0.0834 0.0843 0.0684 0.0629 0.0440     1    1
    985   0.02841    1.0783   1.2633 0.1107 0.0910 0.0829 0.0654 0.0540 0.0455     1    1
    989   0.02690    1.0597   1.2077 0.1364 0.1217 0.0935 0.0841 0.0702 0.0481     0    0
    993   0.02329    1.1679   1.5016 0.1766 0.1331 0.1139 0.0923 0.0788 0.0570     0    0
    997   0.03946    0.6601   0.9561 0.1400 0.1130 0.1009 0.0755 0.0729 0.0588     1    1
   1001   0.02970    1.6003   1.7113 0.1538 0.0981 0.0939 0.0811 0.0726 0.0520     1    1
   1005   0.03736    1.5650   1.7297 0.1837 0.1244 0.0916 0.0723 0.0678 0.0490     0    0
   1009   0.03409    1.1322   1.2432 0.1180 0.0884 0.0689 0.0750 0.0619 0.0522     0    0
   1013   0.03516    1.1133   1.2243 0.1342 0.1052 0.0933 0.0860 0.0692 0.0527     0    0
   1017   0.03161    1.3637   1.5487 0.1512 0.1354 0.1209 0.0954 0.0745 0.0563     0    0
   1021   0.03301    1.2371   1.3481 0.1314 0.1055 0.0867 0.0726 0.0704 0.0544     0    0
   1025   0.04061    1.1229   1.1969 0.1012 0.0981 0.0893 0.0787 0.0723 0.0476     0    0
   1029   0.04040    1.0944   1.3534 0.1405 0.1107 0.0991 0.0793 0.0750 0.0564     0    0
   1033   0.04126    1.1751   1.2491 0.1377 0.0965 0.0823 0.0647 0.0598 0.0489     0    0
   1037   0.02328    0.7214   0.7954 0.1101 0.0842 0.0768 0.0624 0.0568 0.0437     0    0
   1041   0.04358    1.4873   1.6723 0.1284 0.1234 0.0993 0.0787 0.0652 0.0584     1    1
   1045   0.02800    0.9785   1.1265 0.1250 0.1026 0.0805 0.0762 0.0635 0.0470     0    0
   1049   0.03741    1.1497   1.2237 0.1381 0.0903 0.0774 0.0791 0.0623 0.0478     0    0
   1053   0.03398    1.6918   1.8028 0.1721 0.1234 0.1329 0.0909 0.0851 0.0601     0    0
   1057   0.03927    1.2205   1.3527 0.1481 0.1074 0.1058 0.0862 0.0674 0.0569     0    0
   1061   0.03383    1.0011   1.0751 0.1078 0.0874 0.0910 0.0759 0.0712 0.0543     1    1
   1065   0.03537    0.8568   0.9694 0.1162 0.0827 0.0809 0.0677 0.0684 0.0500     0    0
   1069   0.03513    0.9216   1.0736 0.1239 0.0896 0.0876 0.0811 0.0721 0.0526     0    0
   1073   0.02893    0.8403   0.9342 0.1200 0.0826 0.0921 0.0681 0.0617 0.0468     0    0
   1077   0.02472    1.1659   1.4358 0.1667 0.1349 0.1359 0.1162 0.0987 0.0642     0    0
   1081   0.02717    1.3386   1.5976 0.1289 0.1026 0.0887 0.0711 0.0643 0.0537     1    1
   1085   0.02284    1.1464   1.2944 0.1195 0.1241 0.0913 0.0884 0.0679 0.0574     0    0
   1089   0.03552    1.2970   1.4080 0.1298 0.1250 0.0782 0.0585 0.0581 0.0473     0    0
   1093   0.02793    0.9959   1.1069 0.1186 0.1021 0.0904 0.0704 0.0629 0.0405     0    0
   1097   0.03319    1.3312   1.4422 0.1422 0.0951 0.0831 0.0731 0.0720 0.0429     0    0
   1101   0.04760    1.4592   1.6072 0.1668 0.1168 0.1227 0.0974 0.0869 0.0688     0    0
   1105   0.02795    3.2434   3.6874 0.2929 0.2106 0.1700 0.1389 0.1108 0.0599     0    0
   1109   0.03877    1.1848   1.2958 0.1374 0.1020 0.0765 0.0780 0.0691 0.0481     1    1
   1113   0.04505    1.2124   1.3234 0.1598 0.1280 0.1017 0.0757 0.0757 0.0575     0    0
   1117   0.02318    0.5950   0.7087 0.1019 0.0872 0.0782 0.0621 0.0583 0.0416     0    0
   1121   0.03200    1.0230   1.0970 0.1142 0.0927 0.0713 0.0621 0.0675 0.0489     0    0
   1125   0.02101    1.3476   1.7176 0.1384 0.1175 0.0994 0.0816 0.0746 0.0387     0    0
   1129   0.02173    1.0831   1.3243 0.1645 0.1163 0.0990 0.0630 0.0630 0.0496     0    0
   1133   0.02694    0.7792   0.9266 0.1257 0.0797 0.0830 0.0692 0.0599 0.0463     0    0
   1137   0.03904    1.3220   1.5853 0.1340 0.1127 0.1041 0.0893 0.0729 0.0471     0    0
   1141   0.03578    1.1878   1.3492 0.1334 0.1107 0.1016 0.0767 0.0747 0.0583     0    0
   1145   0.03456    1.6451   1.7561 0.1473 0.1107 0.0848 0.0700 0.0616 0.0489     0    0
   1149   0.03181    0.9358   1.0468 0.1166 0.1135 0.0901 0.0800 0.0724 0.0551     0    0
   1153   0.03064    1.0688   1.1428 0.1201 0.1003 0.0848 0.0725 0.0640 0.0548     0    0
   1157   0.03192    1.1715   1.2455 0.1496 0.1298 0.1124 0.0780 0.0747 0.0503     0    0
   1161   0.02720    1.3413   1.6743 0.1850 0.1273 0.1031 0.0916 0.0809 0.0531     0    0
   1165   0.04479    2.5314   2.7779 0.2645 0.1803 0.1475 0.1059 0.1031 0.0741     3    3
   1169   0.03643    1.3775   1.5255 0.1144 0.0946 0.0939 0.0826 0.0691 0.0475     1    1
   1173   0.03802    1.3370   1.4480 0.1411 0.1053 0.1068 0.0811 0.0727 0.0562     2    1
   1177   0.03258    0.8402   1.0365 0.1466 0.1074 0.0893 0.0689 0.0584 0.0458     0    0
   1181   0.03063    0.6937   1.0075 0.1395 0.1000 0.0746 0.0716 0.0615 0.0471     0    0
   1185   0.02407    0.7185   0.7925 0.1075 0.0902 0.0739 0.0676 0.0655 0.0514     0    0
   1189   0.04551    1.2866   1.3976 0.1627 0.1067 0.0853 0.0735 0.0651 0.0559     0    0
   1193   0.02426    1.1921   1.4511 0.1367 0.1158 0.0990 0.0931 0.0765 0.0579     0    0
   1197   0.02640    1.0118   1.2158 0.1275 0.1052 0.0809 0.0655 0.0621 0.0508     0    0
   1201   0.03585    1.0451   1.4151 0.1517 0.1253 0.0928 0.0732 0.0697 0.0504     0    0
   1205   0.04069    1.0264   1.1004 0.1364 0.1163 0.0866 0.0741 0.0729 0.0566     0    0
   1209   0.03211    1.2878   1.4728 0.1647 0.1078 0.0949 0.0787 0.0710 0.0551     0    0
   1213   0.02884    2.0890   2.3480 0.2028 0.1697 0.1254 0.0920 0.0772 0.0583     0    0
   1217   0.03345    1.1622   1.2362 0.1447 0.1067 0.0843 0.0763 0.0658 0.0461     0    0
   1221   0.02541    1.3461   1.4637 0.1591 0.1108 0.1267 0.0861 0.0702 0.0424     0    0
   1225   0.02852    1.4540   1.5650 0.1167 0.0964 0.0834 0.0813 0.0775 0.0612     1    1
   1229   0.02411    1.2626   1.3366 0.1195 0.0919 0.0799 0.0614 0.0652 0.0395     0    0
   1233   0.03039    1.4581   1.7831 0.1892 0.1170 0.0850 0.0663 0.0603 0.0465     0    0
   1237   0.03223    1.2273   1.4493 0.1639 0.1113 0.0939 0.0879 0.0699 0.0597     2    2
   1241   0.03426    0.7992   1.0606 0.1215 0.0847 0.0752 0.0594 0.0622 0.0458     1    1
   1245   0.04408    1.1151   1.4111 0.1503 0.1218 0.0995 0.0805 0.0775 0.0618     0    0
   1249   0.03054    1.0112   1.0852 0.1097 0.0800 0.0734 0.0694 0.0624 0.0470     0    0
   1253   0.03438    0.9904   1.0993 0.1460 0.1201 0.0970 0.0657 0.0617 0.0505     0    0
   1257   0.03973    1.2622   1.5212 0.1636 0.1186 0.1251 0.0966 0.0998 0.0521     0    0
   1261   0.02272    0.8493   0.9233 0.1267 0.1149 0.0912 0.0715 0.0529 0.0374     0    0
   1265   0.03950    0.8871   0.9611 0.1207 0.0906 0.0763 0.0653 0.0588 0.0473     0    0
   1269   0.02741    1.1655   1.3031 0.1710 0.1100 0.1082 0.0808 0.0646 0.0549     0    0
   1273   0.03576    1.0831   1.2681 0.1378 0.1184 0.1001 0.0771 0.0690 0.0512     1    1
   1277   0.03568    0.8687   1.0582 0.1495 0.1037 0.0825 0.0703 0.0584 0.0456     0    0
   1281   0.03692    1.6116   1.8336 0.1896 0.1533 0.1194 0.0999 0.0959 0.0677     0    0
   1285   0.03106    1.1370   1.3960 0.1720 0.1150 0.0901 0.0760 0.0746 0.0585     0    0
   1289   0.04325    0.8016   0.8756 0.1145 0.1021 0.0974 0.0858 0.0725 0.0577     0    0
   1293   0.03719    1.1928   1.3778 0.1605 0.1301 0.1049 0.0878 0.0716 0.0559     0    0
   1297   0.03049    1.3614   1.5834 0.1323 0.1144 0.0836 0.0727 0.0716 0.0553     1    1
   1301   0.03448    1.3828   1.5978 0.1308 0.0988 0.1003 0.0789 0.0688 0.0631     0    0
   1305   0.03481    0.9193   0.9933 0.1082 0.0929 0.0850 0.0759 0.0723 0.0548     0    0
   1309   0.02765    0.9719   1.0459 0.1114 0.0868 0.0823 0.0693 0.0522 0.0429     0    0
   1313   0.03830    1.3189   1.5039 0.1563 0.1171 0.1101 0.0882 0.0856 0.0720     0    0
   1317   0.02963    1.3812   1.4922 0.1212 0.1095 0.1037 0.0894 0.0737 0.0579     0    0
   1321   0.03931    1.3248   1.5125 0.1440 0.1247 0.1034 0.0784 0.0644 0.0485     0    0
   1325   0.03283    1.0481   1.1221 0.1130 0.1147 0.0941 0.0829 0.0737 0.0565     0    0
   1329   0.04071    1.2287   1.3397 0.1386 0.0871 0.0886 0.0781 0.0730 0.0591     0    0
   1333   0.03554    2.0546   2.3562 0.1865 0.1982 0.1312 0.1019 0.0933 0.0679     0    0
   1337   0.04694    1.4107   1.6327 0.1889 0.1198 0.1104 0.0951 0.0926 0.0678     0    0
   1341   0.04030    1.3589   1.5439 0.1585 0.0988 0.0875 0.0717 0.0733 0.0538     0    0
   1345   0.03069    1.1680   1.2790 0.1747 0.1317 0.1185 0.0876 0.0766 0.0481     0    0
   1349   0.03826    1.2507   1.4357 0.1610 0.1303 0.1122 0.0807 0.0703 0.0549     0    0
   1353   0.02661    1.1125   1.1865 0.1305 0.1347 0.0924 0.0914 0.0784 0.0596     0    0
   1357   0.03634    1.2793   1.3903 0.1412 0.0929 0.0833 0.0743 0.0654 0.0436     0    0
   1361   0.02673    1.0809   1.1919 0.1190 0.0938 0.0917 0.0759 0.0636 0.0450     0    0
   1365   0.03695    0.9195   0.9935 0.1342 0.1016 0.0906 0.0818 0.0760 0.0597     0    0
   1369   0.03663    1.0294   1.2884 0.1491 0.1265 0.0895 0.0704 0.0683 0.0564     0    0
   1373   0.03070    1.9122   2.1342 0.1752 0.1074 0.0906 0.0718 0.0685 0.0624     1    1
   1377   0.02033    0.9803   1.0543 0.1104 0.0969 0.0861 0.0702 0.0648 0.0495     1    1
