J=800 R=400 lambda 3..1999 step 8 (odd only), theta = 0.137
    lam  Lam_long   C(.137)   C(.10) b16    b24    b32    b48    b64    b128    pre6  dbr
      3   0.03710    1.2901   1.4442 0.1408 0.1225 0.0986 0.0769 0.0702 0.0565     0    0
     11   0.04041    1.7378   1.8858 0.1901 0.1359 0.1293 0.1025 0.0922 0.0696     2    1
     19   0.04060    1.3792   1.7870 0.1821 0.1429 0.1318 0.1088 0.0868 0.0657     1    1
     27   0.03706    1.3004   1.4538 0.1412 0.1226 0.0982 0.0768 0.0704 0.0566     0    0
     35   0.03805    1.5467   1.6947 0.1611 0.1632 0.1308 0.1012 0.0838 0.0691     0    0
     43   0.04401    1.5059   1.6169 0.1400 0.1120 0.0939 0.0806 0.0720 0.0631     0    0
     51   0.03886    1.3078   1.6408 0.1780 0.1257 0.1104 0.0836 0.0771 0.0647     0    0
     59   0.04253    1.1944   1.2875 0.1460 0.1147 0.0905 0.0894 0.0818 0.0604     2    2
     67   0.04632    1.1728   1.3578 0.1263 0.1064 0.0886 0.0756 0.0761 0.0605     0    0
     75   0.03731    1.2380   1.3490 0.1444 0.1037 0.0960 0.0802 0.0714 0.0585     0    0
     83   0.03865    1.4488   1.5968 0.1523 0.1178 0.1090 0.0846 0.0691 0.0565     0    0
     91   0.03519    1.0797   1.3004 0.1379 0.1060 0.1009 0.0836 0.0748 0.0647     0    0
     99   0.04010    1.7378   1.8858 0.1901 0.1359 0.1296 0.1025 0.0922 0.0696     1    1
    107   0.04823    1.3433   1.4913 0.1465 0.1175 0.0964 0.0810 0.0726 0.0600     0    0
    115   0.04618    1.6225   1.7335 0.1473 0.1246 0.0999 0.0962 0.0814 0.0651     0    0
    123   0.05374    2.0173   2.2393 0.2086 0.1368 0.1175 0.0894 0.0842 0.0697     0    0
    131   0.04907    1.5044   1.7264 0.1728 0.1287 0.1028 0.0931 0.0815 0.0661     3    3
    139   0.04271    1.3335   1.4445 0.1815 0.1232 0.1058 0.0843 0.0726 0.0665     0    0
    147   0.04098    1.3094   1.4204 0.1532 0.1165 0.1084 0.0880 0.0788 0.0647     2    1
    155   0.04185    1.3288   1.5401 0.1747 0.1192 0.1109 0.0800 0.0840 0.0633     0    0
    163   0.03738    1.6751   1.7861 0.1627 0.1292 0.1408 0.0981 0.1025 0.0766     0    0
    171   0.03974    1.3792   1.7868 0.1837 0.1429 0.1318 0.1088 0.0868 0.0659     0    0
    179   0.04515    1.2658   1.6946 0.1790 0.1653 0.1085 0.0834 0.0791 0.0616     1    1
    187   0.04515    1.4897   1.6765 0.1691 0.1469 0.1270 0.0988 0.0821 0.0650     1    1
    195   0.03973    1.2941   1.6378 0.1696 0.1382 0.1126 0.0885 0.0836 0.0691     1    1
    203   0.03707    1.5217   1.7958 0.1729 0.1213 0.1059 0.0818 0.0715 0.0631     0    0
    211   0.04561    1.7363   1.9974 0.1961 0.1623 0.1252 0.0890 0.0844 0.0688     0    0
    219   0.04134    2.0640   2.4661 0.2431 0.1644 0.1413 0.1101 0.1091 0.0753     1    1
    227   0.04326    1.3042   1.4152 0.1754 0.1391 0.1321 0.1092 0.0897 0.0704     0    0
    235   0.03218    1.1250   1.4230 0.1645 0.1277 0.1032 0.0846 0.0747 0.0622     1    1
    243   0.03799    1.3036   1.4567 0.1413 0.1227 0.0981 0.0768 0.0705 0.0563     1    1
    251   0.03843    1.3489   1.4599 0.1488 0.1159 0.1081 0.0886 0.0828 0.0611     1    1
    259   0.04035    1.5489   1.8079 0.1723 0.1534 0.1136 0.1040 0.0955 0.0697     0    0
    267   0.04114    1.5824   1.6934 0.1837 0.1236 0.1067 0.0828 0.0772 0.0681     0    0
    275   0.03984    1.3449   1.4559 0.1402 0.1137 0.0922 0.0807 0.0742 0.0602     3    2
    283   0.04162    1.5660   1.6770 0.1390 0.1463 0.1145 0.0903 0.0806 0.0666     1    1
    291   0.04228    2.0445   2.1925 0.1743 0.1325 0.1100 0.0899 0.0779 0.0681     0    0
    299   0.03572    1.1873   1.3723 0.1634 0.1310 0.1026 0.0838 0.0753 0.0615     1    1
    307   0.04783    1.2296   1.5972 0.1706 0.1136 0.1022 0.0856 0.0821 0.0720     0    0
    315   0.03839    1.5474   1.6954 0.1611 0.1638 0.1308 0.0999 0.0838 0.0689     1    1
    323   0.04391    1.1036   1.5595 0.1836 0.1160 0.1152 0.1029 0.0879 0.0709     1    1
    331   0.05246    1.5156   1.8174 0.1940 0.1500 0.1223 0.1111 0.1009 0.0751     0    0
    339   0.03680    1.6331   1.7441 0.1664 0.1405 0.1199 0.1014 0.0829 0.0671     1    1
    347   0.04356    1.7335   1.8445 0.1643 0.1224 0.1163 0.0949 0.0831 0.0661     3    2
    355   0.04651    1.2928   1.5780 0.1580 0.1476 0.1058 0.0878 0.0776 0.0694     0    0
    363   0.04494    2.4394   2.7354 0.2056 0.1654 0.1313 0.1033 0.0913 0.0697     0    0
    371   0.03651    1.1573   1.2313 0.1351 0.1149 0.0984 0.0867 0.0819 0.0619     0    0
    379   0.04463    1.6225   1.7335 0.1380 0.1219 0.1097 0.0923 0.0785 0.0682     1    1
    387   0.04497    1.5145   1.6255 0.1379 0.1131 0.0943 0.0774 0.0735 0.0607     0    0
    395   0.04277    1.2833   1.4683 0.1536 0.1379 0.1038 0.0901 0.0787 0.0718     1    1
    403   0.04113    2.2362   2.5322 0.2240 0.1680 0.1433 0.1076 0.0974 0.0713     0    0
    411   0.03913    1.5192   1.6302 0.1352 0.1215 0.0946 0.0821 0.0764 0.0695     0    0
    419   0.04954    1.6063   1.7201 0.1525 0.1554 0.1137 0.1058 0.0938 0.0714     0    0
    427   0.03386    1.3771   1.9455 0.1922 0.1545 0.1202 0.0892 0.0818 0.0667     0    0
    435   0.04346    1.1894   1.4396 0.1610 0.1090 0.1080 0.0944 0.0849 0.0697     1    1
    443   0.04288    1.4615   1.6465 0.1688 0.1194 0.1071 0.0873 0.0754 0.0647     4    2
    451   0.04148    1.2629   1.3739 0.1359 0.1077 0.0980 0.0832 0.0729 0.0557     0    0
    459   0.04020    1.2799   1.6129 0.1763 0.1274 0.1096 0.0830 0.0767 0.0646     0    0
    467   0.04805    1.8069   1.9549 0.1804 0.1421 0.1194 0.0960 0.0822 0.0654     0    0
    475   0.03295    1.2704   1.5263 0.1647 0.1311 0.1040 0.0836 0.0789 0.0635     0    0
    483   0.03865    1.4744   1.9184 0.2005 0.1611 0.1183 0.0933 0.0894 0.0751     0    0
    491   0.04532    1.3852   1.6442 0.1767 0.1364 0.1193 0.0983 0.0812 0.0623     1    1
    499   0.04234    1.0618   1.1795 0.1205 0.1179 0.1058 0.0850 0.0753 0.0591     1    1
    507   0.03684    1.1752   1.2633 0.1415 0.1134 0.1151 0.0873 0.0739 0.0678     0    0
    515   0.04553    1.3071   1.4234 0.1395 0.1137 0.0914 0.0837 0.0744 0.0644     0    0
    523   0.03619    0.9844   1.1953 0.1310 0.1040 0.0974 0.0800 0.0774 0.0636     1    1
    531   0.04097    1.1916   1.2862 0.1457 0.1147 0.0949 0.0914 0.0820 0.0607     1    1
    539   0.04195    1.1904   1.3014 0.1480 0.1090 0.0904 0.0782 0.0774 0.0571     0    0
    547   0.03660    1.6889   1.7999 0.1858 0.1455 0.1311 0.1016 0.0957 0.0692     0    0
    555   0.04384    1.3941   1.6376 0.1778 0.1451 0.1270 0.0981 0.0953 0.0779     0    0
    563   0.03859    1.0364   1.1228 0.1533 0.1216 0.1018 0.0810 0.0728 0.0580     0    0
    571   0.03716    1.4295   1.5965 0.1754 0.1274 0.1068 0.0958 0.0977 0.0786     0    0
    579   0.04620    2.2694   2.4914 0.2071 0.1282 0.1029 0.0890 0.0778 0.0684     1    1
    587   0.04370    1.3757   1.9307 0.2164 0.1566 0.1182 0.0863 0.0762 0.0635     0    0
    595   0.03666    2.3745   2.5225 0.2192 0.1496 0.1267 0.1111 0.1043 0.0715     1    1
    603   0.04535    1.1722   1.3572 0.1300 0.1088 0.0887 0.0782 0.0763 0.0614     0    0
    611   0.04265    1.7117   1.9132 0.1697 0.1310 0.1022 0.0948 0.0802 0.0724     1    1
    619   0.04385    1.1866   1.3346 0.1580 0.1195 0.0951 0.0874 0.0750 0.0635     0    0
    627   0.03941    1.3616   1.4726 0.1613 0.1172 0.1179 0.0896 0.0909 0.0704     0    0
    635   0.03843    1.0277   1.3607 0.1417 0.1305 0.1052 0.0920 0.0786 0.0647     2    2
    643   0.04031    1.4095   1.7425 0.1570 0.1435 0.1043 0.0903 0.0800 0.0641     0    0
