J=800 R=400 lambda 1..1999 step 10 (odd only), theta = 0.137
    lam  Lam_long   C(.137)   C(.10) b16    b24    b32    b48    b64    b128    pre6  dbr
      1   0.03324    0.8810   1.0099 0.1070 0.1086 0.0863 0.0703 0.0597 0.0540     0    0
     11   0.04041    1.7378   1.8858 0.1901 0.1359 0.1293 0.1025 0.0922 0.0696     2    1
     21   0.04088    1.7533   1.8643 0.1641 0.1164 0.1125 0.0897 0.0855 0.0667     1    1
     31   0.03990    1.9899   2.1379 0.1819 0.1436 0.1277 0.1071 0.0951 0.0712     0    0
     41   0.04871    1.5513   1.7681 0.1992 0.1496 0.1329 0.1049 0.0893 0.0677     1    1
     51   0.03886    1.3078   1.6408 0.1780 0.1257 0.1104 0.0836 0.0771 0.0647     0    0
     61   0.03683    1.7919   2.1619 0.1913 0.1610 0.1250 0.1051 0.0905 0.0685     1    1
     71   0.04258    1.3111   1.8043 0.1866 0.1567 0.1232 0.1010 0.0955 0.0713     0    0
     81   0.03331    0.8469   1.0392 0.1043 0.1140 0.0850 0.0701 0.0595 0.0546     0    0
     91   0.03519    1.0797   1.3004 0.1379 0.1060 0.1009 0.0836 0.0748 0.0647     0    0
    101   0.04136    1.5162   1.6272 0.1911 0.1386 0.1213 0.0882 0.0875 0.0607     0    0
    111   0.05147    2.2093   2.5423 0.2028 0.1445 0.1156 0.0970 0.0899 0.0708     1    1
    121   0.04308    1.6906   1.8016 0.1996 0.1608 0.1252 0.0989 0.0879 0.0694     0    0
    131   0.04907    1.5044   1.7264 0.1728 0.1287 0.1028 0.0931 0.0815 0.0661     3    3
    141   0.03246    1.3643   1.4753 0.1290 0.1100 0.0869 0.0736 0.0730 0.0581     1    1
    151   0.04192    1.3851   1.9341 0.2147 0.1627 0.1371 0.1171 0.1045 0.0814     0    0
    161   0.04282    1.5053   1.6533 0.1616 0.1230 0.1107 0.0946 0.0816 0.0636     0    0
    171   0.03974    1.3792   1.7868 0.1837 0.1429 0.1318 0.1088 0.0868 0.0659     0    0
    181   0.04078    1.4201   1.5311 0.1372 0.1138 0.0981 0.0836 0.0707 0.0599     0    0
    191   0.04519    2.3655   2.6156 0.2340 0.1697 0.1348 0.0979 0.0974 0.0756     1    1
    201   0.04025    1.1870   1.4107 0.1348 0.1040 0.1082 0.0826 0.0705 0.0634     1    1
    211   0.04561    1.7363   1.9974 0.1961 0.1623 0.1252 0.0890 0.0844 0.0688     0    0
    221   0.03754    1.5553   1.9253 0.1735 0.1270 0.1077 0.0869 0.0717 0.0651     0    0
    231   0.03819    1.5435   1.8119 0.1964 0.1544 0.1194 0.0927 0.0835 0.0706     0    0
    241   0.04040    1.7093   1.8203 0.1859 0.1360 0.1116 0.0892 0.0865 0.0701     0    0
    251   0.03843    1.3489   1.4599 0.1488 0.1159 0.1081 0.0886 0.0828 0.0611     1    1
    261   0.03890    1.0280   1.1020 0.1373 0.1363 0.1085 0.0881 0.0737 0.0638     2    1
    271   0.03977    1.6289   1.8718 0.1594 0.1291 0.1119 0.0858 0.0727 0.0608     0    0
    281   0.04388    1.4629   1.6479 0.1763 0.1312 0.0999 0.0855 0.0877 0.0651     0    0
    291   0.04228    2.0445   2.1925 0.1743 0.1325 0.1100 0.0899 0.0779 0.0681     0    0
    301   0.04088    1.6119   1.9819 0.1992 0.1483 0.1229 0.0864 0.0753 0.0618     0    0
    311   0.04566    2.3335   2.8515 0.2606 0.1689 0.1716 0.1197 0.1121 0.0861     0    0
    321   0.04598    1.2852   1.3962 0.1536 0.1074 0.0871 0.0863 0.0761 0.0640     0    0
    331   0.05246    1.5156   1.8174 0.1940 0.1500 0.1223 0.1111 0.1009 0.0751     0    0
    341   0.04519    1.0876   1.2726 0.1295 0.1048 0.0893 0.0865 0.0771 0.0623     3    2
    351   0.04544    1.4026   1.5136 0.1717 0.1368 0.1127 0.0976 0.0879 0.0735     1    1
    361   0.03220    1.7014   1.9974 0.1768 0.1299 0.1071 0.0957 0.0800 0.0638     0    0
    371   0.03651    1.1573   1.2313 0.1351 0.1149 0.0984 0.0867 0.0819 0.0619     0    0
    381   0.03996    1.3185   1.4295 0.1490 0.1254 0.1048 0.0871 0.0803 0.0671     0    0
    391   0.04475    1.3688   1.5677 0.1604 0.1214 0.1053 0.0851 0.0860 0.0694     1    1
    401   0.03666    2.0649   2.3609 0.2192 0.1657 0.1280 0.0982 0.0870 0.0741     0    0
    411   0.03913    1.5192   1.6302 0.1352 0.1215 0.0946 0.0821 0.0764 0.0695     0    0
    421   0.03856    1.3320   1.4430 0.1621 0.1233 0.1082 0.0913 0.0774 0.0689     1    1
    431   0.04850    1.3258   1.4539 0.1692 0.1312 0.1192 0.1105 0.1021 0.0685     0    0
    441   0.04227    1.5566   1.8896 0.1647 0.1163 0.0981 0.0895 0.0739 0.0650     2    1
    451   0.04148    1.2629   1.3739 0.1359 0.1077 0.0980 0.0832 0.0729 0.0557     0    0
    461   0.04250    1.2743   1.4502 0.1646 0.1293 0.1120 0.0966 0.0856 0.0621     0    0
    471   0.03807    1.0150   1.0890 0.1143 0.1101 0.0840 0.0773 0.0678 0.0615     0    0
    481   0.03361    1.6420   1.8095 0.1967 0.1393 0.1174 0.1028 0.0700 0.0588     1    1
    491   0.04532    1.3852   1.6442 0.1767 0.1364 0.1193 0.0983 0.0812 0.0623     1    1
    501   0.04288    1.1610   1.4124 0.1613 0.1265 0.1107 0.0926 0.0919 0.0665     0    0
    511   0.03712    2.1389   2.2869 0.1737 0.1330 0.1115 0.0924 0.0839 0.0751     0    0
    521   0.04553    1.5167   1.8127 0.1401 0.1216 0.1017 0.0894 0.0870 0.0659     0    0
    531   0.04097    1.1916   1.2862 0.1457 0.1147 0.0949 0.0914 0.0820 0.0607     1    1
    541   0.03710    1.3718   1.5568 0.1554 0.1123 0.1004 0.0787 0.0858 0.0643     0    0
    551   0.03591    1.0058   1.1753 0.1453 0.1161 0.1120 0.0960 0.0844 0.0614     0    0
    561   0.04241    1.7635   1.8745 0.1805 0.1495 0.1209 0.1049 0.0907 0.0646     2    2
    571   0.03716    1.4295   1.5965 0.1754 0.1274 0.1068 0.0958 0.0977 0.0786     0    0
    581   0.04183    1.2628   1.4901 0.1479 0.1298 0.1162 0.0866 0.0768 0.0591     0    0
    591   0.04110    1.1646   1.3868 0.1620 0.1322 0.0976 0.0989 0.0876 0.0648     1    1
    601   0.03868    0.9086   0.9826 0.1103 0.1037 0.0844 0.0777 0.0711 0.0591     0    0
    611   0.04265    1.7117   1.9132 0.1697 0.1310 0.1022 0.0948 0.0802 0.0724     1    1
    621   0.04553    1.7838   1.8948 0.1842 0.1263 0.1075 0.0921 0.0961 0.0717     0    0
    631   0.04305    1.1691   1.4281 0.1682 0.1139 0.1043 0.0958 0.0849 0.0628     1    1
    641   0.04570    1.2923   1.4033 0.1426 0.1208 0.0901 0.0808 0.0688 0.0600     0    0
    651   0.03263    1.2807   1.3917 0.1345 0.1167 0.1004 0.0878 0.0682 0.0594     0    0
    661   0.04418    1.8654   2.1401 0.1812 0.1460 0.1313 0.0970 0.0847 0.0692     0    0
    671   0.03533    0.8857   1.0337 0.1288 0.0905 0.0772 0.0693 0.0651 0.0528     0    0
    681   0.04338    1.7174   1.9394 0.1860 0.1435 0.1268 0.1056 0.0812 0.0635     1    1
    691   0.04582    1.5270   1.6750 0.1728 0.1210 0.1193 0.0954 0.0943 0.0756     0    0
    701   0.03749    1.4184   1.5556 0.1486 0.1106 0.1132 0.0934 0.0811 0.0616     3    2
    711   0.03185    1.0070   1.2232 0.1461 0.1175 0.1189 0.0922 0.0878 0.0551     0    0
    721   0.03768    1.0851   1.1824 0.1282 0.1075 0.0968 0.0799 0.0755 0.0621     0    0
    731   0.04306    1.2496   1.3606 0.1668 0.1174 0.1091 0.0939 0.0942 0.0635     1    1
    741   0.04399    1.5528   2.0019 0.2169 0.1834 0.1258 0.0880 0.0818 0.0594     0    0
    751   0.04306    1.3831   1.5681 0.1693 0.1234 0.1136 0.1004 0.0807 0.0692     1    1
    761   0.03191    1.1462   1.4052 0.1379 0.1129 0.1073 0.0832 0.0736 0.0574     0    0
    771   0.04019    1.0545   1.1906 0.1559 0.1154 0.0971 0.0819 0.0734 0.0676     0    0
    781   0.04152    1.3623   1.6213 0.1707 0.1185 0.1174 0.0934 0.0824 0.0658     0    0
    791   0.03295    1.2943   1.4053 0.1547 0.1475 0.1343 0.1179 0.1078 0.0744     1    1
    801   0.03928    1.6986   1.8701 0.1709 0.1466 0.1294 0.0998 0.0867 0.0713     0    0
    811   0.03547    1.0432   1.2282 0.1370 0.1090 0.0854 0.0815 0.0717 0.0573     0    0
    821   0.04208    3.2312   4.0822 0.2844 0.2582 0.2060 0.1609 0.1313 0.0912     2    1
    831   0.04321    1.0020   1.1870 0.1436 0.0960 0.0800 0.0830 0.0657 0.0533     2    2
    841   0.04579    1.3775   1.7156 0.1890 0.1446 0.1164 0.0985 0.0867 0.0683     0    0
    851   0.03787    2.3051   2.5791 0.1797 0.1364 0.1255 0.1171 0.0826 0.0596     1    1
    861   0.04016    1.3867   1.4977 0.1546 0.1075 0.0961 0.0805 0.0750 0.0627     0    0
    871   0.03812    1.4777   1.5887 0.1601 0.1215 0.1070 0.0911 0.0752 0.0641     0    0
    881   0.03817    1.4999   1.6109 0.1620 0.1430 0.1196 0.0964 0.0865 0.0703     0    0
    891   0.03867    1.7395   1.8875 0.1881 0.1350 0.1290 0.1012 0.0918 0.0692     0    0
    901   0.03903    1.9774   2.4214 0.2290 0.1781 0.1465 0.1145 0.0955 0.0719     1    1
    911   0.04505    1.4936   1.7156 0.1730 0.1168 0.1092 0.0809 0.0860 0.0619     2    1
    921   0.05086    1.4695   1.6175 0.1537 0.1374 0.1059 0.0844 0.0820 0.0694     0    0
    931   0.03376    1.0813   1.1553 0.1344 0.1123 0.0989 0.0851 0.0777 0.0653     1    1
    941   0.03583    1.0535   1.1275 0.1389 0.1106 0.0989 0.0805 0.0740 0.0631     0    0
    951   0.03700    1.1951   1.4911 0.1442 0.1087 0.0923 0.0844 0.0699 0.0602     1    1
    961   0.04681    1.6134   1.7244 0.1605 0.1218 0.0979 0.0943 0.0848 0.0686     0    0
    971   0.03978    1.1002   1.4171 0.1766 0.1464 0.1150 0.1002 0.0883 0.0778     0    0
    981   0.04306    1.3116   1.4226 0.1391 0.1201 0.1297 0.0946 0.0802 0.0689     1    1
    991   0.04004    1.1262   1.2372 0.1183 0.1021 0.0927 0.0763 0.0703 0.0567     0    0
   1001   0.03623    1.1174   1.1914 0.1476 0.1172 0.0981 0.0862 0.0887 0.0615     0    0
   1011   0.03939    1.3740   1.5590 0.1716 0.1133 0.1070 0.0898 0.0813 0.0603     0    0
   1021   0.04293    1.4576   1.6875 0.1712 0.1406 0.1123 0.0957 0.0790 0.0662     0    0
   1031   0.03969    1.3090   1.4940 0.1846 0.1331 0.1095 0.0820 0.0739 0.0633     0    0
   1041   0.04944    1.1170   1.2507 0.1558 0.1107 0.1057 0.0937 0.0809 0.0672     0    0
   1051   0.04038    1.4421   1.5913 0.1537 0.1071 0.1134 0.0892 0.0825 0.0665     0    0
   1061   0.03276    2.2060   2.3910 0.2163 0.1701 0.1411 0.1079 0.0835 0.0613     2    2
   1071   0.04164    1.1388   1.2868 0.1403 0.1063 0.1055 0.0910 0.0743 0.0590     1    1
   1081   0.04150    1.6559   1.7669 0.1800 0.1338 0.1220 0.0932 0.0827 0.0647     0    0
   1091   0.03480    1.6204   1.7314 0.1769 0.1276 0.1312 0.0963 0.0748 0.0626     0    0
   1101   0.03819    1.3986   1.6227 0.1858 0.1557 0.1288 0.1010 0.1002 0.0691     0    0
   1111   0.05172    1.4523   1.5633 0.1642 0.1312 0.1349 0.0993 0.0928 0.0732     2    2
   1121   0.04478    1.1741   1.4003 0.1563 0.1373 0.1218 0.0869 0.0854 0.0674     0    0
   1131   0.03902    1.6845   1.9310 0.1685 0.1755 0.1502 0.1002 0.0849 0.0644     0    0
   1141   0.04480    1.8477   2.1453 0.2058 0.1611 0.1209 0.0937 0.0855 0.0711     0    0
   1151   0.04413    1.7244   2.0944 0.2092 0.1648 0.1301 0.0934 0.0888 0.0743     0    0
   1161   0.04291    1.1874   1.2984 0.1235 0.1185 0.1020 0.0825 0.0682 0.0571     0    0
   1171   0.04575    1.5031   1.6511 0.1834 0.1333 0.1047 0.0847 0.0731 0.0666     0    0
   1181   0.03885    1.4558   1.7003 0.1870 0.1443 0.1312 0.1148 0.0969 0.0620     0    0
   1191   0.04375    1.6227   1.7337 0.1661 0.1302 0.1163 0.0888 0.0827 0.0715     0    0
   1201   0.04591    1.1240   1.2350 0.1393 0.0978 0.0970 0.0792 0.0692 0.0610     0    0
   1211   0.04121    1.6506   1.9954 0.1732 0.1816 0.1599 0.1240 0.1081 0.0780     0    0
   1221   0.04775    1.2663   1.4883 0.1580 0.1192 0.1056 0.0850 0.0852 0.0705     0    0
   1231   0.04628    1.4416   1.7267 0.1759 0.1513 0.1314 0.1144 0.0988 0.0743     0    0
   1241   0.03378    1.7605   1.9085 0.1608 0.1116 0.0921 0.0749 0.0756 0.0666     1    1
   1251   0.04412    1.4207   1.5687 0.1814 0.1277 0.1058 0.0843 0.0727 0.0674     0    0
   1261   0.03749    1.8114   2.0112 0.1926 0.1525 0.1308 0.1031 0.0898 0.0664     0    0
   1271   0.03631    1.5549   1.7399 0.1503 0.1368 0.1172 0.1065 0.0833 0.0684     0    0
   1281   0.03348    1.3464   1.4678 0.1667 0.1261 0.1117 0.0825 0.0694 0.0611     0    0
   1291   0.04446    1.3417   1.7632 0.1814 0.1410 0.1384 0.1070 0.0947 0.0702     0    0
   1301   0.03527    1.1499   1.2239 0.1176 0.0923 0.0823 0.0679 0.0665 0.0579     0    0
   1311   0.04340    0.9998   1.1135 0.1322 0.1175 0.0996 0.0934 0.0804 0.0659     2    1
   1321   0.03786    1.1823   1.2563 0.1310 0.1039 0.0890 0.0721 0.0689 0.0587     0    0
   1331   0.03953    1.3511   1.6351 0.1554 0.1375 0.1187 0.0811 0.0878 0.0622     0    0
   1341   0.03979    1.1773   1.3054 0.1599 0.1327 0.1069 0.0967 0.0709 0.0646     0    0
   1351   0.04728    1.2367   1.3655 0.1494 0.1088 0.1050 0.0884 0.0854 0.0613     1    1
   1361   0.04051    1.4838   1.7767 0.1596 0.1408 0.1106 0.0967 0.0883 0.0571     0    0
   1371   0.03828    1.1585   1.2325 0.1622 0.1139 0.0982 0.0743 0.0701 0.0550     0    0
   1381   0.05117    1.1293   1.2500 0.1489 0.1326 0.0951 0.0863 0.0826 0.0693     1    1
   1391   0.04474    1.1490   1.3519 0.1493 0.1167 0.0963 0.0795 0.0748 0.0630     1    1
   1401   0.05070    1.5855   1.7335 0.1795 0.1459 0.1089 0.0957 0.0914 0.0686     0    0
   1411   0.05269    3.0377   3.7719 0.2840 0.2125 0.1669 0.1720 0.1333 0.0949     0    0
   1421   0.04513    1.3165   1.4275 0.1503 0.1213 0.1067 0.0929 0.0804 0.0588     0    0
   1431   0.04909    1.0703   1.1623 0.1242 0.1110 0.0918 0.0796 0.0742 0.0655     1    1
   1441   0.03405    1.5499   1.7349 0.1651 0.1282 0.1107 0.0831 0.0864 0.0729     1    1
   1451   0.03900    1.4902   1.7492 0.2002 0.1351 0.1215 0.1011 0.0784 0.0658     1    1
   1461   0.04836    1.3446   2.0250 0.1612 0.1688 0.1507 0.1212 0.0970 0.0782     0    0
   1471   0.03901    1.1757   1.2867 0.1336 0.1232 0.1089 0.0826 0.0741 0.0652     0    0
   1481   0.04564    1.1960   1.3070 0.1512 0.1112 0.0976 0.0861 0.0756 0.0585     0    0
   1491   0.03986    1.5029   1.7249 0.1544 0.1297 0.1162 0.0968 0.0883 0.0655     1    1
   1501   0.04085    1.9824   2.1599 0.2079 0.1578 0.1344 0.0994 0.0830 0.0630     0    0
   1511   0.03985    1.7843   1.9323 0.1408 0.1234 0.0993 0.0998 0.0853 0.0616     2    2
   1521   0.03717    1.4616   1.6096 0.1583 0.1185 0.1011 0.0805 0.0809 0.0633     0    0
   1531   0.04044    1.0706   1.2521 0.1463 0.1011 0.1028 0.0800 0.0731 0.0598     2    1
   1541   0.03588    1.3307   1.5036 0.1802 0.1163 0.0883 0.0782 0.0707 0.0582     0    0
   1551   0.04792    1.6837   1.9556 0.2110 0.1520 0.1232 0.1003 0.0869 0.0693     1    1
   1561   0.03518    1.2759   1.4609 0.1538 0.1147 0.0918 0.0796 0.0822 0.0601     0    0
   1571   0.04551    1.2350   1.4280 0.1502 0.1096 0.1066 0.0985 0.0820 0.0643     0    0
   1581   0.04533    1.0920   1.2588 0.1298 0.1136 0.1007 0.0821 0.0766 0.0621     0    0
   1591   0.04463    1.5546   1.7026 0.1412 0.1228 0.1033 0.0972 0.0818 0.0686     0    0
   1601   0.04595    1.3686   1.7756 0.1795 0.1372 0.1218 0.0848 0.0756 0.0590     0    0
   1611   0.04539    1.2743   1.6994 0.1793 0.1588 0.1085 0.0834 0.0778 0.0617     0    0
   1621   0.04212    1.1751   1.3971 0.1398 0.1132 0.0941 0.0797 0.0716 0.0623     1    1
   1631   0.04712    1.5105   1.6585 0.1808 0.1394 0.1294 0.1089 0.1061 0.0745     1    1
   1641   0.03799    1.3335   1.4841 0.1489 0.1495 0.1164 0.0952 0.0874 0.0644     0    0
   1651   0.04517    1.3842   1.6849 0.2053 0.1539 0.1243 0.0922 0.0869 0.0695     1    1
   1661   0.03815    1.2523   1.3633 0.1374 0.1138 0.0975 0.0902 0.0812 0.0608     1    1
   1671   0.03517    1.2433   1.4900 0.1676 0.1179 0.1048 0.0823 0.0781 0.0613     0    0
   1681   0.04005    1.6326   1.7436 0.1602 0.1262 0.1016 0.0851 0.0742 0.0659     0    0
   1691   0.03857    1.5541   1.8871 0.1687 0.1485 0.1206 0.0973 0.0892 0.0724     3    1
   1701   0.04029    1.7532   1.8642 0.1641 0.1163 0.1125 0.0897 0.0860 0.0676     2    1
   1711   0.04717    1.6851   1.8331 0.1388 0.1074 0.0999 0.0881 0.0695 0.0579     0    0
   1721   0.03702    1.6644   1.8124 0.1926 0.1440 0.1165 0.0861 0.0776 0.0564     0    0
   1731   0.04548    1.5206   1.9735 0.2017 0.1600 0.1409 0.1031 0.1002 0.0805     1    1
   1741   0.03988    1.2434   1.4199 0.1458 0.1478 0.1264 0.0887 0.0787 0.0703     1    1
   1751   0.04836    1.0952   1.2062 0.1492 0.1047 0.1012 0.0841 0.0790 0.0645     1    1
   1761   0.04352    1.6114   1.8704 0.1710 0.1432 0.1115 0.0970 0.0913 0.0735     0    0
   1771   0.04061    1.2873   1.5463 0.1742 0.1301 0.1072 0.0838 0.0785 0.0667     0    0
   1781   0.04406    1.4111   1.6701 0.1701 0.1377 0.1183 0.0983 0.0841 0.0699     0    0
   1791   0.04353    1.3011   1.5331 0.1639 0.1187 0.1121 0.0819 0.0720 0.0645     0    0
   1801   0.04216    1.2932   1.5228 0.1575 0.1262 0.1127 0.0888 0.0866 0.0663     0    0
   1811   0.03951    1.3107   1.5296 0.1378 0.1216 0.1035 0.0956 0.0873 0.0672     1    1
   1821   0.03713    1.5253   1.6363 0.1677 0.1242 0.1024 0.0923 0.0806 0.0664     0    0
   1831   0.04042    1.6877   1.9125 0.1939 0.1536 0.1299 0.0977 0.0824 0.0723     0    0
   1841   0.04384    1.4319   1.7557 0.1968 0.1435 0.1117 0.0977 0.0817 0.0642     0    0
   1851   0.04257    2.0833   2.4903 0.2241 0.1498 0.1238 0.1227 0.0929 0.0757     0    0
   1861   0.03930    1.0709   1.1514 0.1348 0.1089 0.1001 0.0868 0.0754 0.0655     0    0
   1871   0.04152    1.1228   1.4188 0.1417 0.1138 0.0970 0.0739 0.0740 0.0579     0    0
   1881   0.04497    1.3675   1.6635 0.1549 0.1319 0.1283 0.1002 0.0874 0.0727     0    0
   1891   0.04126    0.9915   1.2444 0.1356 0.1398 0.1184 0.0881 0.0749 0.0579     1    1
   1901   0.03460    1.7094   1.9260 0.2139 0.1554 0.1210 0.1061 0.0923 0.0705     0    0
   1911   0.03956    1.6081   1.7191 0.1664 0.1370 0.1065 0.0921 0.0916 0.0661     0    0
   1921   0.03931    1.4530   1.7860 0.1821 0.1516 0.1296 0.1002 0.0961 0.0716     0    0
   1931   0.04002    1.9225   2.0705 0.1708 0.1453 0.1169 0.1051 0.0905 0.0727     0    0
   1941   0.04647    1.2977   1.5420 0.1606 0.1261 0.1034 0.1016 0.0899 0.0644     0    0
   1951   0.03181    1.0570   1.1310 0.1178 0.1098 0.0965 0.0746 0.0723 0.0557     0    0
   1961   0.04126    1.1884   1.3501 0.1431 0.1128 0.1006 0.0763 0.0676 0.0577     1    1
   1971   0.04112    2.0650   2.4670 0.2453 0.1651 0.1415 0.1103 0.1096 0.0752     0    0
   1981   0.04126    1.3874   1.4984 0.1595 0.1579 0.1336 0.1024 0.0872 0.0663     3    1
   1991   0.04029    1.1177   1.2657 0.1602 0.1139 0.1198 0.0995 0.0847 0.0608     1    1
# 200 lambda in 473s -> cscan_800_x0.json
