J=1600 R=800 lambda 1..399 step 4 (odd only), theta = 0.137
    lam  Lam_long   C(.137)   C(.10) b16    b24    b32    b48    b64    b128    pre6  dbr
      1   0.04832    1.8131   2.0459 0.1844 0.1316 0.1050 0.1012 0.0887 0.0708     1    1
      5   0.04881    1.3614   1.5464 0.1546 0.1316 0.1091 0.0966 0.0809 0.0692     0    0
      9   0.04854    1.8107   2.0442 0.1843 0.1316 0.1069 0.1012 0.0888 0.0708     1    1
     13   0.04162    1.5602   1.7035 0.1762 0.1395 0.1099 0.0874 0.0818 0.0689     1    1
     17   0.04389    2.6062   2.9668 0.2627 0.1985 0.1630 0.1394 0.1418 0.0959     0    0
     21   0.04347    1.6713   1.8933 0.1883 0.1478 0.1358 0.1204 0.0942 0.0771     1    1
     25   0.04452    1.5052   1.6162 0.1487 0.1343 0.1203 0.0906 0.0825 0.0697     3    2
     29   0.04512    1.3823   1.4933 0.1478 0.1162 0.1020 0.0941 0.0810 0.0703     1    1
     33   0.04338    1.5638   1.7858 0.1787 0.1288 0.1009 0.0849 0.0753 0.0688     2    2
     37   0.04934    2.1417   2.4007 0.2234 0.1732 0.1404 0.1108 0.0968 0.0853     1    1
     41   0.04209    1.2968   1.5919 0.1722 0.1359 0.1287 0.1146 0.0855 0.0697     2    1
     45   0.04814    1.4036   1.5886 0.1546 0.1315 0.1077 0.0966 0.0816 0.0696     0    0
     49   0.04293    1.5017   1.9161 0.1883 0.1479 0.1360 0.1049 0.1066 0.0767     1    1
     53   0.04140    2.3514   2.5504 0.2120 0.1465 0.1232 0.1014 0.0950 0.0724     0    0
     57   0.04929    2.0647   2.2867 0.1903 0.1649 0.1162 0.1028 0.0966 0.0757     0    0
     61   0.04910    1.3853   1.7553 0.1838 0.1439 0.1214 0.1082 0.0953 0.0791     1    1
     65   0.04102    1.6310   1.7420 0.1939 0.1378 0.1233 0.1013 0.0877 0.0692     0    0
     69   0.04635    1.4109   1.5959 0.1728 0.1429 0.1055 0.0958 0.0876 0.0741     3    2
