J=800 R=400 lambda 5..1999 step 10 (odd only), theta = 0.137
    lam  Lam_long   C(.137)   C(.10) b16    b24    b32    b48    b64    b128    pre6  dbr
      5   0.04532    1.1707   1.2718 0.1467 0.1097 0.1087 0.0876 0.0742 0.0661     0    0
     15   0.05146    1.5277   1.8372 0.1850 0.1728 0.1428 0.1269 0.1080 0.0750     0    0
     25   0.03934    1.2909   1.5499 0.1712 0.1169 0.1051 0.0742 0.0712 0.0568     0    0
     35   0.03805    1.5467   1.6947 0.1611 0.1632 0.1308 0.1012 0.0838 0.0691     0    0
     45   0.04556    1.1705   1.2715 0.1525 0.1097 0.1102 0.0889 0.0743 0.0661     0    0
     55   0.03428    1.0490   1.3473 0.1392 0.1087 0.0975 0.0903 0.0855 0.0638     0    0
     65   0.03776    1.0846   1.2125 0.1251 0.1052 0.1016 0.0786 0.0778 0.0620     1    1
     75   0.03731    1.2380   1.3490 0.1444 0.1037 0.0960 0.0802 0.0714 0.0585     0    0
     85   0.03694    3.0259   3.4699 0.2887 0.2301 0.1731 0.1336 0.1189 0.0819     3    3
     95   0.04399    1.5508   1.6618 0.1692 0.1137 0.1053 0.0956 0.0927 0.0690     1    1
    105   0.04430    1.6651   1.8533 0.1907 0.1763 0.1233 0.1000 0.0904 0.0687     1    1
    115   0.04618    1.6225   1.7335 0.1473 0.1246 0.0999 0.0962 0.0814 0.0651     0    0
    125   0.03224    1.8194   2.0115 0.2106 0.1659 0.1274 0.1198 0.1070 0.0799     0    0
    135   0.05060    1.5222   1.8513 0.1846 0.1734 0.1432 0.1272 0.1083 0.0751     0    0
    145   0.04093    0.9520   1.0329 0.1402 0.1263 0.1001 0.0725 0.0674 0.0603     1    1
    155   0.04185    1.3288   1.5401 0.1747 0.1192 0.1109 0.0800 0.0840 0.0633     0    0
    165   0.04758    2.1432   2.2912 0.2172 0.1381 0.1240 0.0970 0.0930 0.0683     0    0
    175   0.04301    1.5170   1.6280 0.1699 0.1328 0.1192 0.0945 0.0859 0.0616     0    0
    185   0.04242    1.5965   1.8185 0.1606 0.1158 0.1006 0.0876 0.0836 0.0644     0    0
    195   0.03973    1.2941   1.6378 0.1696 0.1382 0.1126 0.0885 0.0836 0.0691     1    1
    205   0.04119    1.4492   1.5781 0.1531 0.1234 0.0930 0.0889 0.0785 0.0653     4    2
    215   0.03806    1.1463   1.2650 0.1626 0.1261 0.1198 0.0861 0.0683 0.0560     0    0
    225   0.03977    1.2909   1.5499 0.1497 0.1168 0.1092 0.0812 0.0717 0.0568     0    0
    235   0.03218    1.1250   1.4230 0.1645 0.1277 0.1032 0.0846 0.0747 0.0622     1    1
    245   0.03965    1.1636   1.2376 0.1381 0.1199 0.1134 0.0781 0.0748 0.0565     0    0
    255   0.04057    2.5317   2.9017 0.2468 0.1660 0.1519 0.1110 0.0958 0.0756     2    2
    265   0.04012    1.1902   1.5602 0.1531 0.1348 0.1093 0.1001 0.0840 0.0780     0    0
    275   0.03984    1.3449   1.4559 0.1402 0.1137 0.0922 0.0807 0.0742 0.0602     3    2
    285   0.04001    1.5692   1.6802 0.1527 0.1337 0.0965 0.0903 0.0818 0.0744     1    1
    295   0.04277    1.2042   1.3892 0.1524 0.1291 0.1001 0.0829 0.0819 0.0613     1    1
    305   0.04663    2.1428   2.2908 0.1961 0.1446 0.1311 0.1088 0.0902 0.0695     0    0
    315   0.03839    1.5474   1.6954 0.1611 0.1638 0.1308 0.0999 0.0838 0.0689     1    1
    325   0.03449    1.2040   1.2780 0.1451 0.1088 0.0973 0.0836 0.0740 0.0644     0    0
    335   0.04338    1.5879   1.7138 0.1420 0.1456 0.1066 0.0989 0.0780 0.0647     0    0
    345   0.03703    1.3332   1.4442 0.1401 0.1101 0.1038 0.0867 0.0766 0.0673     0    0
    355   0.04651    1.2928   1.5780 0.1580 0.1476 0.1058 0.0878 0.0776 0.0694     0    0
    365   0.03861    1.3413   1.4893 0.1322 0.1126 0.0989 0.0803 0.0711 0.0621     0    0
    375   0.02961    1.6517   1.7627 0.1702 0.1159 0.0967 0.0847 0.0776 0.0611     0    0
    385   0.04156    1.0197   1.3561 0.1674 0.1302 0.1026 0.0881 0.0765 0.0636     0    0
    395   0.04277    1.2833   1.4683 0.1536 0.1379 0.1038 0.0901 0.0787 0.0718     1    1
    405   0.04479    1.1702   1.2713 0.1517 0.1099 0.1104 0.0889 0.0743 0.0657     0    0
    415   0.03633    1.6207   1.8081 0.1801 0.1581 0.1288 0.0925 0.0841 0.0667     0    0
    425   0.03391    1.1078   1.2558 0.1461 0.1144 0.0925 0.0913 0.0772 0.0608     1    1
    435   0.04346    1.1894   1.4396 0.1610 0.1090 0.1080 0.0944 0.0849 0.0697     1    1
    445   0.04390    1.4535   1.6385 0.1524 0.1167 0.1073 0.0780 0.0737 0.0628     2    2
    455   0.04624    1.6459   1.8874 0.1695 0.1612 0.1234 0.1016 0.0806 0.0728     0    0
    465   0.04495    2.0608   2.2458 0.1608 0.1450 0.1180 0.0914 0.0876 0.0686     0    0
    475   0.03295    1.2704   1.5263 0.1647 0.1311 0.1040 0.0836 0.0789 0.0635     0    0
    485   0.04630    1.4660   1.6510 0.1586 0.1471 0.1146 0.1025 0.0857 0.0706     2    1
    495   0.03625    1.0488   1.3550 0.1386 0.1087 0.0979 0.0903 0.0856 0.0638     0    0
    505   0.03516    1.1569   1.4001 0.1411 0.1094 0.1028 0.0775 0.0779 0.0633     0    0
    515   0.04553    1.3071   1.4234 0.1395 0.1137 0.0914 0.0837 0.0744 0.0644     0    0
    525   0.04330    2.3093   2.4943 0.2350 0.1551 0.1464 0.1143 0.1146 0.0865     0    0
    535   0.04534    1.4345   1.5455 0.1459 0.1117 0.1025 0.0840 0.0737 0.0595     2    2
    545   0.04944    1.6092   1.7835 0.1939 0.1416 0.1130 0.0939 0.0857 0.0640     1    1
    555   0.04384    1.3941   1.6376 0.1778 0.1451 0.1270 0.0981 0.0953 0.0779     0    0
    565   0.05007    1.3813   1.7004 0.1650 0.1708 0.1486 0.1195 0.0996 0.0696     1    1
    575   0.03774    1.4555   1.6134 0.1268 0.1081 0.1108 0.0812 0.0776 0.0656     0    0
    585   0.03659    1.0845   1.2223 0.1264 0.1053 0.1000 0.0786 0.0778 0.0625     0    0
    595   0.03666    2.3745   2.5225 0.2192 0.1496 0.1267 0.1111 0.1043 0.0715     1    1
    605   0.03776    1.4730   1.6919 0.1916 0.1347 0.1203 0.1033 0.0878 0.0689     0    0
    615   0.04139    1.4470   1.6821 0.1778 0.1492 0.1164 0.0978 0.0788 0.0673     3    1
    625   0.04420    1.6033   2.0612 0.1907 0.1636 0.1326 0.1138 0.0991 0.0728     1    1
    635   0.03843    1.0277   1.3607 0.1417 0.1305 0.1052 0.0920 0.0786 0.0647     2    2
    645   0.04005    1.2669   1.4582 0.1834 0.1368 0.1069 0.0798 0.0781 0.0655     0    0
    655   0.03493    1.0247   1.1326 0.1179 0.1101 0.0817 0.0703 0.0738 0.0536     1    1
    665   0.03839    1.1334   1.3171 0.1743 0.1390 0.1193 0.1062 0.0908 0.0699     0    0
    675   0.03817    1.2379   1.3489 0.1467 0.1040 0.0963 0.0802 0.0717 0.0586     0    0
    685   0.04519    2.1493   2.2973 0.2074 0.1424 0.1181 0.1079 0.0877 0.0700     0    0
    695   0.03820    1.2572   1.5251 0.1470 0.1401 0.1118 0.0829 0.0864 0.0701     1    1
    705   0.03566    1.0971   1.1711 0.1248 0.0972 0.0921 0.0820 0.0729 0.0651     2    1
    715   0.04013    1.3171   1.4281 0.1447 0.1189 0.1020 0.0908 0.0789 0.0639     0    0
    725   0.03964    1.1662   1.3238 0.1415 0.1091 0.0924 0.0806 0.0744 0.0641     0    0
    735   0.04177    1.1654   1.2394 0.1418 0.1117 0.0986 0.0846 0.0691 0.0601     0    0
    745   0.04301    1.1589   1.3069 0.1396 0.1191 0.1143 0.0910 0.0775 0.0640     0    0
    755   0.04009    1.3447   1.5667 0.1513 0.1173 0.1191 0.0872 0.0826 0.0638     0    0
    765   0.03732    2.9875   3.4315 0.2863 0.2285 0.1719 0.1327 0.1200 0.0823     1    1
    775   0.03585    1.0178   1.1866 0.1487 0.1206 0.0995 0.0816 0.0720 0.0663     2    1
    785   0.04283    1.8409   2.0999 0.1917 0.1660 0.1197 0.0958 0.0819 0.0665     0    0
    795   0.04142    0.9868   1.1788 0.1438 0.1341 0.1005 0.0831 0.0660 0.0588     0    0
    805   0.04639    2.6436   2.8286 0.2229 0.1538 0.1345 0.1075 0.0829 0.0753     0    0
    815   0.04123    1.1159   1.3835 0.1865 0.1240 0.1027 0.0951 0.0819 0.0668     0    0
    825   0.04043    1.0948   1.2798 0.1318 0.1027 0.0924 0.0864 0.0797 0.0642     3    2
    835   0.04586    1.6629   1.8849 0.1762 0.1515 0.1220 0.0931 0.0854 0.0743     0    0
    845   0.04011    1.2392   1.3502 0.1295 0.1278 0.1015 0.0814 0.0729 0.0581     0    0
    855   0.04211    1.3940   1.5050 0.1692 0.1139 0.1053 0.0956 0.0927 0.0692     0    0
    865   0.03982    1.7452   2.1711 0.2357 0.1493 0.1575 0.1254 0.1114 0.0808     1    1
    875   0.04157    1.1048   1.3268 0.1439 0.1218 0.0914 0.0874 0.0771 0.0659     0    0
    885   0.05102    1.3957   1.5067 0.1522 0.1189 0.1144 0.1027 0.0945 0.0790     0    0
    895   0.04548    1.4613   1.6082 0.1630 0.1532 0.1130 0.1056 0.0922 0.0634     1    1
    905   0.04074    1.4535   1.6464 0.1649 0.1353 0.1070 0.1004 0.0838 0.0704     2    1
    915   0.04573    2.0882   2.4952 0.2101 0.1629 0.1316 0.1172 0.0933 0.0633     0    0
    925   0.05600    1.6696   2.0766 0.1978 0.1521 0.1323 0.1163 0.1017 0.0863     0    0
    935   0.04448    0.9622   1.1294 0.1308 0.1135 0.0988 0.0903 0.0884 0.0691     0    0
    945   0.04388    1.6651   1.7761 0.1908 0.1653 0.1222 0.0961 0.0904 0.0671     0    0
    955   0.03912    1.7462   2.1902 0.2043 0.1461 0.1125 0.1086 0.0885 0.0808     0    0
    965   0.03973    0.9574   1.1700 0.1576 0.1179 0.0922 0.0779 0.0701 0.0571     0    0
    975   0.03543    1.8431   2.1761 0.1984 0.1432 0.1245 0.1239 0.0888 0.0745     0    0
    985   0.03503    1.0908   1.3128 0.1282 0.0997 0.0905 0.0853 0.0789 0.0659     0    0
    995   0.04376    1.4956   1.8313 0.2047 0.1460 0.1234 0.0934 0.0845 0.0693     0    0
   1005   0.04558    1.7165   1.8275 0.1793 0.1213 0.1153 0.0921 0.0821 0.0696     1    1
   1015   0.04183    1.4346   1.5863 0.1633 0.1102 0.1027 0.0834 0.0823 0.0620     0    0
   1025   0.03700    1.3176   1.6807 0.1771 0.1357 0.1150 0.0960 0.0863 0.0680     0    0
   1035   0.04445    1.6226   1.7336 0.1452 0.1246 0.0999 0.0963 0.0814 0.0651     1    1
   1045   0.03431    1.2826   1.3936 0.1459 0.1226 0.1201 0.0860 0.0816 0.0696     0    0
   1055   0.04072    1.9066   2.3506 0.2202 0.1588 0.1206 0.0938 0.0926 0.0705     1    1
   1065   0.03796    0.9678   1.2087 0.1172 0.1089 0.0909 0.0819 0.0740 0.0575     0    0
   1075   0.03935    1.5239   1.6349 0.1354 0.1343 0.1030 0.0813 0.0728 0.0584     0    0
   1085   0.04809    1.6669   2.2715 0.2017 0.1792 0.1349 0.1139 0.1003 0.0807     0    0
   1095   0.03494    1.3149   1.6508 0.1721 0.1279 0.1063 0.0990 0.0897 0.0673     0    0
   1105   0.03624    2.2396   2.3876 0.1820 0.1680 0.1516 0.1229 0.0923 0.0689     0    0
   1115   0.03749    1.3755   1.4865 0.1187 0.0963 0.0990 0.0780 0.0731 0.0579     0    0
   1125   0.03077    1.8190   2.0111 0.2111 0.1690 0.1298 0.1217 0.1071 0.0799     0    0
   1135   0.03972    1.4920   1.6400 0.1601 0.1370 0.1171 0.0879 0.0723 0.0587     3    1
   1145   0.04538    1.7766   1.9986 0.1668 0.1241 0.1218 0.0987 0.1028 0.0744     0    0
   1155   0.04682    1.5018   1.6128 0.1683 0.1341 0.1153 0.0929 0.0812 0.0646     0    0
   1165   0.03676    1.7295   1.9145 0.1215 0.1194 0.0895 0.0759 0.0678 0.0588     0    0
   1175   0.04239    1.3036   1.4886 0.1522 0.1304 0.1127 0.0930 0.0749 0.0605     0    0
   1185   0.03880    1.3828   1.7287 0.1774 0.1306 0.1212 0.0933 0.0901 0.0607     0    0
   1195   0.04719    2.1401   2.5688 0.2257 0.1799 0.1561 0.1068 0.0940 0.0798     0    0
   1205   0.03644    1.5200   1.6680 0.1736 0.1341 0.1163 0.1120 0.1000 0.0671     0    0
   1215   0.04947    1.5207   1.8551 0.1845 0.1735 0.1434 0.1272 0.1084 0.0752     1    1
   1225   0.04004    1.2441   1.3551 0.1547 0.1248 0.1269 0.1040 0.1013 0.0791     1    1
   1235   0.04741    1.2744   1.3854 0.1294 0.1121 0.0975 0.0937 0.0838 0.0716     0    0
   1245   0.04085    1.7269   1.8817 0.1865 0.1566 0.1449 0.1033 0.0960 0.0700     0    0
   1255   0.05422    1.5172   1.6282 0.1884 0.1517 0.1258 0.1091 0.0980 0.0780     1    1
   1265   0.04545    1.3382   1.4492 0.1398 0.1110 0.0882 0.0782 0.0709 0.0630     0    0
   1275   0.04124    1.5695   1.6805 0.1591 0.1144 0.1004 0.0748 0.0711 0.0605     0    0
   1285   0.04116    1.4630   1.6159 0.1626 0.1082 0.0867 0.0864 0.0777 0.0614     0    0
   1295   0.03706    1.2693   1.5283 0.1914 0.1348 0.1183 0.0890 0.0827 0.0663     0    0
   1305   0.04304    0.9356   1.0358 0.1437 0.1249 0.0814 0.0718 0.0675 0.0590     0    0
   1315   0.03967    1.0495   1.2244 0.1328 0.0997 0.1045 0.0792 0.0682 0.0589     0    0
   1325   0.04010    1.1977   1.3087 0.1574 0.1322 0.1106 0.0967 0.0824 0.0642     0    0
   1335   0.04121    1.1003   1.2853 0.1326 0.1118 0.0948 0.0800 0.0690 0.0635     2    2
   1345   0.04255    2.8606   3.1566 0.2898 0.2059 0.1757 0.1241 0.1122 0.0768     1    1
   1355   0.04710    1.2259   1.5589 0.1578 0.1170 0.0983 0.0874 0.0719 0.0634     0    0
   1365   0.04645    1.2175   1.3613 0.1611 0.1171 0.1052 0.0810 0.0686 0.0603     0    0
   1375   0.04492    1.6026   1.7765 0.1765 0.1442 0.1144 0.0971 0.0808 0.0671     0    0
   1385   0.03690    1.1706   1.4666 0.1584 0.1135 0.1010 0.0745 0.0697 0.0612     0    0
   1395   0.04370    1.2820   1.4615 0.1699 0.1157 0.1138 0.0797 0.0816 0.0627     0    0
   1405   0.03415    1.0234   1.2335 0.1400 0.1116 0.0962 0.0868 0.0768 0.0639     1    1
   1415   0.04719    1.5347   1.7567 0.1723 0.1279 0.0988 0.0857 0.0759 0.0680     0    0
   1425   0.03484    1.8354   2.2498 0.2234 0.1675 0.1413 0.1169 0.0977 0.0799     0    0
   1435   0.03962    1.1112   1.2015 0.1229 0.1073 0.0975 0.0819 0.0674 0.0572     0    0
   1445   0.05325    2.2992   2.5582 0.2112 0.1681 0.1356 0.1217 0.0994 0.0711     0    0
   1455   0.04657    1.1540   1.4130 0.1491 0.1165 0.1000 0.0975 0.0790 0.0695     1    1
   1465   0.04161    1.6005   1.7138 0.1599 0.1207 0.1134 0.0889 0.0788 0.0674     2    2
   1475   0.03469    1.1212   1.2465 0.1547 0.1166 0.1095 0.0875 0.0724 0.0615     0    0
   1485   0.04868    2.0915   2.2395 0.2158 0.1376 0.1240 0.0968 0.0926 0.0677     0    0
   1495   0.04057    1.3919   1.5769 0.1790 0.1262 0.0979 0.0885 0.0842 0.0639     0    0
   1505   0.03979    1.3853   1.6073 0.1554 0.1165 0.1135 0.0925 0.0867 0.0714     0    0
   1515   0.03704    1.2164   1.3274 0.1429 0.1251 0.1101 0.0845 0.0756 0.0637     0    0
   1525   0.04752    1.6757   1.7867 0.1730 0.1228 0.1450 0.1045 0.0862 0.0663     1    1
   1535   0.04169    1.5671   1.6781 0.1693 0.1213 0.1185 0.0954 0.0767 0.0667     1    1
   1545   0.04109    1.3726   1.5206 0.1487 0.1168 0.0936 0.0799 0.0780 0.0634     0    0
   1555   0.03484    1.5452   1.6562 0.1575 0.1108 0.1117 0.0861 0.0739 0.0627     0    0
   1565   0.03822    1.0707   1.2660 0.1729 0.1241 0.1027 0.0903 0.0836 0.0621     1    1
   1575   0.04402    1.5542   1.6652 0.1723 0.1328 0.1241 0.0969 0.0859 0.0627     0    0
   1585   0.03499    1.1557   1.5610 0.1950 0.1389 0.1275 0.0961 0.0856 0.0683     0    0
   1595   0.03697    1.9475   2.0955 0.1674 0.1626 0.1197 0.0870 0.0760 0.0638     3    2
   1605   0.04551    1.2299   1.3409 0.1311 0.1170 0.1059 0.0901 0.0844 0.0646     2    2
   1615   0.04303    1.4913   1.6841 0.1887 0.1363 0.1173 0.0882 0.0849 0.0709     2    1
   1625   0.04199    1.4809   1.6123 0.1657 0.1134 0.0933 0.0834 0.0737 0.0644     1    1
   1635   0.04284    0.9240   1.1691 0.1443 0.1166 0.0936 0.0785 0.0727 0.0610     0    0
   1645   0.03662    1.7074   1.8852 0.1699 0.1182 0.1098 0.0913 0.0772 0.0558     0    0
   1655   0.04491    1.0844   1.1584 0.1401 0.1013 0.0964 0.0858 0.0745 0.0652     1    1
   1665   0.04199    1.4329   1.6179 0.1606 0.1158 0.1007 0.0876 0.0836 0.0635     0    0
   1675   0.04669    1.1352   1.2462 0.1384 0.1010 0.1047 0.0844 0.0800 0.0634     0    0
   1685   0.03265    1.3112   1.4222 0.1514 0.1120 0.1183 0.0994 0.0917 0.0709     0    0
   1695   0.04263    1.3305   1.4932 0.1439 0.1178 0.1064 0.0745 0.0776 0.0584     0    0
   1705   0.04129    0.9050   1.0842 0.1234 0.1058 0.1016 0.0795 0.0728 0.0606     0    0
   1715   0.03752    2.2553   2.4033 0.1608 0.1287 0.0992 0.0896 0.0785 0.0660     3    2
   1725   0.04028    1.6296   1.7406 0.1704 0.1380 0.1040 0.1043 0.0890 0.0698     1    1
   1735   0.04278    1.9301   2.2261 0.1972 0.1352 0.1231 0.0958 0.0825 0.0624     0    0
   1745   0.03880    2.1139   2.5209 0.2270 0.1549 0.1159 0.1066 0.0898 0.0741     0    0
   1755   0.04003    1.2941   1.6357 0.1696 0.1381 0.1126 0.0885 0.0835 0.0681     1    1
   1765   0.03779    1.2353   1.3463 0.1460 0.1236 0.0955 0.0861 0.0779 0.0608     1    1
   1775   0.04662    1.2614   1.4142 0.1708 0.1429 0.1253 0.1013 0.0970 0.0708     1    1
   1785   0.04190    2.1062   2.2542 0.1844 0.1522 0.1272 0.0961 0.0852 0.0762     2    1
   1795   0.03589    1.1473   1.3693 0.1529 0.1152 0.1071 0.0842 0.0778 0.0590     0    0
   1805   0.04507    1.3705   1.5555 0.1793 0.1306 0.1159 0.1013 0.0936 0.0713     1    1
   1815   0.03649    2.1479   2.4265 0.2042 0.1476 0.1311 0.1110 0.0950 0.0758     0    0
   1825   0.04973    1.3673   1.5153 0.1772 0.1219 0.0979 0.0875 0.0772 0.0696     0    0
   1835   0.04472    1.4594   1.6166 0.1733 0.1183 0.1083 0.1038 0.0857 0.0707     0    0
   1845   0.04350    1.3655   1.4765 0.1473 0.1235 0.0949 0.0877 0.0779 0.0654     0    0
   1855   0.04347    1.2386   1.3749 0.1437 0.1088 0.0970 0.0817 0.0713 0.0609     1    1
   1865   0.03578    1.4324   1.6174 0.1531 0.1177 0.0954 0.0892 0.0762 0.0666     0    0
   1875   0.04214    1.5085   1.6195 0.1542 0.1286 0.0967 0.0827 0.0764 0.0617     0    0
   1885   0.03449    1.0976   1.3205 0.1734 0.1018 0.1046 0.0890 0.0760 0.0656     0    0
   1895   0.04261    1.1080   1.5076 0.1521 0.1252 0.1123 0.1056 0.0963 0.0808     1    1
   1905   0.04015    1.1417   1.4007 0.1316 0.1220 0.1103 0.1026 0.0871 0.0674     2    2
   1915   0.03715    1.5462   1.7312 0.1674 0.1147 0.1132 0.1003 0.0876 0.0766     0    0
   1925   0.04099    1.1825   1.5223 0.1409 0.1468 0.1034 0.0883 0.0763 0.0577     0    0
   1935   0.04183    1.1463   1.2829 0.1637 0.1237 0.1118 0.0844 0.0664 0.0558     0    0
   1945   0.04749    1.0521   1.3240 0.1541 0.1197 0.1020 0.0869 0.0762 0.0605     0    0
   1955   0.03151    2.1164   2.3014 0.2190 0.1451 0.1245 0.0971 0.0796 0.0668     0    0
   1965   0.03508    1.5486   1.6869 0.1582 0.1157 0.0964 0.0757 0.0686 0.0569     0    0
   1975   0.04466    1.2970   1.4820 0.1886 0.1250 0.1011 0.0949 0.0804 0.0670     0    0
   1985   0.04054    1.5485   1.6595 0.1839 0.1211 0.0916 0.0811 0.0774 0.0635     0    0
   1995   0.04280    0.9718   1.2103 0.1332 0.1100 0.0942 0.0903 0.0812 0.0626     0    0
# 200 lambda in 506s -> cscan_800_x2.json
