J=800 R=400 lambda 9..1999 step 10 (odd only), theta = 0.137
    lam  Lam_long   C(.137)   C(.10) b16    b24    b32    b48    b64    b128    pre6  dbr
      9   0.03374    0.8649   1.1050 0.1070 0.1108 0.0878 0.0703 0.0590 0.0547     0    0
     19   0.04060    1.3792   1.7870 0.1821 0.1429 0.1318 0.1088 0.0868 0.0657     1    1
     29   0.03767    1.0585   1.1325 0.1367 0.1371 0.1053 0.0859 0.0737 0.0662     0    0
     39   0.04371    1.4023   1.5133 0.1717 0.1368 0.1127 0.0976 0.0879 0.0735     0    0
     49   0.04352    1.5553   1.8883 0.1646 0.1164 0.0981 0.0887 0.0738 0.0652     1    1
     59   0.04253    1.1944   1.2875 0.1460 0.1147 0.0905 0.0894 0.0818 0.0604     2    2
     69   0.04353    1.7838   1.9361 0.1917 0.1313 0.1113 0.0895 0.0960 0.0704     0    0
     79   0.03508    1.0127   1.2259 0.1462 0.1175 0.1173 0.0922 0.0878 0.0572     0    0
     89   0.03815    1.6982   1.8697 0.1693 0.1477 0.1301 0.0997 0.0872 0.0716     0    0
     99   0.04010    1.7378   1.8858 0.1901 0.1359 0.1296 0.1025 0.0922 0.0696     1    1
    109   0.03941    1.3117   1.4227 0.1391 0.1192 0.1292 0.0946 0.0802 0.0689     1    1
    119   0.04154    1.1379   1.2793 0.1434 0.1163 0.1077 0.0907 0.0747 0.0585     0    0
    129   0.04138    1.1542   1.2498 0.1295 0.1173 0.1004 0.0822 0.0694 0.0569     0    0
    139   0.04271    1.3335   1.4445 0.1815 0.1232 0.1058 0.0843 0.0726 0.0665     0    0
    149   0.04026    1.1763   1.3050 0.1584 0.1334 0.1072 0.0972 0.0709 0.0646     1    1
    159   0.04826    1.0392   1.2242 0.1382 0.1150 0.1024 0.0803 0.0749 0.0647     0    0
    169   0.03411    1.4958   1.6068 0.1592 0.1130 0.1015 0.0822 0.0786 0.0633     0    0
    179   0.04515    1.2658   1.6946 0.1790 0.1653 0.1085 0.0834 0.0791 0.0616     1    1
    189   0.04076    1.7385   1.8495 0.1641 0.1164 0.1125 0.0889 0.0861 0.0675     2    1
    199   0.04438    1.3009   1.5330 0.1620 0.1174 0.1111 0.0819 0.0720 0.0645     0    0
    209   0.04298    1.0448   1.2008 0.1535 0.1292 0.1194 0.0918 0.0791 0.0687     0    0
    219   0.04134    2.0640   2.4661 0.2431 0.1644 0.1413 0.1101 0.1091 0.0753     1    1
    229   0.04608    2.1717   2.3567 0.1959 0.1592 0.1257 0.1013 0.0908 0.0706     1    1
    239   0.03650    1.1670   1.3520 0.1641 0.1266 0.1077 0.0862 0.0799 0.0698     0    0
    249   0.04416    0.9979   1.2123 0.1444 0.1240 0.1081 0.0861 0.0797 0.0632     0    0
    259   0.04035    1.5489   1.8079 0.1723 0.1534 0.1136 0.1040 0.0955 0.0697     0    0
    269   0.04304    0.8782   0.9875 0.1281 0.1066 0.0968 0.0868 0.0774 0.0605     0    0
    279   0.04011    1.9908   2.1388 0.1819 0.1485 0.1277 0.1094 0.0957 0.0677     0    0
    289   0.05305    2.1780   2.4740 0.1907 0.1623 0.1251 0.1099 0.0981 0.0726     0    0
    299   0.03572    1.1873   1.3723 0.1634 0.1310 0.1026 0.0838 0.0753 0.0615     1    1
    309   0.03510    1.6018   1.7128 0.1697 0.1343 0.1157 0.1013 0.0794 0.0703     0    0
    319   0.03972    1.4860   1.5970 0.1426 0.1318 0.1056 0.0970 0.0905 0.0688     1    1
    329   0.04733    1.2122   1.3972 0.1599 0.1099 0.0975 0.0783 0.0726 0.0576     0    0
    339   0.03680    1.6331   1.7441 0.1664 0.1405 0.1199 0.1014 0.0829 0.0671     1    1
    349   0.04193    1.3368   1.5865 0.1775 0.1541 0.1281 0.1112 0.0890 0.0680     1    1
    359   0.03742    1.4056   1.5845 0.1675 0.1265 0.0998 0.0838 0.0737 0.0607     1    1
    369   0.05069    1.5588   1.8870 0.2126 0.1518 0.1346 0.1066 0.0903 0.0682     0    0
    379   0.04463    1.6225   1.7335 0.1380 0.1219 0.1097 0.0923 0.0785 0.0682     1    1
    389   0.03851    1.2984   1.4094 0.1460 0.1044 0.1054 0.0843 0.0728 0.0665     0    0
    399   0.03486    1.5602   1.7517 0.1857 0.1438 0.1222 0.1007 0.0826 0.0640     0    0
    409   0.04104    1.6234   1.8296 0.1530 0.1088 0.1002 0.0884 0.0718 0.0627     1    1
    419   0.04954    1.6063   1.7201 0.1525 0.1554 0.1137 0.1058 0.0938 0.0714     0    0
    429   0.03702    1.7123   1.8603 0.1763 0.1379 0.1145 0.0947 0.0881 0.0694     0    0
    439   0.04206    1.9648   2.1880 0.1965 0.1338 0.1151 0.0921 0.0772 0.0638     1    1
    449   0.04025    2.1299   2.2779 0.1896 0.1386 0.1242 0.0913 0.0813 0.0726     0    0
    459   0.04020    1.2799   1.6129 0.1763 0.1274 0.1096 0.0830 0.0767 0.0646     0    0
    469   0.04907    1.4497   1.5607 0.1531 0.1122 0.0905 0.0868 0.0760 0.0603     0    0
    479   0.03865    1.2419   1.5228 0.1761 0.1413 0.1164 0.0959 0.0838 0.0647     0    0
    489   0.03571    1.3760   1.4870 0.1356 0.1166 0.1165 0.0912 0.0912 0.0602     0    0
    499   0.04234    1.0618   1.1795 0.1205 0.1179 0.1058 0.0850 0.0753 0.0591     1    1
    509   0.03328    1.0261   1.3931 0.1692 0.1498 0.1328 0.1062 0.1036 0.0739     0    0
    519   0.05010    1.0355   1.2115 0.1532 0.1097 0.0982 0.0872 0.0787 0.0668     0    0
    529   0.04063    1.1211   1.3140 0.1364 0.1008 0.0945 0.0742 0.0686 0.0550     1    1
    539   0.04195    1.1904   1.3014 0.1480 0.1090 0.0904 0.0782 0.0774 0.0571     0    0
    549   0.03789    1.7919   2.1619 0.1911 0.1608 0.1333 0.1052 0.0903 0.0684     1    1
    559   0.05088    1.7182   1.8292 0.1456 0.1327 0.1043 0.0896 0.0799 0.0676     1    1
    569   0.04253    2.1080   2.3462 0.1837 0.1385 0.1229 0.0963 0.0864 0.0614     0    0
    579   0.04620    2.2694   2.4914 0.2071 0.1282 0.1029 0.0890 0.0778 0.0684     1    1
    589   0.04272    1.2516   1.4659 0.1605 0.1136 0.1108 0.0942 0.0791 0.0689     0    0
    599   0.04930    1.5456   1.8046 0.1588 0.1236 0.1014 0.0871 0.0891 0.0646     0    0
    609   0.03856    2.3708   2.5188 0.2297 0.1778 0.1421 0.1060 0.0962 0.0648     1    1
    619   0.04385    1.1866   1.3346 0.1580 0.1195 0.0951 0.0874 0.0750 0.0635     0    0
    629   0.04548    1.5291   1.9649 0.2046 0.1492 0.1343 0.1013 0.0827 0.0717     1    1
    639   0.04039    1.3109   1.8902 0.1879 0.1577 0.1254 0.1010 0.0955 0.0712     0    0
    649   0.04799    0.9824   1.1618 0.1525 0.1085 0.0920 0.0760 0.0743 0.0641     0    0
    659   0.03753    1.9570   2.1790 0.2124 0.1491 0.1422 0.1042 0.0991 0.0743     1    1
    669   0.03489    1.1992   1.2948 0.1382 0.1092 0.0940 0.0787 0.0763 0.0654     0    0
    679   0.04244    1.4804   1.5938 0.1571 0.1235 0.1358 0.0985 0.0851 0.0723     0    0
    689   0.03748    1.2071   1.2811 0.1152 0.1051 0.0830 0.0734 0.0647 0.0550     0    0
    699   0.03847    0.9657   1.1137 0.1198 0.1056 0.0867 0.0777 0.0711 0.0593     0    0
    709   0.04363    1.4435   1.5545 0.1756 0.1230 0.1145 0.1011 0.0788 0.0642     0    0
    719   0.04835    1.3540   1.5390 0.1677 0.1211 0.1099 0.0945 0.0875 0.0713     0    0
    729   0.03619    0.9602   1.0342 0.1042 0.1098 0.0807 0.0701 0.0598 0.0554     1    1
    739   0.04168    1.1424   1.3644 0.1420 0.1089 0.0960 0.0797 0.0844 0.0704     2    1
    749   0.04040    1.7464   1.8574 0.1720 0.1194 0.1130 0.0896 0.0887 0.0760     0    0
    759   0.03936    1.3437   1.4547 0.1264 0.1114 0.1084 0.0935 0.0744 0.0613     0    0
    769   0.04194    1.2855   1.4228 0.1763 0.1475 0.1209 0.0952 0.0903 0.0612     1    1
    779   0.04347    1.1613   1.2930 0.1387 0.1141 0.1031 0.0835 0.0774 0.0650     1    1
    789   0.04093    1.3938   1.6048 0.1796 0.1167 0.1085 0.0862 0.0800 0.0615     0    0
    799   0.04632    0.9409   1.0519 0.1305 0.1177 0.0985 0.0858 0.0816 0.0634     1    1
    809   0.03388    1.2085   1.3195 0.1598 0.1147 0.1153 0.0912 0.0816 0.0654     0    0
    819   0.03569    1.2034   1.4254 0.1339 0.1031 0.1009 0.0836 0.0737 0.0642     0    0
    829   0.04852    1.4671   1.7631 0.1556 0.1120 0.1062 0.0856 0.0795 0.0656     2    1
    839   0.03948    1.3586   1.4696 0.1241 0.1000 0.0935 0.0824 0.0751 0.0609     1    1
    849   0.04569    1.3470   1.4824 0.1398 0.1325 0.1016 0.0961 0.0851 0.0618     1    1
    859   0.03577    1.4509   1.5989 0.1505 0.1168 0.0956 0.0877 0.0753 0.0644     0    0
    869   0.03482    1.6052   2.1232 0.2134 0.1396 0.1096 0.1019 0.1022 0.0703     2    2
    879   0.03841    1.2972   1.5562 0.1601 0.1363 0.1181 0.1168 0.0807 0.0549     3    3
    889   0.04564    1.1980   1.3460 0.1543 0.1073 0.0892 0.0776 0.0753 0.0566     0    0
    899   0.04182    1.2982   1.4092 0.1387 0.1253 0.1062 0.0894 0.0851 0.0673     0    0
    909   0.04151    1.5132   1.6242 0.1935 0.1385 0.1213 0.0882 0.0876 0.0610     1    1
    919   0.03642    1.2341   1.4043 0.1538 0.1176 0.0921 0.0870 0.0757 0.0570     0    0
    929   0.03999    1.4742   1.5852 0.1625 0.1188 0.1063 0.1004 0.0754 0.0667     1    1
    939   0.03459    1.4766   1.7356 0.1499 0.1184 0.1021 0.0827 0.0790 0.0621     1    1
    949   0.03839    1.5237   1.8567 0.1839 0.1296 0.1147 0.0941 0.0894 0.0673     0    0
    959   0.03610    1.1541   1.3021 0.1397 0.1068 0.0959 0.0791 0.0759 0.0572     1    1
    969   0.03953    1.6434   1.9024 0.1474 0.1149 0.1292 0.0929 0.0816 0.0616     0    0
    979   0.04466    1.6387   1.7497 0.1527 0.1068 0.1008 0.0863 0.0829 0.0653     2    1
    989   0.04712    1.5107   1.6217 0.1925 0.1561 0.1225 0.1056 0.0877 0.0716     0    0
    999   0.05018    2.1606   2.4936 0.1959 0.1453 0.1143 0.0972 0.0899 0.0707     0    0
   1009   0.04299    1.9084   2.0564 0.1629 0.1372 0.1145 0.0983 0.0834 0.0700     0    0
   1019   0.03716    1.2723   1.3833 0.1464 0.1276 0.1077 0.0919 0.0919 0.0638     0    0
   1029   0.03563    2.1806   2.5136 0.2304 0.1674 0.1203 0.0992 0.0883 0.0671     3    3
   1039   0.03748    1.9288   2.2988 0.2153 0.1569 0.1313 0.1035 0.0898 0.0692     0    0
   1049   0.03976    2.2225   2.3705 0.1772 0.1589 0.1402 0.1041 0.0979 0.0652     1    1
   1059   0.04228    1.2308   1.4898 0.1589 0.1067 0.1134 0.0931 0.0851 0.0652     0    0
   1069   0.03879    1.5380   1.7093 0.1808 0.1353 0.1112 0.1001 0.0839 0.0630     1    1
   1079   0.04287    1.0876   1.4135 0.1622 0.1515 0.1181 0.0974 0.0817 0.0617     1    1
   1089   0.04480    1.4571   1.6059 0.1768 0.1450 0.1134 0.0927 0.0840 0.0688     0    0
   1099   0.04262    1.2076   1.6065 0.1709 0.1333 0.1100 0.0832 0.0778 0.0635     0    0
   1109   0.04644    2.3747   2.5597 0.2383 0.1604 0.1537 0.1087 0.1023 0.0702     2    2
   1119   0.04368    1.2000   1.2740 0.1500 0.1249 0.1164 0.1007 0.0970 0.0709     0    0
   1129   0.04893    1.4488   1.5636 0.1573 0.1322 0.1112 0.1019 0.0860 0.0743     0    0
   1139   0.03885    1.5753   1.7134 0.1528 0.1428 0.1244 0.1021 0.0832 0.0716     3    1
   1149   0.04028    1.4432   1.5542 0.1768 0.1577 0.1350 0.1001 0.0884 0.0656     1    1
   1159   0.04247    1.0965   1.1705 0.1371 0.1166 0.0999 0.0875 0.0812 0.0692     0    0
   1169   0.03938    1.3694   1.4804 0.1534 0.1216 0.1094 0.0995 0.0815 0.0692     0    0
   1179   0.05137    1.5793   1.6972 0.1728 0.1286 0.1191 0.0930 0.0815 0.0661     1    1
   1189   0.03974    1.3381   1.5601 0.1512 0.1382 0.1115 0.0799 0.0768 0.0670     1    1
   1199   0.03861    1.3416   1.4896 0.1558 0.1163 0.1016 0.0952 0.0761 0.0635     0    0
   1209   0.04378    2.2635   2.5879 0.2597 0.1684 0.1450 0.1233 0.0958 0.0731     0    0
   1219   0.03861    1.2674   1.4524 0.1442 0.1225 0.1099 0.0875 0.0702 0.0545     1    1
   1229   0.04188    1.2459   1.3939 0.1403 0.1194 0.0948 0.0789 0.0688 0.0604     2    2
   1239   0.04192    1.1831   1.4660 0.1579 0.1268 0.1203 0.0929 0.0744 0.0666     0    0
   1249   0.03673    1.2198   1.3694 0.1682 0.1349 0.1194 0.1039 0.0877 0.0717     0    0
   1259   0.03937    1.0989   1.1729 0.1533 0.1382 0.1166 0.0899 0.0779 0.0688     0    0
   1269   0.03500    1.4929   1.6039 0.1492 0.1248 0.0979 0.0762 0.0660 0.0593     2    2
   1279   0.03762    1.3059   1.4169 0.1508 0.1405 0.1182 0.1002 0.0746 0.0585     1    1
   1289   0.04813    1.4045   1.7005 0.1544 0.1273 0.1021 0.0817 0.0833 0.0672     0    0
   1299   0.04302    1.1626   1.3846 0.1572 0.1133 0.1056 0.0920 0.0804 0.0685     0    0
   1309   0.04016    1.6366   1.8216 0.1665 0.1385 0.1114 0.0857 0.0869 0.0561     1    1
   1319   0.04706    1.4203   1.5947 0.1936 0.1364 0.1121 0.1037 0.0905 0.0779     0    0
   1329   0.03825    0.9833   1.1446 0.1638 0.1125 0.1014 0.0837 0.0774 0.0630     3    2
   1339   0.05175    1.3842   1.5203 0.1693 0.1266 0.1104 0.0907 0.0892 0.0665     0    0
   1349   0.04561    1.0132   1.1612 0.1437 0.1105 0.0984 0.0770 0.0733 0.0658     2    1
   1359   0.04233    1.3851   1.9342 0.2147 0.1627 0.1371 0.1148 0.1028 0.0805     1    1
   1369   0.04215    1.4806   1.5923 0.1536 0.1080 0.0952 0.0872 0.0786 0.0689     1    1
   1379   0.03241    2.0825   2.3785 0.2255 0.1681 0.1365 0.1084 0.0990 0.0704     0    0
   1389   0.04090    2.1041   2.6488 0.2656 0.1890 0.1339 0.1143 0.0991 0.0776     1    1
   1399   0.04449    2.1823   2.5893 0.2185 0.1698 0.1440 0.1132 0.0963 0.0613     0    0
   1409   0.04209    1.5047   1.6168 0.1550 0.1319 0.1053 0.0856 0.0771 0.0666     2    1
   1419   0.03450    1.2318   1.5333 0.1434 0.1396 0.1146 0.1035 0.0874 0.0730     1    1
   1429   0.03564    1.5834   1.8424 0.1870 0.1381 0.1286 0.1080 0.0927 0.0823     0    0
   1439   0.03337    1.1935   1.4155 0.1415 0.1278 0.1151 0.0875 0.0796 0.0677     0    0
   1449   0.04156    1.5052   1.6532 0.1610 0.1228 0.1106 0.0946 0.0816 0.0627     0    0
   1459   0.04602    1.2939   1.5265 0.1480 0.1086 0.1149 0.0847 0.0816 0.0601     0    0
   1469   0.03481    1.8439   1.9919 0.1962 0.1608 0.1358 0.0931 0.0826 0.0567     1    1
   1479   0.02783    0.9517   1.0627 0.1055 0.0877 0.0812 0.0689 0.0637 0.0589     0    0
   1489   0.04837    1.2852   1.4458 0.1678 0.1313 0.1190 0.0988 0.0871 0.0705     1    1
   1499   0.04127    1.0124   1.0947 0.1358 0.1230 0.0976 0.0783 0.0634 0.0548     0    0
   1509   0.03875    1.5075   1.8775 0.1760 0.1515 0.1167 0.0993 0.0886 0.0642     0    0
   1519   0.04984    1.3663   1.9918 0.1666 0.1602 0.1383 0.1108 0.0941 0.0699     0    0
   1529   0.03600    1.6610   1.8090 0.1900 0.1298 0.1070 0.0863 0.0822 0.0635     1    1
   1539   0.04092    1.3991   1.7867 0.1821 0.1429 0.1318 0.1088 0.0868 0.0685     2    1
   1549   0.03685    0.9524   1.0264 0.1152 0.0983 0.0846 0.0706 0.0689 0.0540     0    0
   1559   0.04526    1.1266   1.2376 0.1479 0.1159 0.0996 0.0844 0.0786 0.0673     0    0
   1569   0.03585    1.0031   1.1694 0.1436 0.1283 0.1298 0.1090 0.0907 0.0678     1    1
   1579   0.03762    1.4134   1.6261 0.1730 0.1271 0.1170 0.0898 0.0842 0.0734     2    1
   1589   0.03805    1.0058   1.2685 0.1286 0.1046 0.0909 0.0755 0.0714 0.0585     1    1
   1599   0.04500    1.4165   1.5275 0.1688 0.1524 0.1128 0.0952 0.0826 0.0795     0    0
   1609   0.03560    1.1230   1.3190 0.1447 0.1301 0.1157 0.0864 0.0850 0.0660     0    0
   1619   0.03963    2.3441   2.4921 0.2331 0.1758 0.1605 0.1257 0.1041 0.0765     0    0
   1629   0.04219    1.4201   1.5311 0.1401 0.1138 0.0981 0.0839 0.0704 0.0598     0    0
   1639   0.03612    1.4463   1.5573 0.1636 0.1237 0.0961 0.0828 0.0784 0.0603     0    0
   1649   0.04173    1.3232   1.4342 0.1454 0.1197 0.1012 0.0922 0.0763 0.0667     0    0
   1659   0.03797    1.6272   1.7382 0.1543 0.1201 0.1176 0.0997 0.0942 0.0724     0    0
   1669   0.04589    1.0396   1.3356 0.1456 0.1170 0.0954 0.0847 0.0777 0.0637     2    2
   1679   0.04148    1.7871   1.8981 0.2010 0.1434 0.1270 0.1143 0.0992 0.0763     0    0
   1689   0.03971    1.6452   1.8302 0.1613 0.1297 0.0964 0.0766 0.0712 0.0575     0    0
   1699   0.04220    1.1043   1.3091 0.1459 0.1162 0.0992 0.0856 0.0763 0.0643     0    0
   1709   0.04032    1.4957   1.6067 0.1460 0.1057 0.0901 0.0836 0.0767 0.0595     0    0
   1719   0.04522    2.4663   2.6513 0.2324 0.1626 0.1359 0.0987 0.0976 0.0759     0    0
   1729   0.04318    1.5330   1.6810 0.1841 0.1310 0.0929 0.0877 0.0825 0.0619     0    0
   1739   0.03921    1.7073   1.9663 0.1753 0.1408 0.1080 0.0928 0.0873 0.0699     0    0
   1749   0.03682    1.4054   1.6274 0.1678 0.1496 0.1190 0.1002 0.0856 0.0699     0    0
   1759   0.03655    1.4077   1.5187 0.1520 0.1223 0.1011 0.0950 0.0780 0.0672     0    0
   1769   0.04235    1.1904   1.3008 0.1464 0.1136 0.0975 0.0919 0.0817 0.0741     0    0
   1779   0.03474    1.6816   1.9036 0.1837 0.1290 0.0991 0.0795 0.0816 0.0622     1    1
   1789   0.04461    1.4607   1.6827 0.1506 0.1277 0.0970 0.0842 0.0709 0.0621     0    0
   1799   0.03861    1.2396   1.4017 0.1213 0.1079 0.0922 0.0887 0.0709 0.0584     1    1
   1809   0.04210    1.1595   1.3815 0.1277 0.1005 0.1080 0.0860 0.0721 0.0642     0    0
   1819   0.04303    1.3887   1.6417 0.1400 0.1309 0.1062 0.0929 0.0777 0.0610     0    0
   1829   0.05198    1.4967   1.6077 0.1774 0.1238 0.1100 0.0859 0.0823 0.0662     1    1
   1839   0.04593    1.2168   1.2974 0.1246 0.1106 0.1084 0.0892 0.0862 0.0664     2    1
   1849   0.04015    0.9049   0.9789 0.1375 0.1171 0.1025 0.0835 0.0714 0.0594     1    1
   1859   0.05044    1.5591   1.7071 0.1615 0.1340 0.1291 0.1073 0.1024 0.0692     0    0
   1869   0.04014    1.2204   1.3605 0.1614 0.1241 0.1009 0.0903 0.0885 0.0712     1    1
   1879   0.03844    1.2977   1.5523 0.1769 0.1306 0.1226 0.1020 0.0978 0.0708     1    1
   1889   0.04946    1.7255   1.9475 0.1872 0.1375 0.1027 0.0995 0.0886 0.0695     0    0
   1899   0.04346    1.5646   1.8352 0.1859 0.1572 0.1214 0.0907 0.0844 0.0678     0    0
   1909   0.04653    1.5689   2.0043 0.2152 0.1597 0.1523 0.1100 0.0994 0.0755     1    1
   1919   0.04271    1.3809   1.5659 0.1427 0.1226 0.1162 0.0885 0.0785 0.0627     1    1
   1929   0.04117    1.1575   1.2315 0.1531 0.1071 0.1042 0.0791 0.0759 0.0629     0    0
   1939   0.03666    1.8323   2.1653 0.2033 0.1530 0.1194 0.0916 0.0779 0.0614     0    0
   1949   0.03636    1.5136   1.6986 0.1886 0.1380 0.1159 0.0961 0.0822 0.0643     0    0
   1959   0.03283    1.0982   1.3202 0.1338 0.1250 0.1114 0.0873 0.0885 0.0648     0    0
   1969   0.04252    1.2780   1.5000 0.1520 0.1245 0.1122 0.0831 0.0762 0.0610     0    0
   1979   0.04602    1.5657   1.7137 0.1825 0.1413 0.1266 0.0956 0.0811 0.0680     2    1
   1989   0.03983    1.5556   1.9256 0.1735 0.1270 0.1075 0.0868 0.0703 0.0648     0    0
   1999   0.03927    1.2257   1.3367 0.1507 0.1262 0.1048 0.0810 0.0735 0.0580     0    0
# 200 lambda in 479s -> cscan_800_x4.json
