J=1600 R=800 lambda 3..399 step 4 (odd only), theta = 0.137
    lam  Lam_long   C(.137)   C(.10) b16    b24    b32    b48    b64    b128    pre6  dbr
      3   0.04840    1.8372   1.9852 0.1847 0.1297 0.1196 0.1090 0.1044 0.0819     1    1
      7   0.04901    1.4010   1.6971 0.1751 0.1399 0.1119 0.0904 0.0801 0.0691     0    0
     11   0.04166    2.2689   2.4169 0.1748 0.1688 0.1459 0.1148 0.0955 0.0753     1    1
     15   0.04144    1.4632   1.6283 0.1630 0.1308 0.1065 0.0912 0.0906 0.0740     0    0
     19   0.05106    1.7359   1.9579 0.1702 0.1524 0.1176 0.1082 0.0898 0.0672     0    0
     23   0.04449    1.7371   1.9426 0.1736 0.1438 0.1278 0.1089 0.1075 0.0798     2    1
     27   0.04916    1.8347   1.9827 0.1813 0.1284 0.1196 0.1092 0.1046 0.0820     1    1
     31   0.04852    2.1273   2.2753 0.1790 0.1573 0.1298 0.0953 0.0878 0.0695     0    0
     35   0.04640    2.1599   2.3449 0.2197 0.1669 0.1357 0.1068 0.0943 0.0726     2    1
     39   0.04536    1.7196   1.8306 0.1761 0.1406 0.1283 0.1094 0.0936 0.0740     0    0
     43   0.04715    1.6270   1.8120 0.1652 0.1297 0.1217 0.1020 0.0921 0.0718     0    0
     47   0.04051    1.7270   1.8380 0.1843 0.1417 0.1092 0.0997 0.0816 0.0683     2    1
     51   0.04471    1.8208   2.1366 0.2018 0.1739 0.1410 0.1172 0.1260 0.0866     0    0
     55   0.04733    1.0451   1.2952 0.1565 0.1231 0.1214 0.0954 0.0804 0.0700     0    0
     59   0.05090    1.3057   1.7637 0.1917 0.1519 0.1381 0.1104 0.0965 0.0722     0    0
     63   0.05049    1.4020   1.6981 0.1752 0.1399 0.1119 0.0904 0.0801 0.0692     0    0
     67   0.04129    1.4532   1.6382 0.1892 0.1537 0.1156 0.0944 0.0849 0.0730     0    0
     71   0.04578    1.5793   1.7643 0.1397 0.1193 0.1197 0.0994 0.0974 0.0762     0    0
