J=800 R=400 lambda 7..1999 step 8 (odd only), theta = 0.137
    lam  Lam_long   C(.137)   C(.10) b16    b24    b32    b48    b64    b128    pre6  dbr
      7   0.04383    1.2755   1.4106 0.1560 0.1245 0.1198 0.0920 0.0921 0.0754     0    0
     15   0.05146    1.5277   1.8372 0.1850 0.1728 0.1428 0.1269 0.1080 0.0750     0    0
     23   0.04334    1.6590   1.8440 0.1499 0.1233 0.1130 0.0940 0.0843 0.0620     1    1
     31   0.03990    1.9899   2.1379 0.1819 0.1436 0.1277 0.1071 0.0951 0.0712     0    0
     39   0.04371    1.4023   1.5133 0.1717 0.1368 0.1127 0.0976 0.0879 0.0735     0    0
     47   0.03625    1.4289   1.7925 0.1766 0.1302 0.0998 0.0903 0.0790 0.0626     0    0
     55   0.03428    1.0490   1.3473 0.1392 0.1087 0.0975 0.0903 0.0855 0.0638     0    0
     63   0.04207    1.2755   1.4106 0.1592 0.1245 0.1215 0.0930 0.0925 0.0756     1    1
     71   0.04258    1.3111   1.8043 0.1866 0.1567 0.1232 0.1010 0.0955 0.0713     0    0
     79   0.03508    1.0127   1.2259 0.1462 0.1175 0.1173 0.0922 0.0878 0.0572     0    0
     87   0.03348    1.3954   1.5804 0.1588 0.1221 0.1058 0.0878 0.0833 0.0674     1    1
     95   0.04399    1.5508   1.6618 0.1692 0.1137 0.1053 0.0956 0.0927 0.0690     1    1
    103   0.03512    1.2758   1.3868 0.1444 0.1279 0.1037 0.0946 0.0832 0.0667     0    0
    111   0.05147    2.2093   2.5423 0.2028 0.1445 0.1156 0.0970 0.0899 0.0708     1    1
    119   0.04154    1.1379   1.2793 0.1434 0.1163 0.1077 0.0907 0.0747 0.0585     0    0
    127   0.03718    1.0882   1.3114 0.1370 0.1165 0.1030 0.0863 0.0811 0.0584     0    0
    135   0.05060    1.5222   1.8513 0.1846 0.1734 0.1432 0.1272 0.1083 0.0751     0    0
    143   0.03729    1.3539   1.4649 0.1384 0.1198 0.0936 0.0890 0.0744 0.0590     0    0
    151   0.04192    1.3851   1.9341 0.2147 0.1627 0.1371 0.1171 0.1045 0.0814     0    0
    159   0.04826    1.0392   1.2242 0.1382 0.1150 0.1024 0.0803 0.0749 0.0647     0    0
    167   0.03723    1.6149   1.8729 0.1805 0.1418 0.1219 0.0981 0.0858 0.0622     0    0
    175   0.04301    1.5170   1.6280 0.1699 0.1328 0.1192 0.0945 0.0859 0.0616     0    0
    183   0.04610    1.5196   1.6306 0.1834 0.1378 0.1083 0.0837 0.0770 0.0693     1    1
    191   0.04519    2.3655   2.6156 0.2340 0.1697 0.1348 0.0979 0.0974 0.0756     1    1
    199   0.04438    1.3009   1.5330 0.1620 0.1174 0.1111 0.0819 0.0720 0.0645     0    0
    207   0.04302    1.6596   1.8492 0.1471 0.1133 0.1077 0.0919 0.0833 0.0620     0    0
    215   0.03806    1.1463   1.2650 0.1626 0.1261 0.1198 0.0861 0.0683 0.0560     0    0
    223   0.03745    1.0874   1.2051 0.1447 0.1131 0.0993 0.0868 0.0827 0.0675     0    0
    231   0.03819    1.5435   1.8119 0.1964 0.1544 0.1194 0.0927 0.0835 0.0706     0    0
    239   0.03650    1.1670   1.3520 0.1641 0.1266 0.1077 0.0862 0.0799 0.0698     0    0
    247   0.04199    1.6625   1.7735 0.1497 0.1107 0.0978 0.0735 0.0717 0.0576     0    0
    255   0.04057    2.5317   2.9017 0.2468 0.1660 0.1519 0.1110 0.0958 0.0756     2    2
    263   0.03912    1.1181   1.3031 0.1360 0.1137 0.1074 0.0912 0.0804 0.0659     0    0
    271   0.03977    1.6289   1.8718 0.1594 0.1291 0.1119 0.0858 0.0727 0.0608     0    0
    279   0.04011    1.9908   2.1388 0.1819 0.1485 0.1277 0.1094 0.0957 0.0677     0    0
    287   0.04484    1.7969   1.9819 0.1746 0.1476 0.1275 0.0984 0.0870 0.0708     0    0
    295   0.04277    1.2042   1.3892 0.1524 0.1291 0.1001 0.0829 0.0819 0.0613     1    1
    303   0.03523    1.2832   1.4911 0.1390 0.1041 0.1062 0.0820 0.0736 0.0600     0    0
    311   0.04566    2.3335   2.8515 0.2606 0.1689 0.1716 0.1197 0.1121 0.0861     0    0
    319   0.03972    1.4860   1.5970 0.1426 0.1318 0.1056 0.0970 0.0905 0.0688     1    1
    327   0.03374    1.1954   1.2881 0.1527 0.1281 0.1029 0.0876 0.0788 0.0697     1    1
    335   0.04338    1.5879   1.7138 0.1420 0.1456 0.1066 0.0989 0.0780 0.0647     0    0
    343   0.03448    1.6066   1.7176 0.1670 0.1444 0.1125 0.0898 0.0787 0.0674     2    2
    351   0.04544    1.4026   1.5136 0.1717 0.1368 0.1127 0.0976 0.0879 0.0735     1    1
    359   0.03742    1.4056   1.5845 0.1675 0.1265 0.0998 0.0838 0.0737 0.0607     1    1
    367   0.03667    1.8809   2.0659 0.1710 0.1336 0.1174 0.1043 0.0866 0.0634     0    0
    375   0.02961    1.6517   1.7627 0.1702 0.1159 0.0967 0.0847 0.0776 0.0611     0    0
    383   0.04038    1.0958   1.3575 0.1747 0.1254 0.1229 0.0965 0.0820 0.0628     0    0
    391   0.04475    1.3688   1.5677 0.1604 0.1214 0.1053 0.0851 0.0860 0.0694     1    1
    399   0.03486    1.5602   1.7517 0.1857 0.1438 0.1222 0.1007 0.0826 0.0640     0    0
    407   0.04663    2.4293   2.6143 0.2279 0.1569 0.1383 0.1191 0.0990 0.0717     1    1
    415   0.03633    1.6207   1.8081 0.1801 0.1581 0.1288 0.0925 0.0841 0.0667     0    0
    423   0.03833    1.4241   1.6461 0.1601 0.1205 0.0900 0.0891 0.0765 0.0622     1    1
    431   0.04850    1.3258   1.4539 0.1692 0.1312 0.1192 0.1105 0.1021 0.0685     0    0
    439   0.04206    1.9648   2.1880 0.1965 0.1338 0.1151 0.0921 0.0772 0.0638     1    1
    447   0.04065    1.3094   1.4204 0.1383 0.1009 0.0956 0.0825 0.0780 0.0632     0    0
    455   0.04624    1.6459   1.8874 0.1695 0.1612 0.1234 0.1016 0.0806 0.0728     0    0
    463   0.03920    1.2021   1.3131 0.1585 0.1213 0.1059 0.0883 0.0810 0.0663     0    0
    471   0.03807    1.0150   1.0890 0.1143 0.1101 0.0840 0.0773 0.0678 0.0615     0    0
    479   0.03865    1.2419   1.5228 0.1761 0.1413 0.1164 0.0959 0.0838 0.0647     0    0
    487   0.04307    1.2733   1.4002 0.1695 0.1271 0.1127 0.1068 0.0980 0.0666     0    0
    495   0.03625    1.0488   1.3550 0.1386 0.1087 0.0979 0.0903 0.0856 0.0638     0    0
    503   0.03504    1.2577   1.4057 0.1648 0.1346 0.1054 0.0918 0.0759 0.0609     0    0
    511   0.03712    2.1389   2.2869 0.1737 0.1330 0.1115 0.0924 0.0839 0.0751     0    0
    519   0.05010    1.0355   1.2115 0.1532 0.1097 0.0982 0.0872 0.0787 0.0668     0    0
    527   0.04754    1.7404   1.9963 0.2031 0.1729 0.1424 0.1232 0.1088 0.0817     0    0
    535   0.04534    1.4345   1.5455 0.1459 0.1117 0.1025 0.0840 0.0737 0.0595     2    2
    543   0.05239    1.3134   1.4244 0.1694 0.1355 0.1193 0.0937 0.0787 0.0636     0    0
    551   0.03591    1.0058   1.1753 0.1453 0.1161 0.1120 0.0960 0.0844 0.0614     0    0
    559   0.05088    1.7182   1.8292 0.1456 0.1327 0.1043 0.0896 0.0799 0.0676     1    1
    567   0.04138    1.2785   1.4501 0.1657 0.1245 0.1247 0.0952 0.0923 0.0755     1    1
    575   0.03774    1.4555   1.6134 0.1268 0.1081 0.1108 0.0812 0.0776 0.0656     0    0
    583   0.04227    1.2738   1.7008 0.2063 0.1385 0.1129 0.0870 0.0807 0.0684     0    0
    591   0.04110    1.1646   1.3868 0.1620 0.1322 0.0976 0.0989 0.0876 0.0648     1    1
    599   0.04930    1.5456   1.8046 0.1588 0.1236 0.1014 0.0871 0.0891 0.0646     0    0
    607   0.03525    1.2884   1.3994 0.1471 0.1193 0.1108 0.0992 0.0864 0.0667     1    1
    615   0.04139    1.4470   1.6821 0.1778 0.1492 0.1164 0.0978 0.0788 0.0673     3    1
    623   0.03963    1.1342   1.3140 0.1413 0.1280 0.1134 0.0792 0.0754 0.0639     2    1
    631   0.04305    1.1691   1.4281 0.1682 0.1139 0.1043 0.0958 0.0849 0.0628     1    1
    639   0.04039    1.3109   1.8902 0.1879 0.1577 0.1254 0.1010 0.0955 0.0712     0    0
