3
9
27
81
243
729
2187
6561
19683
59049
177147
531441
1594323
4782969
14348907
43046721
129140163
387420489
1162261467
3486784401
10460353203
31381059609
94143178827
282429536481
847288609443
2541865828329
7625597484987
22876792454961
68630377364883
205891132094649
617673396283947
1853020188851841
5559060566555523
16677181699666569
50031545098999707
150094635296999121
450283905890997363
1350851717672992089
4052555153018976267
12157665459056928801
36472996377170786403
109418989131512359209
328256967394537077627
984770902183611232881
2954312706550833698643
8862938119652501095929
26588814358957503287787
79766443076872509863361
239299329230617529590083
717897987691852588770249
2153693963075557766310747
6461081889226673298932241
19383245667680019896796723
58149737003040059690390169
174449211009120179071170507
523347633027360537213511521
1570042899082081611640534563
4710128697246244834921603689
14130386091738734504764811067
42391158275216203514294433201
127173474825648610542883299603
381520424476945831628649898809
1144561273430837494885949696427
3433683820292512484657849089281
10301051460877537453973547267843
30903154382632612361920641803529
486
7776
248832
6973568802
111577100832
3570467226624
24315330918113857602
389045294689821721632
12449449430074295092224
84782316550432407028588866402
1356517064806918512457421862432
43408546073821392398637499597824
81129638414606681901680137238713
158456325028528881078219995321
151115727657719778932921
81129639132504669387641593914313
158457042926516367039676670921
869013715143681235608521
81172029572881897899303299577265
200847483303744878701382333873
42391309390943655342941271473
2
4
8
16
32
64
128
256
512
1024
32550687248787287144579964711413
4773898401527564265975055825861
19129599516858110354929971680635
8539902491157739332591976107035
36209516187124809108962270457485
24674245881282315301419327206323
28205392713529354493271212345733
32540712921876221994677160961325
4194756511016517482944813607217
873933376313186415111227831097
