3
5
6
9
27
31
33
81
243
255
257
384
486
729
2047
2049
2187
6561
16383
16385
19683
24576
31104
39366
59049
131071
131073
177147
531441
1048575
1048577
1594323
1990656
2519424
3188646
4782969
8388607
8388609
14348907
43046721
67108863
67108865
129140163
161243136
204073344
258280326
387420489
536870911
536870913
1162261467
3486784401
4294967295
4294967297
10460353203
13060694016
16529940864
20920706406
31381059609
34359738367
34359738369
94143178827
274877906943
274877906945
282429536481
847288609443
1057916215296
1338925209984
1694577218886
2199023255551
2199023255553
2541865828329
7625597484987
17592186044415
17592186044417
22876792454961
68630377364883
85691213438976
108452942008704
137260754729766
140737488355327
140737488355329
205891132094649
617673396283947
1125899906842623
1125899906842625
1853020188851841
5559060566555523
6940988288557056
8784688302705024
9007199254740991
9007199254740993
16677181699666569
50031545098999707
55670462648394833
57172583418485269
68149772622318119
71322089253834153
72057594037927935
72057594037927937
74939876428341530
79278282130448234
84394857445768505
89490319406543313
94372402615360507
95674838162784445
99090414712738009
107908836421542142
108524553037123627
112329807459873283
118815142829102475
150094635296999121
153540110946965195
157865095876407641
190188356322859241
191807265485945319
207256953110164519
216600546420708679
247530151542738677
251576434011120384
254889996629826253
266038383030951773
277465547730455439
286416350757095341
311218797523934934
320326707769251857
331386455654591169
346163667761196719
356952999816657718
392134380942901708
394363496643689727
396000506755482311
400069828467807006
403728195825623183
409822216544430482
416876077521298481
438618951876507141
450283905890997363
455200494606748983
458744792229326723
463064301834203650
482119671500466011
483234416758609303
486185103096852355
496357670131618521
513788829273532837
517470595101551905
536802404325913327
562220051373121536
569189270095003000
570830292952237857
572326941654889951
572433257838510768
572627049867943885
576460752303423487
576460752303423489
590218370578222865
613031705966457173
623368384275146405
634359960296101385
635314225693652953
641790928812300209
643417539090246303
645932661389961785
650672341429448759
651923726382437551
658218672219201985
658553823394250641
666326636444662913
671908830000302585
672149667120641717
675083301366334671
702081945583372809
704342283277121510
713669474309506485
727062179473666137
785412989988342027
786295579237787695
787126090804522304
803634785944502825
814419959085439565
821007817303980841
826215597164150959
842969314436319243
851275016977543375
896083772107567231
899082351935573141
909763638706951155
918753898640179995
943497167847247959
946864788125462323
1022687824287316559
1048817377411138677
1057017141424113564
1064655428063289809
1075987293684659541
1084493961189830407
1092335137388067875
1092814357813179449
1109132487831420055
1137319109974875981
