       n  chi  s=j  r=S     B=2^r-n (Bruun IV-class)     T^r(n)         R    log2 U standard ops s+r
       2    1    0    1                            0          1   1.00000   0.00000                1
       3    4    2    4                           13          2   0.83007   0.24511                6
       5    2    1    2                            3          4   0.41504   0.09311                3
       7    7    4    7                          121          5   0.66015   0.17472               11
       9    2    1    2                            3          7   0.41504   0.05247                3
      11    5    3    5                           21         10   0.24511   0.10761                8
      15    7    4    7                          113         10   0.66015   0.07519               11
      23    5    3    5                            9         20   0.24511   0.04348                8
      27   59   37   59                      2^59-27         23   0.35639   0.12506               96
      31   56   35   56                      2^56-31         23   0.52631   0.09568               91
      63   54   34   54                      2^54-63         61   0.11127   0.06473               88
     127   15    9   15                        32641         77   0.73534   0.01344               24
     255   13    8   13                         7937        205   0.32030   0.00543               21
     999   10    6   10                           25        712   0.49022   0.00162               16
     703   81   51   81                     2^81-703        628   0.16691   0.00415              132
   10087  105   66  105                  2^105-10087       7688   0.39247   0.00066              171
   35655  135   85  135                  2^135-35655      29405   0.27819   0.00014              220
  626331  176  111  176                 2^176-626331     597017   0.06916   0.00001              287
