13421671 181
20132507 180
20638335 184
26716671 188
26843343 181
47687103 180
56924955 194
63728127 237
64040575 192
95592191 232
96060863 191
96883183 217
120560383 181
127456255 210
128081151 191
143388287 181
144091295 189
145324775 216
165276159 202
180840575 180
181930687 229
185374023 194
191184383 181
192121727 190
193766367 215
195882855 205
207733375 188
216136943 188
217740015 249
217987163 213
234613999 190
241120767 181
245235559 211
247914239 201
272473947 185
272896031 228
273548319 184
279200511 183
286776575 180
290649551 214
293824283 204
306533191 183
326610023 222
327682215 184
330552319 202
340208287 193
348236187 207
351920999 189
363861375 229
367853339 210
371871359 200
383606875 198
391765711 205
394069551 188
401306907 182
409344047 227
413835007 208
418800767 182
431557735 196
451470271 180
466794943 213
469227999 188
473095167 185
490471119 210
495828479 200
505277679 194
525068415 195
554724991 190
557807039 188
558401023 183
560542111 185
560705383 188
568097511 213
582751335 205
587644927 194
592374783 183
604499583 200
620752511 206
628201151 181
634628095 199
640431195 184
644034303 206
647336603 181
656055295 225
661398811 219
691964415 180
700192415 205
701216679 192
709642751 184
720485095 181
728983087 185
743742719 189
744073663 217
757916519 186
770907375 191
787602623 194
812163943 186
827670015 207
832087487 189
836710559 187
837346239 187
840813167 184
841058075 187
863115471 181
872954535 208
909886879 200
931128767 205
946190335 185
951942143 198
960385983 188
966051455 205
967303807 198
975679647 187
984082943 223
998412031 186
1001633007 193
1009639195 186
1010555359 186
1012039419 187
1013856495 217
1050136831 195
1064464127 183
1072218279 186
1080727643 180
1080905007 208
1093474631 184
1104180463 233
1115614079 186
1116110495 216
1120902255 187
1121084223 184
1121410767 188
1124157679 186
1131337887 204
1135844095 184
1136874779 184
1138235239 188
1156361063 190
1181403935 193
1181574703 201
1199650023 183
1200991791 251
1218245915 185
1232261787 224
1238481223 188
1241505023 198
1255065839 184
1256019359 186
1259894943 188
1261219751 182
1278984127 182
1288068607 206
1290328575 184
1304621055 230
1304658079 184
1309431803 205
1312110591 224
1320095359 189
1324921887 231
1334334567 185
1340844903 207
1364830319 199
1370526655 183
1386294511 222
1396693151 196
1410123943 228
1419285503 184
1440578975 184
1442817471 242
1449077183 204
1450955711 197
1463519471 186
1467707995 211
1473110779 193
1476124415 222
1483334895 223
1488147327 217
1488646911 204
1497618047 181
1515833039 185
1520784743 215
1529278311 187
1531921023 216
1532892519 184
1541814751 191
1567452799 184
1583507967 218
1592698527 192
1596696191 181
1608327419 185
1621254079 196
1624327887 186
1651171495 209
1656270695 229
1657249627 191
1671028383 181
1673421119 185
1674165743 181
1674692479 187
1681626335 183
1685575783 193
1686236519 184
1689494247 198
1694223271 208
1702587391 229
1707352859 187
1734541595 189
1737810559 225
1783218175 186
1783722855 195
1788428991 184
1796254719 195
1799475035 182
1801487687 250
1802411547 218
1809212059 201
1809368347 183
1818225051 180
1827397567 273
1845370879 196
1862257535 197
1864405831 188
1876750183 205
1877345727 219
1884029039 185
1898974207 227
1918476191 181
1920771967 185
1932102911 205
1934607615 198
1935492863 183
1951359295 187
1968165887 220
1987382831 227
1990945095 181
1996118811 183
2024409415 180
2027712991 216
2035539391 181
2044853247 186
2055789983 181
2059750335 195
2078496303 205
2079441767 221
2095039727 193
2115185915 227
2128928255 182
2133598311 188
2136191463 221
2143006719 193
2160868463 183
2164226207 241
2173615775 203
2186571943 183
2195279207 185
2201005927 191
2208360927 215
2214186623 218
2220641307 198
2225002343 210
2232970367 203
2245633663 181
2266952895 227
2268200575 182
2276470479 188
2278407963 181
2281177115 214
2297881535 215
2299338779 183
2312722127 190
2340117223 185
2359638631 184
2375261951 200
2378338047 199
2379584155 225
2381854879 181
2394189159 197
2395044287 180
2399300047 183
2431881119 195
2446991871 182
2476757243 208
2484406043 213
2498221471 196
2507349759 185
2512038719 186
2528363675 192
2534241371 197
2539859815 196
2542554351 192
2553881087 228
2557968255 182
2566324255 210
2572094043 191
2586756127 181
2609214207 187
2654459295 192
2674827263 185
2675584283 193
2677032175 222
2682643487 183
2690883327 189
2694382079 193
2741053311 182
2741096351 270
2760337407 206
2768056319 195
2772589023 222
2777071615 180
2786351899 205
2788008987 282
2793386303 194
2794956799 210
2815125275 200
2816018591 206
2823017199 187
2826043559 184
2836010779 203
2844409135 190
2848461311 226
2851021543 195
2870931759 191
2881157951 184
2884795111 201
2885634943 242
2893605799 188
2898154367 204
2924907519 182
2927038943 186
2937800703 200
2940220527 223
2952248831 219
2966669791 211
2977293823 204
2983456767 192
3004924231 181
3005956207 200
3010032319 191
3026865831 181
3028474015 205
3034110279 185
3037529535 204
3041569487 210
3059071719 188
3063842047 215
3065785039 184
3067279871 185
3083684975 180
3089625503 194
3089997991 181
3092402023 190
3117744455 204
3119162651 220
3128192359 184
3134645887 203
3134905599 180
3136510111 280
3139776511 216
3142559591 192
3146025831 195
3156963231 186
3157880679 205
3167015935 198
3184692507 185
3193341723 196
3193392383 181
3214510079 192
3218369023 180
3241302695 181
3242508159 196
3246339311 240
3260423663 202
3271562271 190
3279857915 181
3281159727 210
3290721279 195
3292918811 184
3301508891 190
3307803291 192
3312541391 210
3314331739 200
3321279935 217
3337503515 209
3342056767 180
3349455551 202
3368450495 180
3378988495 198
3385725343 185
3405174783 229
3446822303 213
3452325103 181
3462580735 189
3502483615 198
3509057983 217
3510175835 182
3556913391 189
3562892927 196
3566436351 186
3567445711 193
3567507071 196
3576857983 184
3582779071 183
3591283739 196
3592509439 194
3599978175 200
3606230431 209
3630969279 200
3647821679 194
3654795135 270
3668109031 203
3678106863 213
3682658907 186
3690741759 196
3695104539 207
3703342015 223
3704533663 182
3711736987 185
3714197503 188
3716258815 203
3721278703 190
3728623207 198
3747332207 195
3752771695 181
3753500367 201
3754691455 205
3761024639 184
3785279815 184
3797627839 193
3797948415 227
3800903527 181
3809789723 193
3813831527 191
3818249983 183
3840045823 181
3898669215 184
3902850079 263
3943414887 190
3945895327 200
3948947815 180
3958464159 182
3969735663 187
3981688943 191
3986537211 190
4012240895 184
4015548263 220
4023965231 182
4036324991 186
4040194207 194
4041573119 192
4089706495 186
4108648191 217
4111644527 268
4114306843 191
4127184999 197
4139484831 187
4142991271 184
4152084479 194
4158883535 220
4166082303 196
4167011775 268
4190079455 193
4192435199 206
4224027887 203
4231032447 192
4252520863 201
4255645311 192
4256336283 199
4270051567 205
4272691967 225
4276532315 193
4286013439 191
