13421671 26843343 4 4 3 2 -1.000000 181 181
56924955 64040575 2 0 2 0 -0.169925 194 192
63728127 95592191 1 0 8 0 -0.584963 237 232
56924955 96060863 3 0 2 0 -0.754888 194 191
63728127 127456255 10 10 9 8 -1.000000 237 210
56924955 128081151 10 8 2 1 -1.169925 194 191
63728127 143388287 2 0 7 0 -1.169925 237 181
56924955 144091295 4 0 2 0 -1.339850 194 189
96883183 145324775 1 0 3 0 -0.584963 217 216
127456255 191184383 1 0 9 0 -0.584963 210 181
128081151 192121727 1 0 7 0 -0.584963 191 190
96883183 193766367 5 5 4 3 -1.000000 217 215
165276159 195882855 10 13 3 2 -0.245112 202 205
56924955 216136943 5 0 2 0 -1.924813 194 188
96883183 217987163 2 0 2 0 -1.169925 217 213
185374023 234613999 4 0 3 0 -0.339850 194 190
120560383 241120767 9 9 8 7 -1.000000 181 181
96883183 245235559 4 0 3 0 -1.339850 217 211
165276159 247914239 1 0 8 0 -0.584963 202 201
181930687 272896031 1 0 5 0 -0.584963 229 228
56924955 273548319 15 6 2 1 -2.264663 194 184
193766367 290649551 1 0 4 0 -0.584963 215 214
195882855 293824283 1 0 2 0 -0.584963 205 204
272473947 306533191 2 0 2 0 -0.169925 185 183
217740015 326610023 1 0 3 0 -0.584963 249 222
195882855 330552319 3 0 3 0 -0.754888 205 202
272473947 340208287 3 11 2 1 -0.320300 185 193
195882855 348236187 4 6 2 1 -0.830075 205 207
185374023 351920999 5 0 5 0 -0.924813 194 189
181930687 363861375 7 7 6 5 -1.000000 229 229
96883183 367853339 5 0 2 0 -1.924813 217 210
165276159 371871359 2 0 7 0 -1.169925 202 200
348236187 391765711 2 0 2 0 -0.169925 207 205
181930687 409344047 2 0 4 0 -1.169925 229 227
96883183 413835007 7 0 4 0 -2.094738 217 208
279200511 418800767 1 0 7 0 -0.584963 183 182
383606875 431557735 2 0 2 0 -0.169925 198 196
181930687 466794943 16 0 8 0 -1.359400 229 213
185374023 469227999 9 5 3 2 -1.339850 194 188
96883183 490471119 8 4 5 3 -2.339850 217 210
195882855 495828479 4 0 3 0 -1.339850 205 200
181930687 505277679 36 1 4 1 -1.473688 229 194
473095167 525068415 11 21 7 6 -0.150375 185 195
165276159 557807039 3 0 6 0 -1.754888 202 188
279200511 558401023 9 9 8 7 -1.000000 183 183
525068415 560705383 11 4 3 2 -0.094738 195 188
525068415 582751335 1 11 3 1 -0.150375 195 205
554724991 592374783 42 35 7 6 -0.094738 190 183
96883183 620752511 8 0 4 0 -2.679700 217 206
279200511 628201151 2 0 6 0 -1.169925 183 181
383606875 647336603 3 0 6 0 -0.754888 198 181
181930687 700192415 17 0 5 0 -1.944363 229 205
473095167 709642751 1 0 9 0 -0.584963 185 184
640431195 720485095 2 0 2 0 -0.169925 184 181
195882855 743742719 5 0 3 0 -1.924813 205 189
661398811 744073663 2 0 2 0 -0.169925 219 217
181930687 757916519 36 0 3 0 -2.058650 229 186
525068415 787602623 1 0 6 0 -0.584963 195 194
96883183 827670015 16 9 4 3 -3.094738 217 207
554724991 832087487 1 0 6 0 -0.584963 190 189
165276159 836710559 4 0 5 0 -2.339850 202 187
560542111 840813167 1 0 4 0 -0.584963 185 184
560705383 841058075 1 0 2 0 -0.584963 188 187
383606875 863115471 6 4 2 1 -1.169925 198 181
96883183 931128767 9 0 4 0 -3.264663 217 205
560705383 946190335 3 0 3 0 -0.754888 188 185
634628095 951942143 1 0 10 0 -0.584963 199 198
644034303 966051455 1 0 7 0 -0.584963 206 205
770907375 975679647 10 6 4 3 -0.339850 191 187
656055295 984082943 1 0 9 0 -0.584963 225 223
701216679 998412031 6 0 3 0 -0.509775 192 186
181930687 1010555359 40 5 5 4 -2.473688 229 186
640431195 1012039419 3 7 5 3 -0.660150 184 187
525068415 1050136831 8 8 7 6 -1.000000 195 195
473095167 1064464127 2 0 8 0 -1.169925 185 183
728983087 1093474631 1 0 3 0 -0.584963 185 184
195882855 1115614079 6 0 3 0 -2.509775 205 186
661398811 1116110495 3 0 2 0 -0.754888 219 216
568097511 1120902255 4 16 3 2 -0.980450 213 187
560542111 1121084223 6 6 5 4 -1.000000 185 184
525068415 1121410767 8 1 4 1 -1.094738 195 188
661398811 1131337887 21 6 2 1 -0.774438 219 204
1009639195 1135844095 2 0 2 0 -0.169925 186 184
181930687 1136874779 37 0 2 0 -2.643613 229 184
960385983 1138235239 7 10 3 2 -0.245112 188 188
770907375 1156361063 1 0 3 0 -0.584963 191 190
525068415 1181403935 2 0 5 0 -1.169925 195 193
181930687 1181574703 39 19 4 3 -2.699250 229 201
812163943 1218245915 1 0 2 0 -0.584963 186 185
827670015 1241505023 1 0 8 0 -0.584963 207 198
165276159 1255065839 5 0 4 0 -2.924813 202 184
837346239 1256019359 1 0 5 0 -0.584963 187 186
872954535 1259894943 24 6 3 2 -0.529325 208 188
560542111 1261219751 2 0 3 0 -1.169925 185 182
181930687 1278984127 39 0 8 0 -2.813538 229 182
644034303 1288068607 9 9 8 7 -1.000000 206 206
872954535 1309431803 1 0 2 0 -0.584963 208 205
656055295 1312110591 11 11 10 9 -1.000000 225 224
661398811 1340844903 13 1 2 1 -1.019550 219 207
909886879 1364830319 1 0 4 0 -0.584963 200 199
812163943 1370526655 3 0 3 0 -0.754888 186 183
1232261787 1386294511 2 0 2 0 -0.169925 224 222
96883183 1396693151 10 0 4 0 -3.849625 217 196
525068415 1419285503 11 0 7 0 -1.434588 195 184
960385983 1440578975 1 0 5 0 -0.584963 188 184
1200991791 1442817471 10 1 4 1 -0.264663 251 242
644034303 1449077183 2 0 6 0 -1.169925 206 204
967303807 1450955711 1 0 6 0 -0.584963 198 197
975679647 1463519471 1 0 4 0 -0.584963 187 186
872954535 1473110779 3 0 2 0 -0.754888 208 193
656055295 1476124415 2 0 8 0 -1.169925 225 222
661398811 1488147327 9 7 2 1 -1.169925 219 217
701216679 1497618047 7 0 3 0 -1.094738 192 181
1010555359 1515833039 1 0 4 0 -0.584963 186 185
1013856495 1520784743 1 0 3 0 -0.584963 217 215
1290328575 1529278311 10 13 3 2 -0.245112 184 187
770907375 1541814751 5 5 4 3 -1.000000 191 191
1238481223 1567452799 4 0 3 0 -0.339850 188 184
473095167 1596696191 3 0 7 0 -1.754888 185 181
1072218279 1608327419 1 0 2 0 -0.584963 186 185
812163943 1624327887 4 4 3 2 -1.000000 186 186
1467707995 1651171495 2 0 2 0 -0.169925 211 209
1104180463 1656270695 1 0 3 0 -0.584963 233 229
872954535 1657249627 5 0 2 0 -0.924813 208 191
195882855 1673421119 7 0 3 0 -3.094738 205 185
661398811 1674165743 4 0 2 0 -1.339850 219 181
837346239 1674692479 7 7 6 5 -1.000000 187 187
1121084223 1681626335 1 0 5 0 -0.584963 184 183
1124157679 1686236519 1 0 3 0 -0.584963 186 184
1138235239 1707352859 1 0 2 0 -0.584963 188 187
770907375 1734541595 2 0 2 0 -1.169925 191 189
1199650023 1799475035 1 0 2 0 -0.584963 183 182
1200991791 1801487687 1 0 3 0 -0.584963 251 250
1013856495 1802411547 5 7 2 1 -0.830075 217 218
1694223271 1809212059 7 0 2 0 -0.094738 208 201
1072218279 1809368347 3 0 2 0 -0.754888 186 183
827670015 1862257535 2 0 7 0 -1.169925 207 197
872954535 1864405831 7 0 5 0 -1.094738 208 188
1583507967 1876750183 10 13 3 2 -0.245112 218 205
1483334895 1877345727 11 7 4 3 -0.339850 223 219
837346239 1884029039 2 0 4 0 -1.169925 187 185
181930687 1918476191 40 0 5 0 -3.398500 229 181
1138235239 1920771967 3 0 3 0 -0.754888 188 185
1288068607 1932102911 1 0 8 0 -0.584963 206 205
967303807 1934607615 8 8 7 6 -1.000000 198 198
1290328575 1935492863 1 0 8 0 -0.584963 184 183
770907375 1951359295 4 0 4 0 -1.339850 191 187
1312110591 1968165887 1 0 10 0 -0.584963 224 220
1324921887 1987382831 1 0 4 0 -0.584963 231 227
872954535 1990945095 18 4 5 3 -1.189475 208 181
1802411547 2027712991 2 0 2 0 -0.169925 218 216
1072218279 2035539391 5 0 3 0 -0.924813 186 181
812163943 2055789983 4 0 3 0 -1.339850 186 181
1232261787 2079441767 3 0 2 0 -0.754888 224 221
96883183 2095039727 11 0 8 0 -4.434588 217 193
1410123943 2115185915 1 0 2 0 -0.584963 228 227
525068415 2128928255 12 0 7 0 -2.019550 195 182
1802411547 2136191463 3 6 2 1 -0.245112 218 221
960385983 2160868463 2 0 4 0 -1.169925 188 183
1200991791 2164226207 10 0 4 0 -0.849625 251 241
644034303 2173615775 3 0 5 0 -1.754888 206 203
975679647 2195279207 2 0 3 0 -1.169925 187 185
1104180463 2208360927 5 5 4 3 -1.000000 233 215
656055295 2214186623 3 0 7 0 -1.754888 225 218
1483334895 2225002343 1 0 3 0 -0.584963 223 210
1488646911 2232970367 1 0 7 0 -0.584963 204 203
1996118811 2245633663 2 0 2 0 -0.169925 183 181
1531921023 2266952895 8 19 6 5 -0.565412 216 227
1138235239 2276470479 4 4 3 2 -1.000000 188 188
2133598311 2278407963 8 1 2 1 -0.094738 188 181
1013856495 2281177115 2 0 2 0 -1.169925 217 214
1531921023 2297881535 1 0 6 0 -0.584963 216 215
1532892519 2299338779 1 0 2 0 -0.584963 184 183
1541814751 2312722127 1 0 4 0 -0.584963 191 190
872954535 2359638631 11 0 6 0 -1.434588 208 184
1583507967 2375261951 1 0 8 0 -0.584963 218 200
1410123943 2379584155 3 0 2 0 -0.754888 228 225
1199650023 2399300047 4 4 3 2 -1.000000 183 183
1621254079 2431881119 1 0 5 0 -0.584963 196 195
1467707995 2476757243 3 0 5 0 -0.754888 211 208
1104180463 2484406043 2 0 2 0 -1.169925 233 213
2220641307 2498221471 2 0 2 0 -0.169925 198 196
1674692479 2512038719 1 0 6 0 -0.584963 187 186
1685575783 2528363675 1 0 2 0 -0.584963 193 192
1689494247 2534241371 1 0 2 0 -0.584963 198 197
2143006719 2539859815 13 16 3 2 -0.245112 193 196
1702587391 2553881087 1 0 9 0 -0.584963 229 228
181930687 2557968255 46 7 6 5 -3.813538 229 182
1013856495 2566324255 4 0 4 0 -1.339850 217 210
1532892519 2586756127 3 0 3 0 -0.754888 184 181
1783218175 2674827263 1 0 13 0 -0.584963 186 185
1783722855 2675584283 1 0 2 0 -0.584963 195 193
1410123943 2677032175 5 0 3 0 -0.924813 228 222
1788428991 2682643487 1 0 5 0 -0.584963 184 183
1796254719 2694382079 1 0 9 0 -0.584963 195 193
812163943 2741053311 10 7 3 2 -1.754888 186 182
1827397567 2741096351 1 0 5 0 -0.584963 273 270
1845370879 2768056319 1 0 12 0 -0.584963 196 195
1232261787 2772589023 7 5 2 1 -1.169925 224 222
1467707995 2786351899 5 0 6 0 -0.924813 211 205
827670015 2793386303 3 0 6 0 -1.754888 207 194
1104180463 2794956799 4 0 4 0 -1.339850 233 210
1876750183 2815125275 1 0 2 0 -0.584963 205 200
1877345727 2816018591 1 0 5 0 -0.584963 219 206
837346239 2826043559 3 0 3 0 -1.754888 187 184
1685575783 2844409135 3 0 3 0 -0.754888 193 190
1898974207 2848461311 1 0 9 0 -0.584963 227 226
1689494247 2851021543 3 0 15 0 -0.754888 198 195
1532892519 2870931759 4 11 3 2 -0.905262 184 191
1138235239 2881157951 4 0 3 0 -1.339850 188 184
1200991791 2885634943 16 7 4 3 -1.264663 251 242
2572094043 2893605799 2 0 2 0 -0.169925 191 188
1288068607 2898154367 2 0 7 0 -1.169925 206 204
770907375 2927038943 5 0 4 0 -1.924813 191 186
1312110591 2952248831 2 0 9 0 -1.169925 224 219
1483334895 2966669791 5 5 4 3 -1.000000 223 211
1488646911 2977293823 9 9 8 7 -1.000000 204 204
1783722855 3010032319 3 0 3 0 -0.754888 195 191
1802411547 3041569487 3 0 2 0 -0.754888 218 210
2266952895 3063842047 11 0 6 0 -0.434588 227 215
2870931759 3065785039 7 0 5 0 -0.094738 191 184
2044853247 3067279871 1 0 9 0 -0.584963 186 185
2059750335 3089625503 1 0 5 0 -0.584963 195 194
2572094043 3089997991 9 0 2 0 -0.264663 191 181
2609214207 3092402023 9 12 3 2 -0.245112 187 190
2078496303 3117744455 1 0 3 0 -0.584963 205 204
1232261787 3119162651 4 0 7 0 -1.339850 224 220
1467707995 3134645887 7 0 2 0 -1.094738 211 203
2788008987 3136510111 2 0 2 0 -0.169925 282 280
2940220527 3139776511 8 1 4 1 -0.094738 223 216
96883183 3142559591 12 0 3 0 -5.019550 217 192
2654459295 3146025831 6 9 3 2 -0.245112 192 195
1876750183 3167015935 3 0 3 0 -0.754888 205 198
1796254719 3193341723 11 13 2 1 -0.830075 195 196
525068415 3193392383 13 0 7 0 -2.604513 195 181
2143006719 3214510079 1 0 11 0 -0.584963 193 192
960385983 3241302695 3 0 3 0 -1.754888 188 181
1621254079 3242508159 7 7 6 5 -1.000000 196 196
1200991791 3246339311 11 0 6 0 -1.434588 251 240
644034303 3260423663 4 0 4 0 -2.339850 206 202
2186571943 3279857915 1 0 2 0 -0.584963 183 181
975679647 3292918811 3 0 2 0 -1.754888 187 184
2201005927 3301508891 1 0 2 0 -0.584963 191 190
2208360927 3312541391 1 0 4 0 -0.584963 215 210
3146025831 3314331739 4 9 2 1 -0.075187 195 200
656055295 3321279935 4 0 6 0 -2.339850 225 217
1483334895 3337503515 2 0 2 0 -1.169925 223 209
1488646911 3349455551 2 0 6 0 -1.169925 204 202
1689494247 3378988495 4 4 3 2 -1.000000 198 198
1702587391 3405174783 11 11 10 9 -1.000000 229 229
1531921023 3446822303 2 0 5 0 -1.169925 216 213
1621254079 3462580735 8 1 6 1 -1.094738 196 189
1232261787 3509057983 6 0 2 0 -1.509775 224 217
2340117223 3510175835 1 0 2 0 -0.584963 185 182
1583507967 3562892927 2 0 7 0 -1.169925 218 196
1783218175 3566436351 15 15 14 13 -1.000000 186 186
1783722855 3567445711 4 4 3 2 -1.000000 195 193
2378338047 3567507071 1 0 7 0 -0.584963 199 196
1788428991 3576857983 7 7 6 5 -1.000000 184 184
3184692507 3582779071 2 0 2 0 -0.169925 185 183
2394189159 3591283739 1 0 2 0 -0.584963 197 196
3193341723 3592509439 2 0 2 0 -0.169925 196 194
3271562271 3630969279 6 16 5 4 -0.150375 190 200
1621254079 3647821679 2 0 4 0 -1.169925 196 194
1827397567 3654795135 7 7 6 5 -1.000000 273 270
2937800703 3668109031 1 9 3 1 -0.320300 200 203
2788008987 3682658907 105 12 6 4 -0.401513 282 186
1845370879 3690741759 14 14 13 12 -1.000000 196 196
2078496303 3695104539 5 7 2 1 -0.830075 205 207
975679647 3704533663 5 0 9 0 -1.924813 187 182
2059750335 3711736987 11 1 2 1 -0.849625 195 185
2201005927 3714197503 3 0 3 0 -0.754888 191 188
3307803291 3721278703 2 0 2 0 -0.169925 192 190
3314331739 3728623207 2 0 2 0 -0.169925 200 198
2220641307 3747332207 3 0 2 0 -0.754888 198 195
1876750183 3753500367 4 4 3 2 -1.000000 205 201
1483334895 3754691455 4 0 4 0 -1.339850 223 205
2507349759 3761024639 1 0 7 0 -0.584963 185 184
1898974207 3797948415 11 11 10 9 -1.000000 227 227
2539859815 3809789723 1 0 2 0 -0.584963 196 193
2542554351 3813831527 1 0 3 0 -0.584963 192 191
3034110279 3840045823 4 0 3 0 -0.339850 185 181
1827397567 3902850079 8 1 5 1 -1.094738 273 263
2078496303 3945895327 5 0 4 0 -0.924813 205 200
2654459295 3981688943 1 0 4 0 -0.584963 192 191
1783218175 4012240895 2 0 12 0 -1.169925 186 184
1410123943 4015548263 6 0 6 0 -1.509775 228 220
1788428991 4023965231 2 0 4 0 -1.169925 184 182
2690883327 4036324991 1 0 7 0 -0.584963 189 186
2394189159 4040194207 3 0 3 0 -0.754888 197 194
1796254719 4041573119 2 0 8 0 -1.169925 195 192
2044853247 4089706495 11 11 10 9 -1.000000 186 186
1200991791 4108648191 24 9 4 3 -1.774438 251 217
1827397567 4111644527 2 0 4 0 -1.169925 273 268
3682658907 4142991271 2 0 2 0 -0.169925 186 184
1845370879 4152084479 2 0 11 0 -1.169925 196 194
2772589023 4158883535 1 0 4 0 -0.584963 222 220
827670015 4190079455 4 0 5 0 -2.339850 207 193
1104180463 4192435199 5 0 4 0 -1.924813 233 206
1877345727 4224027887 2 0 4 0 -1.169925 219 203
3452325103 4252520863 5 25 4 3 -0.300750 181 201
2394189159 4256336283 4 6 2 1 -0.830075 197 199
2924907519 4270051567 11 34 4 3 -0.545862 182 205
1898974207 4272691967 2 0 8 0 -1.169925 227 225
1689494247 4276532315 4 0 2 0 -1.339850 198 193
2539859815 4286013439 3 0 3 0 -0.754888 196 191
