63728127 95592191 1 0 8 0 -0.584963 237 232
63728127 127456255 10 10 9 8 -1.000000 237 210
96883183 145324775 1 0 3 0 -0.584963 217 216
96883183 193766367 5 5 4 3 -1.000000 217 215
165276159 195882855 10 13 3 2 -0.245112 202 205
96883183 217987163 2 0 2 0 -1.169925 217 213
96883183 245235559 4 0 3 0 -1.339850 217 211
165276159 247914239 1 0 8 0 -0.584963 202 201
181930687 272896031 1 0 5 0 -0.584963 229 228
193766367 290649551 1 0 4 0 -0.584963 215 214
195882855 293824283 1 0 2 0 -0.584963 205 204
217740015 326610023 1 0 3 0 -0.584963 249 222
195882855 330552319 3 0 3 0 -0.754888 205 202
195882855 348236187 4 6 2 1 -0.830075 205 207
181930687 363861375 7 7 6 5 -1.000000 229 229
96883183 367853339 5 0 2 0 -1.924813 217 210
348236187 391765711 2 0 2 0 -0.169925 207 205
181930687 409344047 2 0 4 0 -1.169925 229 227
96883183 413835007 7 0 4 0 -2.094738 217 208
181930687 466794943 16 0 8 0 -1.359400 229 213
96883183 490471119 8 4 5 3 -2.339850 217 210
96883183 620752511 8 0 4 0 -2.679700 217 206
181930687 700192415 17 0 5 0 -1.944363 229 205
661398811 744073663 2 0 2 0 -0.169925 219 217
96883183 827670015 16 9 4 3 -3.094738 217 207
96883183 931128767 9 0 4 0 -3.264663 217 205
644034303 966051455 1 0 7 0 -0.584963 206 205
656055295 984082943 1 0 9 0 -0.584963 225 223
661398811 1116110495 3 0 2 0 -0.754888 219 216
661398811 1131337887 21 6 2 1 -0.774438 219 204
181930687 1181574703 39 19 4 3 -2.699250 229 201
644034303 1288068607 9 9 8 7 -1.000000 206 206
872954535 1309431803 1 0 2 0 -0.584963 208 205
656055295 1312110591 11 11 10 9 -1.000000 225 224
661398811 1340844903 13 1 2 1 -1.019550 219 207
1232261787 1386294511 2 0 2 0 -0.169925 224 222
1200991791 1442817471 10 1 4 1 -0.264663 251 242
644034303 1449077183 2 0 6 0 -1.169925 206 204
656055295 1476124415 2 0 8 0 -1.169925 225 222
661398811 1488147327 9 7 2 1 -1.169925 219 217
1013856495 1520784743 1 0 3 0 -0.584963 217 215
1467707995 1651171495 2 0 2 0 -0.169925 211 209
1104180463 1656270695 1 0 3 0 -0.584963 233 229
1200991791 1801487687 1 0 3 0 -0.584963 251 250
1013856495 1802411547 5 7 2 1 -0.830075 217 218
1694223271 1809212059 7 0 2 0 -0.094738 208 201
1583507967 1876750183 10 13 3 2 -0.245112 218 205
1483334895 1877345727 11 7 4 3 -0.339850 223 219
1288068607 1932102911 1 0 8 0 -0.584963 206 205
1312110591 1968165887 1 0 10 0 -0.584963 224 220
1324921887 1987382831 1 0 4 0 -0.584963 231 227
1802411547 2027712991 2 0 2 0 -0.169925 218 216
1232261787 2079441767 3 0 2 0 -0.754888 224 221
1410123943 2115185915 1 0 2 0 -0.584963 228 227
1802411547 2136191463 3 6 2 1 -0.245112 218 221
1200991791 2164226207 10 0 4 0 -0.849625 251 241
644034303 2173615775 3 0 5 0 -1.754888 206 203
1104180463 2208360927 5 5 4 3 -1.000000 233 215
656055295 2214186623 3 0 7 0 -1.754888 225 218
1483334895 2225002343 1 0 3 0 -0.584963 223 210
1488646911 2232970367 1 0 7 0 -0.584963 204 203
1531921023 2266952895 8 19 6 5 -0.565412 216 227
1013856495 2281177115 2 0 2 0 -1.169925 217 214
1531921023 2297881535 1 0 6 0 -0.584963 216 215
1410123943 2379584155 3 0 2 0 -0.754888 228 225
1467707995 2476757243 3 0 5 0 -0.754888 211 208
1104180463 2484406043 2 0 2 0 -1.169925 233 213
1702587391 2553881087 1 0 9 0 -0.584963 229 228
1013856495 2566324255 4 0 4 0 -1.339850 217 210
1410123943 2677032175 5 0 3 0 -0.924813 228 222
1827397567 2741096351 1 0 5 0 -0.584963 273 270
1232261787 2772589023 7 5 2 1 -1.169925 224 222
1467707995 2786351899 5 0 6 0 -0.924813 211 205
1104180463 2794956799 4 0 4 0 -1.339850 233 210
1877345727 2816018591 1 0 5 0 -0.584963 219 206
1898974207 2848461311 1 0 9 0 -0.584963 227 226
1200991791 2885634943 16 7 4 3 -1.264663 251 242
1288068607 2898154367 2 0 7 0 -1.169925 206 204
1312110591 2952248831 2 0 9 0 -1.169925 224 219
1483334895 2966669791 5 5 4 3 -1.000000 223 211
1488646911 2977293823 9 9 8 7 -1.000000 204 204
1802411547 3041569487 3 0 2 0 -0.754888 218 210
2266952895 3063842047 11 0 6 0 -0.434588 227 215
2078496303 3117744455 1 0 3 0 -0.584963 205 204
1232261787 3119162651 4 0 7 0 -1.339850 224 220
1467707995 3134645887 7 0 2 0 -1.094738 211 203
2788008987 3136510111 2 0 2 0 -0.169925 282 280
2940220527 3139776511 8 1 4 1 -0.094738 223 216
1200991791 3246339311 11 0 6 0 -1.434588 251 240
644034303 3260423663 4 0 4 0 -2.339850 206 202
2208360927 3312541391 1 0 4 0 -0.584963 215 210
656055295 3321279935 4 0 6 0 -2.339850 225 217
1483334895 3337503515 2 0 2 0 -1.169925 223 209
1488646911 3349455551 2 0 6 0 -1.169925 204 202
1702587391 3405174783 11 11 10 9 -1.000000 229 229
1531921023 3446822303 2 0 5 0 -1.169925 216 213
1232261787 3509057983 6 0 2 0 -1.509775 224 217
1827397567 3654795135 7 7 6 5 -1.000000 273 270
2078496303 3695104539 5 7 2 1 -0.830075 205 207
1876750183 3753500367 4 4 3 2 -1.000000 205 201
1483334895 3754691455 4 0 4 0 -1.339850 223 205
1898974207 3797948415 11 11 10 9 -1.000000 227 227
1827397567 3902850079 8 1 5 1 -1.094738 273 263
1410123943 4015548263 6 0 6 0 -1.509775 228 220
1200991791 4108648191 24 9 4 3 -1.774438 251 217
1827397567 4111644527 2 0 4 0 -1.169925 273 268
2772589023 4158883535 1 0 4 0 -0.584963 222 220
1104180463 4192435199 5 0 4 0 -1.924813 233 206
1877345727 4224027887 2 0 4 0 -1.169925 219 203
1898974207 4272691967 2 0 8 0 -1.169925 227 225
2885634943 4328452415 1 0 6 0 -0.584963 242 222
2940220527 4410330791 1 0 3 0 -0.584963 223 222
1312110591 4428373247 3 0 8 0 -1.754888 224 217
2966669791 4450004687 1 0 4 0 -0.584963 211 208
3028474015 4542711023 1 0 4 0 -0.584963 205 204
2266952895 4595763071 12 0 6 0 -1.019550 227 213
2788008987 4704765167 3 0 2 0 -0.754888 282 276
2940220527 4709664767 8 0 4 0 -0.679700 223 215
4270051567 4739150527 5 15 4 3 -0.150375 205 215
1200991791 4869508967 12 0 3 0 -2.019550 251 220
3281159727 4921739591 1 0 3 0 -0.584963 210 208
656055295 4981919903 5 0 5 0 -2.924813 225 215
1531921023 5170233455 3 0 4 0 -1.754888 216 211
1232261787 5263586975 7 0 2 0 -2.094738 224 216
1410123943 5354064351 10 5 3 2 -1.924813 228 221
3654795135 5482192703 1 0 6 0 -0.584963 270 269
3703342015 5555013023 1 0 5 0 -0.584963 223 210
3716258815 5574388223 1 0 9 0 -0.584963 203 202
1104180463 5589913599 16 12 4 3 -2.339850 233 207
3797948415 5696922623 1 0 10 0 -0.584963 227 226
5095519323 5732459239 2 0 2 0 -0.169925 226 224
1827397567 5854275119 8 0 4 0 -1.679700 273 262
5058135807 5994827623 9 12 3 2 -0.245112 201 204
1410123943 6023322395 7 0 2 0 -2.094738 228 219
3028474015 6056948031 6 6 5 4 -1.000000 205 205
4855343175 6145043707 4 0 2 0 -0.339850 208 204
4108648191 6162972287 1 0 7 0 -0.584963 217 215
3281159727 6216083103 3 51 4 3 -0.921800 210 257
3281159727 6229076671 5 0 4 0 -0.924813 210 204
4167011775 6250517663 1 0 5 0 -0.584963 268 253
4453263871 6255339099 1 7 2 1 -0.490225 203 208
2788008987 6273020223 8 6 2 1 -1.169925 282 277
2940220527 6279553023 20 13 4 3 -1.094738 223 216
1104180463 6288652799 6 0 4 0 -2.509775 233 205
1898974207 6409037951 3 0 7 0 -1.754888 227 224
4317213543 6475820315 1 0 2 0 -0.584963 213 212
2885634943 6492678623 2 0 5 0 -1.169925 242 220
5554794111 6583459687 8 11 3 2 -0.245112 202 205
4423168159 6634752239 1 0 4 0 -0.584963 205 204
1312110591 6642559871 4 0 7 0 -2.339850 224 216
656055295 6733186075 17 1 2 1 -3.359400 225 204
4490002279 6735003419 1 0 2 0 -0.584963 209 208
6399014119 6741348207 1 6 3 1 -0.075187 223 228
4508052639 6762078959 1 0 4 0 -0.584963 204 203
1410123943 6776237695 9 0 3 0 -2.264663 228 217
5648150943 6785434267 10 1 2 1 -0.264663 210 201
3028474015 6814066535 2 0 3 0 -1.169925 205 203
2266952895 6893644607 13 0 7 0 -1.604513 227 212
4855343175 6913174171 6 0 2 0 -0.509775 208 202
1232261787 7018115967 13 7 2 1 -2.509775 224 217
2940220527 7064497151 9 0 4 0 -1.264663 223 214
4317213543 7285297855 3 0 3 0 -0.754888 213 210
1200991791 7304263451 13 0 2 0 -2.604513 251 218
5822257479 7368794623 4 0 3 0 -0.339850 209 205
3703342015 7406684031 7 7 6 5 -1.000000 223 211
656055295 7472879855 6 0 4 0 -3.509775 225 214
656055295 7574834335 18 0 5 0 -3.529325 225 202
4490002279 7576878847 3 0 3 0 -0.754888 209 206
4317213543 7675046299 4 6 2 1 -0.830075 213 215
6787878127 7740547815 15 1 3 1 -0.189475 217 203
1531921023 7755350183 4 0 3 0 -2.339850 216 210
1827397567 7805700159 13 6 7 5 -2.094738 273 263
1232261787 7895380463 8 0 2 0 -2.679700 224 215
7032588283 7911661819 2 0 8 0 -0.169925 234 232
5279083759 7918625639 1 0 3 0 -0.584963 214 213
6741348207 7989746023 5 8 3 2 -0.245112 228 231
5328487839 7992731759 1 0 4 0 -0.584963 234 233
5354064351 8031096527 1 0 4 0 -0.584963 221 220
5095519323 8052178683 3 7 5 3 -0.660150 226 230
5396162559 8094243839 1 0 10 0 -0.584963 210 208
5328487839 8101778715 22 9 2 1 -0.604513 234 221
5425672039 8138508059 1 0 2 0 -0.584963 212 211
7284070171 8194578943 2 0 2 0 -0.169925 223 221
1200991791 8217296383 15 0 4 0 -2.774438 251 216
7402225435 8327503615 2 0 2 0 -0.169925 220 218
5554794111 8332191167 1 0 6 0 -0.584963 202 201
5589913599 8384870399 1 0 11 0 -0.584963 207 203
4252520863 8505041727 6 6 5 4 -1.000000 201 201
5693861887 8540792831 1 0 11 0 -0.584963 203 201
3797948415 8545383935 2 0 9 0 -1.169925 227 213
5095519323 8598688859 3 0 13 0 -0.754888 226 223
7675046299 8634427087 2 0 2 0 -0.169925 215 213
4317213543 8752228863 22 10 3 2 -1.019550 213 201
1827397567 8781412679 9 0 3 0 -2.264663 273 258
4423168159 8846336319 6 6 5 4 -1.000000 205 203
7032588283 8900619547 4 0 5 0 -0.339850 234 230
4490002279 8980004559 4 4 3 2 -1.000000 209 209
5994827623 8992241435 1 0 2 0 -0.584963 204 203
6012160239 9018240359 1 0 3 0 -0.584963 242 241
6022759071 9034138607 1 0 4 0 -0.584963 237 236
6056948031 9085422047 1 0 5 0 -0.584963 205 204
6058060479 9087090719 1 0 5 0 -0.584963 246 245
8101778715 9114501055 2 0 2 0 -0.169925 221 219
6083704575 9125556863 1 0 7 0 -0.584963 208 207
5425672039 9155821567 3 0 3 0 -0.754888 212 209
8152774747 9171871591 2 0 2 0 -0.169925 229 227
4108648191 9244458431 2 0 6 0 -1.169925 217 214
3281159727 9343615007 6 0 4 0 -1.509775 210 203
6279553023 9419329535 1 0 12 0 -0.584963 216 213
6345654015 9518481023 1 0 7 0 -0.584963 207 206
5396162559 9593177883 12 14 2 1 -0.830075 210 211
1898974207 9613556927 4 0 6 0 -2.339850 227 210
5095519323 9673524967 5 0 2 0 -0.924813 226 221
2885634943 9739017935 3 0 4 0 -1.754888 242 219
6583459687 9875189531 1 0 2 0 -0.584963 205 204
6632333055 9948499583 1 0 7 0 -0.584963 203 202
4423168159 9952128359 2 0 3 0 -1.169925 205 201
7032588283 10013196991 6 0 2 0 -0.509775 234 228
5994827623 10116271615 3 0 3 0 -0.754888 204 201
9002256379 10127538427 2 0 8 0 -0.169925 232 230
1410123943 10164356543 10 0 3 0 -2.849625 228 216
6787878127 10181817191 1 0 3 0 -0.584963 217 205
3028474015 10221099803 3 0 2 0 -1.754888 205 202
6824868351 10237302527 1 0 8 0 -0.584963 230 229
1104180463 10328354151 76 91 3 2 -3.225562 233 222
6995485119 10493227679 1 0 5 0 -0.584963 225 224
5279083759 10558167519 5 5 4 3 -1.000000 214 214
7044668415 10567002623 1 0 9 0 -0.584963 205 203
2940220527 10596745727 10 0 4 0 -1.849625 223 211
5328487839 10656975679 6 6 5 4 -1.000000 234 234
7188480703 10782721055 1 0 5 0 -0.584963 206 205
6824868351 10784977147 10 14 2 1 -0.660150 230 234
9593177883 10792325119 2 0 2 0 -0.169925 211 209
5425672039 10851344079 4 4 3 2 -1.000000 212 205
4317213543 10927946783 4 0 3 0 -1.339850 213 209
7330581999 10995872999 1 0 3 0 -0.584963 218 217
5822257479 11053191935 5 0 3 0 -0.924813 209 204
6583459687 11109588223 3 0 3 0 -0.754888 205 202
1827397567 11113975423 13 0 6 0 -2.604513 273 253
10328354151 11179827199 20 1 3 1 -0.114288 222 203
6058060479 11346051999 7 14 5 4 -0.905262 246 253
4490002279 11365318271 4 0 3 0 -1.339850 209 205
5693861887 11387723775 13 13 12 11 -1.000000 203 202
9002256379 11393480731 4 0 5 0 -0.339850 232 228
10820939775 11399837787 13 18 2 1 -0.075187 203 208
6022759071 11433831675 8 3 2 1 -0.924813 237 232
7729160191 11593740287 1 0 12 0 -0.584963 207 205
7842612255 11763918383 1 0 4 0 -0.584963 208 207
7850335591 11775503387 1 0 2 0 -0.584963 206 205
5279083759 11877938459 2 0 2 0 -1.169925 214 212
7967431807 11951147711 1 0 6 0 -0.584963 203 202
5328487839 11989097639 2 0 3 0 -1.169925 234 232
5994827623 11989655247 4 4 3 2 -1.000000 204 204
6012160239 12024320479 5 5 4 3 -1.000000 242 242
6022759071 12045518143 6 6 5 4 -1.000000 237 237
11346051999 12116120959 7 0 5 0 -0.094738 253 246
10784977147 12133099291 2 0 5 0 -0.169925 234 232
5396162559 12141365759 2 0 9 0 -1.169925 210 207
9002256379 12166768731 12 1 5 1 -0.434588 232 221
6083704575 12167409151 9 9 8 7 -1.000000 208 208
8120521215 12180781823 1 0 8 0 -0.584963 215 214
8138163135 12207244703 1 0 5 0 -0.584963 208 206
10328354151 12241012327 4 7 8 4 -0.245112 222 225
7284070171 12291868415 3 0 2 0 -0.754888 223 218
5328487839 12318470143 27 1 5 1 -1.209025 234 208
10978579099 12350901487 2 0 2 0 -0.169925 220 218
5589913599 12577305599 2 0 10 0 -1.169925 207 201
8386248751 12579373127 1 0 3 0 -0.584963 218 215
6345654015 12691308031 9 9 8 7 -1.000000 207 207
9002256379 12817665823 6 0 2 0 -0.509775 232 226
3797948415 12818075903 3 0 8 0 -1.754888 227 210
11399837787 12824817511 2 0 2 0 -0.169925 208 206
11409315931 12835480423 2 0 2 0 -0.169925 206 204
11425521435 12853711615 2 0 2 0 -0.169925 233 231
11433831675 12863060635 2 0 5 0 -0.169925 232 230
6583459687 13166919375 4 4 3 2 -1.000000 205 205
7850335591 13247441311 3 0 3 0 -0.754888 206 203
6632333055 13264666111 9 9 8 7 -1.000000 203 203
8846336319 13269504479 1 0 5 0 -0.584963 203 202
5279083759 13362680767 4 0 4 0 -1.339850 214 210
11911714587 13400678911 2 0 2 0 -0.169925 210 208
6012160239 13527360539 2 0 2 0 -1.169925 242 240
6022759071 13551207911 2 0 3 0 -1.169925 237 235
1410123943 13552475391 17 8 3 2 -3.264663 228 217
6058060479 13630636079 2 0 4 0 -1.169925 246 244
9707448319 13635702439 1 7 3 1 -0.490225 206 212
10784977147 13649736703 4 0 2 0 -0.339850 234 230
8101778715 13671751583 3 0 2 0 -0.754888 221 217
9002256379 13687614823 13 0 2 0 -0.604513 232 219
1898974207 13688052735 11 1 12 1 -2.849625 227 203
6083704575 13688335295 2 0 6 0 -1.169925 208 205
5425672039 13733732351 4 0 3 0 -1.339850 212 201
8152774747 13757807387 3 0 6 0 -0.754888 229 226
9239932671 13859899007 1 0 7 0 -0.584963 216 213
7842612255 13942421787 6 8 2 1 -0.830075 208 210
9322079871 13983119807 1 0 6 0 -0.584963 223 222
6995485119 13990970239 7 7 6 5 -1.000000 225 225
7044668415 14089336831 11 11 10 9 -1.000000 205 204
13600465639 14135212123 1 18 2 1 -0.055637 207 224
11425521435 14265793567 3 11 2 1 -0.320300 233 241
6345654015 14277721535 2 0 6 0 -1.169925 207 205
7188480703 14376961407 7 7 6 5 -1.000000 206 205
13153370623 14401883775 1 23 7 1 -0.130825 206 228
1898974207 14420335391 5 0 5 0 -2.924813 227 208
9626513407 14439770111 1 0 11 0 -0.584963 220 210
9640529055 14460793583 1 0 4 0 -0.584963 208 201
6022759071 14470943215 9 0 4 0 -1.264663 237 228
12235060455 14500812391 4 7 7 4 -0.245112 345 345
9707448319 14561172479 1 0 10 0 -0.584963 206 205
4317213543 14570595711 10 7 3 2 -1.754888 213 210
9743830575 14615745863 1 0 3 0 -0.584963 210 209
6012160239 14642560767 30 9 4 3 -1.284213 242 221
7330581999 14661163999 5 5 4 3 -1.000000 218 213
5822257479 14737589247 14 10 3 2 -1.339850 209 205
11879947431 14833185391 4 12 3 2 -0.320300 220 228
12580018503 14909651559 4 7 5 3 -0.245112 205 205
6632333055 14922749375 2 0 6 0 -1.169925 203 201
12697550367 15048948583 6 9 3 2 -0.245112 205 208
656055295 15149668671 24 6 6 5 -4.529325 225 201
4490002279 15153757695 12 9 3 2 -1.754888 209 206
6012160239 15218280607 4 0 4 0 -1.339850 242 238
1410123943 15246534815 11 0 3 0 -3.434588 228 215
14509045503 15285249583 9 14 4 3 -0.075187 204 209
10199539711 15299309567 1 0 12 0 -0.584963 222 221
10207318975 15310978463 1 0 5 0 -0.584963 208 207
6824868351 15355953791 2 0 7 0 -1.169925 230 228
10240078383 15360117575 1 0 3 0 -0.584963 213 211
10271872239 15407808359 1 0 3 0 -0.584963 210 208
7729160191 15458320383 14 14 13 12 -1.000000 207 205
8152774747 15477533311 5 0 2 0 -0.924813 229 224
4317213543 15559517979 13 3 2 1 -1.849625 213 203
14876659047 15672529695 1 6 3 1 -0.075187 202 207
13942421787 15685224511 2 0 2 0 -0.169925 210 208
7850335591 15700671183 4 4 3 2 -1.000000 206 206
6995485119 15739841519 2 0 4 0 -1.169925 225 223
10496077671 15744116507 1 0 2 0 -0.584963 210 209
10558167519 15837251279 1 0 4 0 -0.584963 214 213
7044668415 15850503935 2 0 8 0 -1.169925 205 202
14135212123 15902113639 2 0 2 0 -0.169925 224 222
8386248751 15920769115 5 0 2 0 -0.924813 218 211
14172374811 15943921663 2 0 2 0 -0.169925 216 214
10656975679 15985463519 1 0 5 0 -0.584963 234 232
10661687143 15992530715 1 0 2 0 -0.584963 221 220
10662163071 15993244607 1 0 6 0 -0.584963 205 204
14312909563 16102023259 2 0 5 0 -0.169925 219 217
15300965535 16119535707 6 11 2 1 -0.075187 207 212
7188480703 16174081583 2 0 4 0 -1.169925 206 203
10820939775 16231409663 1 0 11 0 -0.584963 203 202
8120521215 16241042431 10 10 9 8 -1.000000 215 215
8138163135 16276326271 7 7 6 5 -1.000000 208 207
14505962235 16319207515 2 0 5 0 -0.169925 210 208
15507788443 16337423215 1 6 2 1 -0.075187 201 206
7284070171 16389157887 12 10 2 1 -1.169925 223 219
4317213543 16391920175 5 0 3 0 -1.924813 213 208
9239932671 16426546971 9 11 2 1 -0.830075 216 216
7330581999 16493809499 2 0 2 0 -1.169925 218 211
6583459687 16664382335 4 0 3 0 -1.339850 205 201
1827397567 16670963135 14 0 9 0 -3.189475 273 252
11119276783 16678915175 1 0 3 0 -0.584963 213 201
11251599519 16877399279 1 0 4 0 -0.584963 205 203
11300988463 16951482695 1 0 3 0 -0.584963 229 227
4490002279 17047977407 5 0 3 0 -1.924813 209 204
11386056319 17079084479 1 0 6 0 -0.584963 208 203
16217833471 17085454191 1 6 4 1 -0.075187 206 211
9743830575 17322365467 5 7 2 1 -0.830075 210 212
7729160191 17390610431 2 0 11 0 -1.169925 207 203
13904287047 17597613295 4 0 3 0 -0.339850 214 210
16798053615 17696714919 5 10 3 2 -0.075187 201 206
10496077671 17712131071 3 0 3 0 -0.754888 210 207
6012160239 17793716335 21 32 7 5 -1.565412 242 253
11879947431 17819921147 1 0 2 0 -0.584963 220 219
6022759071 17825084863 10 21 5 4 -1.565412 237 248
12724097983 17873081391 1 7 4 1 -0.490225 209 215
8386248751 17910865255 7 0 3 0 -1.094738 218 209
5328487839 17983646459 3 0 2 0 -1.754888 234 230
10661687143 17991597055 3 0 3 0 -0.754888 221 218
17108656891 18023934831 1 6 2 1 -0.075187 239 244
12024320479 18036480719 1 0 4 0 -0.584963 242 241
14312909563 18114776167 4 0 2 0 -0.339850 219 215
16119535707 18134477671 2 0 2 0 -0.169925 212 210
12098298367 18147447551 1 0 8 0 -0.584963 208 206
11346051999 18174181439 8 0 5 0 -0.679700 253 245
12148187295 18222280943 1 0 4 0 -0.584963 210 205
5328487839 18229002111 16 1 5 1 -1.774438 234 218
10271872239 18261106203 5 7 2 1 -0.830075 210 210
8138163135 18310867055 2 0 4 0 -1.169925 208 205
5425672039 18311643135 18 15 3 2 -1.754888 212 202
8152774747 18343743183 6 4 2 1 -1.169925 229 227
12235060455 18352590683 1 0 2 0 -0.584963 345 341
7284070171 18437802623 4 0 2 0 -1.339850 223 217
16410884187 18462244711 2 0 2 0 -0.169925 219 217
5328487839 18477705215 27 0 5 0 -1.793988 234 206
16426546971 18479865343 2 0 2 0 -0.169925 216 214
9743830575 18498053359 5 0 6 0 -0.924813 210 205
7330581999 18555535687 4 0 3 0 -1.339850 218 209
9322079871 18644159743 8 8 7 6 -1.000000 223 222
12448936807 18673405211 1 0 2 0 -0.584963 203 201
12487165567 18730748351 1 0 6 0 -0.584963 207 206
10662163071 18954956571 8 10 2 1 -0.830075 205 207
12670409887 19005614831 1 0 4 0 -0.584963 209 208
12854978559 19022932927 1 12 6 1 -0.565412 209 220
11879947431 19029378687 16 8 3 2 -0.679700 220 212
12691308031 19036962047 1 0 8 0 -0.584963 207 206
12697550367 19046325551 1 0 4 0 -0.584963 205 204
18108050463 19076793903 6 11 4 3 -0.075187 202 207
12771074215 19156611323 1 0 2 0 -0.584963 204 203
11399837787 19237226267 3 0 6 0 -0.754888 208 205
17108656891 19247239003 2 0 5 0 -0.169925 239 237
9626513407 19253026815 13 13 12 11 -1.000000 220 210
11425521435 19280567423 3 0 2 0 -0.754888 233 230
9640529055 19281058111 6 6 5 4 -1.000000 208 202
12854978559 19282467839 1 0 10 0 -0.584963 209 208
12875326399 19312989599 1 0 5 0 -0.584963 229 225
17168436891 19314491503 2 0 2 0 -0.169925 205 203
9707448319 19414896639 12 12 11 10 -1.000000 206 206
10240078383 19440148807 5 0 3 0 -0.924813 213 207
13025950831 19538926247 1 0 3 0 -0.584963 206 203
13264666111 19896999167 1 0 8 0 -0.584963 203 202
13265669055 19898503583 1 0 5 0 -0.584963 207 206
8846336319 19904256719 2 0 4 0 -1.169925 203 201
6995485119 19920736923 9 3 2 1 -1.509775 225 219
5279083759 20044021151 5 0 4 0 -1.924813 214 209
11879947431 20047411291 3 0 2 0 -0.754888 220 217
12235060455 20136615963 40 8 2 1 -0.718800 345 310
13469275551 20203913327 1 0 4 0 -0.584963 229 227
15988298991 20235190911 12 8 4 3 -0.339850 210 206
10128782079 20257564159 9 9 8 7 -1.000000 201 201
20042431131 20315875327 13 1 2 1 -0.019550 220 208
13552475391 20328713087 1 0 7 0 -0.584963 217 216
18109697275 20373409435 2 0 5 0 -0.169925 223 221
13592085183 20388127775 1 0 5 0 -0.584963 210 209
10199539711 20399079423 14 14 13 12 -1.000000 222 222
13600465639 20400698459 1 0 2 0 -0.584963 207 205
10207318975 20414637951 7 7 6 5 -1.000000 208 205
6058060479 20445954119 3 0 3 0 -1.754888 246 243
10784977147 20474605055 5 0 2 0 -0.924813 234 229
9002256379 20531422235 14 0 5 0 -1.189475 232 217
1410123943 20606063103 23 1 3 1 -3.869175 228 204
12235060455 20646664519 3 0 5 0 -0.754888 345 339
20456754879 20735851803 15 3 2 1 -0.019550 245 233
9239932671 20789848511 2 0 6 0 -1.169925 216 212
13910426863 20865640295 1 0 3 0 -0.584963 204 203
9322079871 20974679711 2 0 5 0 -1.169925 223 220
13990970239 20986455359 1 0 6 0 -0.584963 225 224
10496077671 20992155343 4 4 3 2 -1.000000 210 210
14089336831 21134005247 1 0 10 0 -0.584963 204 203
20136615963 21213883483 3 8 6 3 -0.075187 310 315
10661687143 21323374287 4 4 3 2 -1.000000 221 221
18954956571 21324326143 2 0 2 0 -0.169925 207 205
19007980827 21383978431 2 0 2 0 -0.169925 214 212
11300988463 21454220287 5 0 4 0 -0.924813 229 223
12771074215 21551187739 3 0 2 0 -0.754888 204 201
14376961407 21565442111 1 0 6 0 -0.584963 205 204
20259484783 21634518175 8 1 4 1 -0.094738 216 209
11399837787 21641879551 5 0 2 0 -0.924813 208 203
17108656891 21653143879 4 0 2 0 -0.339850 239 235
9626513407 21659655167 2 0 10 0 -1.169925 220 208
6022759071 21706414823 10 0 3 0 -1.849625 237 227
14500812391 21751218587 1 0 2 0 -0.584963 345 344
14509045503 21763568255 1 0 7 0 -0.584963 204 203
9707448319 21841758719 2 0 9 0 -1.169925 206 204
14570595711 21855893567 1 0 6 0 -0.584963 210 208
17108656891 21948563455 35 19 2 1 -0.359400 239 223
14642560767 21963841151 1 0 7 0 -0.584963 221 215
19546406139 21989706907 2 0 5 0 -0.169925 203 201
14661163999 21991745999 1 0 4 0 -0.584963 213 212
14672076415 22008114623 1 0 6 0 -0.584963 218 217
17419900231 22047061231 4 0 3 0 -0.339850 216 212
7284070171 22150346011 14 1 9 1 -1.604513 223 208
5554794111 22219176447 22 22 7 6 -2.000000 202 202
1827397567 22227950847 21 8 6 5 -3.604513 273 253
11119276783 22238553567 5 5 4 3 -1.000000 213 202
14833185391 22249778087 1 0 3 0 -0.584963 228 227
14870170783 22305256175 1 0 4 0 -0.584963 205 204
14873421823 22310132735 1 0 10 0 -0.584963 205 204
19832363259 22311408667 2 0 5 0 -0.169925 205 203
14884335615 22326503423 1 0 11 0 -0.584963 255 242
14929915519 22394873279 1 0 6 0 -0.584963 217 215
19920736923 22410829039 2 0 2 0 -0.169925 219 217
19920945819 22411064047 2 0 2 0 -0.169925 218 216
11251599519 22503199039 6 6 5 4 -1.000000 205 204
20042431131 22547735023 2 0 2 0 -0.169925 220 218
11879947431 22553337703 5 0 6 0 -0.924813 220 215
15048948583 22573422875 1 0 2 0 -0.584963 208 207
20107715227 22621179631 2 0 2 0 -0.169925 214 212
20136615963 22653692959 2 0 2 0 -0.169925 310 308
15153757695 22730636543 1 0 8 0 -0.584963 206 205
20218447131 22745753023 2 0 2 0 -0.169925 257 255
9626513407 22818402151 18 21 3 2 -1.245112 220 213
6012160239 22827420911 5 0 10 0 -1.924813 242 232
1410123943 22869802223 12 0 3 0 -4.019550 228 214
18109697275 22920085615 4 0 2 0 -0.339850 223 219
15285249583 22927874375 1 0 3 0 -0.584963 209 208
10199539711 22948964351 2 0 11 0 -1.169925 222 220
13600465639 22950785767 3 0 12 0 -0.754888 207 203
6824868351 23033930687 3 0 6 0 -1.754888 230 227
12148187295 23062574319 10 5 4 3 -0.924813 210 201
9002256379 23097850015 16 0 2 0 -1.359400 232 215
15458320383 23187480575 1 0 13 0 -0.584963 205 204
16522112167 23208014895 1 7 3 1 -0.490225 217 223
8152774747 23216299967 6 0 2 0 -1.509775 229 222
20735851803 23327833279 2 0 2 0 -0.169925 233 231
15562413159 23343619739 1 0 2 0 -0.584963 207 205
21407990427 23440029087 7 29 2 1 -0.130825 261 283
7330581999 23484349855 8 0 4 0 -1.679700 218 205
16799376063 23597477487 1 7 4 1 -0.490225 220 226
6995485119 23609762279 3 0 3 0 -1.754888 225 222
23440029087 23759827611 13 1 2 1 -0.019550 283 271
21172360987 23818906111 2 0 2 0 -0.169925 205 203
21213883483 23865618919 2 0 2 0 -0.169925 315 313
14172374811 23915882495 3 0 2 0 -0.754888 216 213
20218447131 23962604007 3 6 2 1 -0.245112 257 260
15988298991 23982448487 1 0 3 0 -0.584963 210 209
10662163071 23989866911 2 0 5 0 -1.169925 205 203
16012410879 24018616319 1 0 16 0 -0.584963 227 222
17793716335 24048640959 18 7 4 3 -0.434588 253 237
21407990427 24083989231 2 0 2 0 -0.169925 261 259
16065909375 24098864063 1 0 6 0 -0.584963 212 211
20107715227 24156503835 12 3 7 3 -0.264663 214 205
12098298367 24196596735 10 10 9 8 -1.000000 208 207
19139038023 24222844999 4 0 8 0 -0.339850 212 208
7188480703 24261122375 3 0 3 0 -1.754888 206 202
12148187295 24296374591 6 6 5 4 -1.000000 210 206
16217833471 24326750207 1 0 14 0 -0.584963 206 205
10820939775 24347114495 2 0 10 0 -1.169925 203 201
16267376031 24401064047 1 0 4 0 -0.584963 215 201
16276326271 24414489407 1 0 6 0 -0.584963 207 205
14500812391 24470120911 3 0 3 0 -0.754888 345 342
20456754879 24575824359 13 4 3 2 -0.264663 245 236
16389157887 24583736831 1 0 9 0 -0.584963 219 218
4317213543 24587880263 6 0 5 0 -2.509775 213 206
21855912603 24587901679 2 0 2 0 -0.169925 212 210
10240078383 24603938335 9 0 4 0 -1.264663 213 203
16423439463 24635159195 1 0 2 0 -0.584963 203 202
5328487839 24636940287 39 13 5 4 -2.209025 234 207
16443071487 24664607231 1 0 9 0 -0.584963 203 202
16517543967 24776315951 1 0 4 0 -0.584963 205 201
16522112167 24783168251 1 0 2 0 -0.584963 217 216
7284070171 24919139263 15 0 2 0 -1.774438 223 206
12487165567 24974331135 8 8 7 6 -1.000000 207 205
23736146247 25005981231 4 9 3 2 -0.075187 211 216
1827397567 25006444703 15 0 5 0 -3.774438 273 251
23440029087 25030929499 15 8 2 1 -0.094738 283 276
21181668351 25104199527 11 14 3 2 -0.245112 214 217
16799376063 25199064095 1 0 5 0 -0.584963 220 217
23962604007 25244554015 1 6 3 1 -0.075187 260 265
22443633915 25249088155 2 0 5 0 -0.169925 204 202
11251599519 25316098919 2 0 3 0 -1.169925 205 202
17793716335 25335193767 10 4 3 2 -0.509775 253 242
15048948583 25395100735 3 0 3 0 -0.754888 208 205
4490002279 25571966111 6 0 3 0 -2.509775 209 203
17065503871 25598255807 1 0 6 0 -0.584963 205 203
11399837787 25649635023 6 4 2 1 -1.169925 208 206
22819513371 25671952543 2 0 2 0 -0.169925 208 205
11425521435 25707423231 11 9 2 1 -1.169925 233 222
12854978559 25709957119 12 12 11 10 -1.000000 209 209
17153803711 25730705567 1 0 5 0 -0.584963 227 226
12875326399 25750652799 7 7 6 5 -1.000000 229 226
6058060479 25876910683 7 0 2 0 -2.094738 246 239
21616950943 25969631679 10 1 5 1 -0.264663 213 204
16443071487 25984112967 11 15 3 2 -0.660150 203 207
13025950831 26051901663 5 5 4 3 -1.000000 206 204
7729160191 26085915647 3 0 10 0 -1.754888 207 202
12235060455 26130934783 7 0 3 0 -1.094738 345 335
15562413159 26261572207 3 0 3 0 -0.754888 207 203
24902787007 26289874335 54 6 5 4 -0.078200 287 239
17562320895 26343481343 1 0 13 0 -0.584963 227 226
13904287047 26396419943 5 0 5 0 -0.924813 214 209
17717800959 26576701439 1 0 11 0 -0.584963 207 206
24902787007 26592966399 16 9 6 5 -0.094738 287 280
17793716335 26690574503 1 0 3 0 -0.584963 253 247
5279083759 26725361535 11 7 4 3 -2.339850 214 210
23440029087 26729806063 14 0 4 0 -0.189475 283 269
17893274559 26839911839 1 0 5 0 -0.584963 222 221
8386248751 26866297883 8 0 2 0 -1.679700 218 208
10661687143 26987395583 4 0 3 0 -1.339850 221 217
24001100443 27001237999 2 0 2 0 -0.169925 204 202
24010370299 27011666587 2 0 5 0 -0.169925 208 206
18019682047 27029523071 1 0 7 0 -0.584963 247 246
25718441407 27094325103 1 6 4 1 -0.075187 208 213
18108050463 27162075695 1 0 4 0 -0.584963 202 201
14312909563 27172164251 5 0 5 0 -0.924813 219 203
24156503835 27176066815 2 0 2 0 -0.169925 205 203
13592085183 27184170367 7 7 6 5 -1.000000 210 210
13600465639 27200931279 4 4 3 2 -1.000000 207 205
12098298367 27221171327 2 0 7 0 -1.169925 208 205
18162338031 27243507047 1 0 3 0 -0.584963 233 232
12148187295 27333421415 2 0 3 0 -1.169925 210 204
9002256379 27375229647 17 4 2 1 -1.604513 232 217
17108656891 27404760223 8 0 2 0 -0.679700 239 222
17793716335 27423835803 26 1 2 1 -0.624063 253 223
18283986687 27425980031 1 0 7 0 -0.584963 202 201
8138163135 27466300583 3 0 3 0 -1.754888 208 203
18311643135 27467464703 1 0 14 0 -0.584963 202 201
15562413159 27666512283 4 6 2 1 -0.830075 207 208
16410884187 27693367067 3 0 6 0 -0.754888 219 216
5328487839 27716557823 28 0 5 0 -2.378950 234 205
16426546971 27719798015 3 0 2 0 -0.754888 216 213
9743830575 27747080039 6 0 3 0 -1.509775 210 203
13910426863 27820853727 5 5 4 3 -1.000000 204 204
16522112167 27881064283 3 0 2 0 -0.754888 217 214
17419900231 27903311871 23 15 3 2 -0.679700 216 208
18644159743 27966239615 1 0 7 0 -0.584963 222 221
18700986879 28051480319 1 0 8 0 -0.584963 215 214
12487165567 28096122527 2 0 5 0 -1.169925 207 203
25030929499 28159795687 2 0 2 0 -0.169925 276 274
18808471551 28212707327 1 0 14 0 -0.584963 220 219
18857839743 28286759615 1 0 6 0 -0.584963 208 205
6995485119 28363705503 18 6 5 4 -2.019550 225 213
15988298991 28423642651 5 7 2 1 -0.830075 210 212
22546530631 28535452831 4 0 3 0 -0.339850 218 205
16065909375 28561616667 8 10 2 1 -0.830075 212 214
20107715227 28629930471 10 4 2 1 -0.509775 214 208
14322265959 28644531919 4 4 3 2 -1.000000 201 201
25488523035 28674588415 2 0 2 0 -0.169925 213 211
20456754879 28734865563 1 7 2 1 -0.490225 245 251
7188480703 28753922815 15 15 6 5 -2.000000 206 205
19187963839 28781945759 1 0 5 0 -0.584963 210 208
19253026815 28879540223 1 0 12 0 -0.584963 210 209
19256806639 28885209959 1 0 3 0 -0.584963 237 236
11425521435 28920851135 4 0 2 0 -1.339850 233 217
19281058111 28921587167 1 0 5 0 -0.584963 202 201
12854978559 28923701759 2 0 9 0 -1.169925 209 207
6022759071 28941886431 14 5 6 4 -2.264663 237 228
1410123943 28944593439 22 6 3 2 -4.359400 228 210
16065909375 28951290367 10 0 7 0 -0.849625 212 202
12875326399 28969484399 2 0 4 0 -1.169925 229 224
15285249583 29018091007 5 0 4 0 -0.924813 209 203
13592085183 29029189743 12 5 4 3 -1.094738 210 203
25823319067 29051233951 2 0 2 0 -0.169925 229 227
17696714919 29064720987 4 25 2 1 -0.715787 206 213
6058060479 29111524519 9 0 3 0 -2.264663 246 237
19414896639 29122344959 1 0 11 0 -0.584963 206 203
19422742687 29134114031 1 0 4 0 -0.584963 208 206
6012160239 29285121535 22 1 4 1 -2.284213 242 216
13025950831 29308389371 2 0 2 0 -1.169925 206 202
14672076415 29344152831 8 8 7 6 -1.000000 218 215
6824868351 29550051327 21 2 9 2 -2.114288 230 211
23751051775 29655329391 1 9 4 1 -0.320300 204 212
6012160239 29684666203 33 0 2 0 -2.303763 242 204
25077501375 29721483111 7 10 3 2 -0.245112 222 225
21172360987 29740051647 3 9 2 1 -0.490225 205 211
14870170783 29740341567 6 6 5 4 -1.000000 205 203
14884335615 29768671231 13 13 12 11 -1.000000 255 243
14929915519 29859831039 8 8 7 6 -1.000000 217 216
17065503871 29930326183 12 26 3 2 -0.810525 205 218
20218447131 29982012519 44 2 2 1 -0.568425 257 215
19007980827 30037303035 3 7 5 3 -0.660150 214 218
20041239039 30061858559 1 0 8 0 -0.584963 204 203
20045620159 30068430239 1 0 5 0 -0.584963 219 218
20096025631 30144038447 1 0 4 0 -0.584963 247 242
20125540911 30188311367 1 0 3 0 -0.584963 211 208
8386248751 30224585119 10 0 4 0 -1.849625 218 206
20235190911 30352786367 1 0 6 0 -0.584963 206 205
26985937563 30359179759 2 0 2 0 -0.169925 220 218
20259484783 30389227175 1 0 3 0 -0.584963 216 213
20306699199 30460048799 1 0 5 0 -0.584963 213 212
20311668127 30467502191 1 0 4 0 -0.584963 222 221
13552475391 30493069631 2 0 6 0 -1.169925 217 215
16065909375 30500124831 30 25 5 4 -0.924813 212 207
14312909563 30568684783 7 0 2 0 -1.094738 219 201
27174660699 30571493287 2 0 2 0 -0.169925 217 215
27182699163 30580536559 2 0 2 0 -0.169925 222 220
13592085183 30582191663 2 0 4 0 -1.169925 210 208
20456754879 30685132319 1 0 5 0 -0.584963 245 241
10784977147 30711907583 6 0 2 0 -1.509775 234 228
24280134895 30729545727 16 12 4 3 -0.339850 210 205
20567974399 30851961599 1 0 8 0 -0.584963 207 206
27427620507 30856073071 2 0 2 0 -0.169925 203 201
1410123943 30909094655 23 0 3 0 -4.454138 228 203
20633153535 30949730303 1 0 11 0 -0.584963 212 211
8152774747 30955066623 13 8 2 1 -1.924813 229 215
29064720987 31037375391 13 6 2 1 -0.094738 213 205
20694665215 31041997823 1 0 10 0 -0.584963 205 203
27666512283 31124826319 2 0 2 0 -0.169925 208 205
18700986879 31133157447 10 19 3 2 -0.735337 215 222
16410884187 31155037951 5 0 2 0 -0.924813 219 214
9239932671 31184772767 3 0 5 0 -1.754888 216 211
20831498991 31247248487 1 0 3 0 -0.584963 205 203
20840459623 31260689435 1 0 2 0 -0.584963 210 209
13910426863 31298460443 2 0 2 0 -1.169925 204 202
20902969503 31354454255 1 0 4 0 -0.584963 207 206
16522112167 31366197319 5 0 5 0 -0.924813 217 212
20956802079 31435203119 1 0 4 0 -0.584963 241 240
29859831039 31457270559 1 6 5 1 -0.075187 216 221
9322079871 31462019567 3 0 4 0 -1.754888 223 219
13990970239 31479683039 2 0 5 0 -1.169925 225 223
20994600175 31491900263 1 0 3 0 -0.584963 208 205
14089336831 31701007871 2 0 9 0 -1.169925 204 201
17893274559 31810265883 7 9 2 1 -0.830075 222 224
21251753199 31877629799 1 0 3 0 -0.584963 206 205
14172374811 31887843327 15 13 2 1 -1.169925 216 214
28423642651 31976597983 2 0 2 0 -0.169925 212 210
18954956571 31986489215 3 0 2 0 -0.754888 207 204
16012410879 32024821759 18 18 17 16 -1.000000 227 223
26682533791 32055194863 9 0 4 0 -0.264663 210 201
19007980827 32075967647 3 0 2 0 -0.754888 214 211
11300988463 32181330431 6 0 4 0 -1.509775 229 220
21616950943 32425426415 1 0 4 0 -0.584963 213 212
16217833471 32435666943 16 16 15 14 -1.000000 206 206
20259484783 32451777263 8 0 7 0 -0.679700 216 206
11399837787 32462819327 6 0 2 0 -1.509775 208 202
9626513407 32489482751 3 0 9 0 -1.754888 220 207
6022759071 32559622235 11 0 2 0 -2.434588 237 226
20633153535 32605477191 13 17 3 2 -0.660150 212 216
21754342527 32631513791 1 0 6 0 -0.584963 217 216
29021576347 32649273391 2 0 2 0 -0.169925 215 213
29064720987 32697811111 2 0 2 0 -0.169925 213 210
16359387375 32718774751 5 5 4 3 -1.000000 201 201
9707448319 32762638079 3 0 8 0 -1.754888 206 201
21844338111 32766507167 1 0 5 0 -0.584963 212 211
21879934495 32819901743 1 0 4 0 -0.584963 242 241
21915876511 32873814767 1 0 4 0 -0.584963 214 213
25984112967 32886142975 4 0 3 0 -0.339850 207 203
21948563455 32922845183 1 0 14 0 -0.584963 223 213
21956707359 32935061039 1 0 4 0 -0.584963 229 228
23474012799 32973098911 8 14 5 4 -0.490225 216 222
14672076415 33012171935 2 0 5 0 -1.169925 218 213
17419900231 33070591847 5 0 5 0 -0.924813 216 211
20456754879 33214825119 21 1 5 1 -0.699250 245 222
22167115111 33250672667 1 0 2 0 -0.584963 215 210
22212764703 33319147055 1 0 4 0 -0.584963 204 203
21915876511 33322320927 14 1 7 1 -0.604513 214 201
22227950847 33341926271 1 0 7 0 -0.584963 253 252
22238553567 33357830351 1 0 4 0 -0.584963 202 201
6012160239 33395249479 35 0 3 0 -2.473688 242 202
14870170783 33457884263 2 0 3 0 -1.169925 205 201
14884335615 33489755135 2 0 10 0 -1.169925 255 241
29822898427 33550760731 2 0 5 0 -0.169925 208 206
14929915519 33592309919 2 0 5 0 -1.169925 217 214
16799376063 33598752127 7 7 6 5 -1.000000 220 218
6995485119 33616243559 9 0 3 0 -2.264663 225 216
19920945819 33616596071 3 0 2 0 -0.754888 218 215
22441748479 33662622719 1 0 10 0 -0.584963 218 217
26713719111 33809550751 4 0 3 0 -0.339850 217 208
20107715227 33931769447 3 0 2 0 -0.754888 214 211
20136615963 33980539439 3 0 2 0 -0.754888 310 306
30205921051 33981661183 2 0 2 0 -0.169925 208 206
27249956079 34024026855 5 13 3 2 -0.320300 217 225
20218447131 34118629535 3 0 2 0 -0.754888 257 254
17065503871 34131007743 8 8 7 6 -1.000000 205 204
22818402151 34227603227 1 0 2 0 -0.584963 213 212
17153803711 34307607423 7 7 6 5 -1.000000 227 227
21754342527 34377232635 8 12 2 1 -0.660150 217 221
18109697275 34380128423 5 0 2 0 -0.924813 223 218
21844338111 34519447879 7 11 3 2 -0.660150 212 216
6824868351 34550896031 4 0 5 0 -2.339850 230 226
28816764351 34619163375 10 1 4 1 -0.264663 216 207
9002256379 34646775023 17 0 2 0 -1.944363 232 213
15458320383 34781220863 2 0 12 0 -1.169925 205 203
26446967911 34788001959 4 17 6 4 -0.395487 232 244
8152774747 34824449951 7 0 2 0 -2.094738 229 213
26592966399 34980046495 1 14 5 1 -0.395487 280 292
20456754879 34991749919 15 0 5 0 -0.774438 245 227
20840459623 35168275615 3 0 3 0 -0.754888 210 207
13904287047 35195226591 9 5 3 2 -1.339850 214 210
23474012799 35211019199 1 0 6 0 -0.584963 216 215
23474492575 35211738863 1 0 4 0 -0.584963 227 222
7330581999 35226524783 9 0 7 0 -2.264663 218 204
31313611419 35227812847 2 0 2 0 -0.169925 205 203
20096025631 35319079359 41 2 5 2 -0.813538 247 204
17717800959 35435601919 13 13 12 11 -1.000000 207 207
24902787007 35531405403 62 3 2 1 -0.512788 287 227
20306699199 35614895131 7 21 2 1 -0.810525 213 227
23751051775 35626577663 1 0 8 0 -0.584963 204 203
20041239039 35628869403 10 12 2 1 -0.830075 204 206
23771742207 35657613311 1 0 18 0 -0.584963 207 205
31810265883 35786549119 2 0 2 0 -0.169925 224 222
14172374811 35873823743 4 0 2 0 -1.339850 216 212
15988298991 35973672731 2 0 2 0 -1.169925 210 208
23985074023 35977611035 1 0 2 0 -0.584963 217 210
10661687143 35983194111 14 11 3 2 -1.754888 221 208
10662163071 35984800367 3 0 4 0 -1.754888 205 202
16012410879 36027924479 2 0 15 0 -1.169925 227 221
18019682047 36039364095 9 9 8 7 -1.000000 247 247
32060507419 36068070847 2 0 2 0 -0.169925 254 252
21407990427 36125983847 3 0 2 0 -0.754888 261 258
24124255335 36186383003 1 0 2 0 -0.584963 232 231
24134154399 36201231599 1 0 4 0 -0.584963 208 207
14312909563 36229552335 8 4 2 1 -1.339850 219 204
24196596735 36294895103 1 0 9 0 -0.584963 207 203
18162338031 36324676063 5 5 4 3 -1.000000 233 233
31133157447 36401915995 4 19 2 1 -0.225562 222 237
24280134895 36420202343 1 0 3 0 -0.584963 210 205
28074096799 36431265007 1 26 4 1 -0.375937 217 242
24296374591 36444561887 1 0 5 0 -0.584963 206 205
16217833471 36490125311 2 0 13 0 -1.169925 206 204
24340997679 36511496519 1 0 3 0 -0.584963 211 210
16276326271 36621734111 2 0 5 0 -1.169925 207 204
6022759071 36629575015 13 0 3 0 -2.604513 237 224
24543837183 36815755775 1 0 9 0 -0.584963 219 217
6824868351 36895903135 37 26 5 4 -2.434588 230 219
32802991387 36903365311 2 0 2 0 -0.169925 210 208
10240078383 36905907503 10 0 8 0 -1.849625 213 202
16410884187 36924489423 6 4 2 1 -1.169925 219 217
24636940287 36955410431 1 0 12 0 -0.584963 207 203
9743830575 36996106719 10 5 4 3 -1.924813 210 204
16443071487 36996910847 2 0 8 0 -1.169925 203 201
24792582303 37188873455 1 0 4 0 -0.584963 214 213
29393198319 37200766623 10 6 4 3 -0.339850 228 224
24902787007 37354180511 1 0 5 0 -0.584963 287 285
31133157447 37401973759 9 0 3 0 -0.264663 222 213
22167115111 37407006751 3 0 3 0 -0.754888 215 205
1827397567 37509667055 16 0 4 0 -4.359400 273 250
25036882623 37555323935 1 0 5 0 -0.584963 213 203
25077501375 37616252063 1 0 5 0 -0.584963 222 221
18808471551 37616943103 16 16 15 14 -1.000000 220 220
25104199527 37656299291 1 0 2 0 -0.584963 217 203
18857839743 37715679487 8 8 7 6 -1.000000 208 206
33550306971 37744095343 2 0 2 0 -0.169925 207 205
29822898427 37744605823 4 0 2 0 -0.339850 208 204
25188447463 37782671195 1 0 2 0 -0.584963 227 225
16799376063 37798596143 2 0 4 0 -1.169925 220 216
32341614703 37893929119 44 6 4 3 -0.228575 246 208
19051536319 38103072639 7 7 6 5 -1.000000 215 201
20125540911 38207081575 5 0 3 0 -0.924813 211 203
17065503871 38397383711 2 0 5 0 -1.169925 205 202
22818402151 38506053631 3 0 3 0 -0.754888 213 210
22819513371 38507928815 3 0 2 0 -0.754888 208 204
19256806639 38513613279 5 5 4 3 -1.000000 237 213
25707423231 38561134847 1 0 8 0 -0.584963 222 215
25709957119 38564935679 1 0 11 0 -0.584963 209 208
25718441407 38577662111 1 0 5 0 -0.584963 208 207
17153803711 38596058351 2 0 4 0 -1.169925 227 225
25750652799 38625979199 1 0 6 0 -0.584963 226 222
34359740187 38654707711 2 0 2 0 -0.169925 241 239
34377232635 38674386715 2 0 5 0 -0.169925 221 219
27182699163 38703491583 16 10 2 1 -0.509775 222 216
19422742687 38845485375 6 6 5 4 -1.000000 208 207
19432246383 38864492767 5 5 4 3 -1.000000 201 201
21616950943 38954447519 10 0 10 0 -0.849625 213 203
12235060455 39196402175 8 0 3 0 -1.679700 345 287
31033637191 39276947071 4 0 3 0 -0.339850 234 230
26289874335 39434811503 1 0 4 0 -0.584963 239 237
26382093415 39573140123 1 0 2 0 -0.584963 227 225
13904287047 39594629915 6 0 2 0 -1.509775 214 208
26411941023 39617911535 1 0 4 0 -0.584963 215 213
26446967911 39670451867 1 0 2 0 -0.584963 232 230
20902969503 39682981167 10 5 4 3 -0.924813 207 202
16522112167 39697843483 9 0 2 0 -1.264663 217 208
31851195631 39769089255 1 9 3 1 -0.320300 217 225
17717800959 39865052159 2 0 10 0 -1.169925 207 205
26592966399 39889449599 1 0 7 0 -0.584963 280 278
35531405403 39972831079 2 0 2 0 -0.169925 227 225
26716378879 39990974623 15 67 5 4 -0.581950 203 213
35614895131 40066757023 2 0 2 0 -0.169925 227 225
26714480799 40071721199 1 0 4 0 -0.584963 209 208
35628869403 40082478079 2 0 2 0 -0.169925 206 204
23440029087 40094709095 15 0 3 0 -0.774438 283 268
36172318831 40146134343 1 11 3 1 -0.150375 212 222
20096025631 40192051263 6 6 5 4 -1.000000 247 243
17893274559 40259867759 2 0 4 0 -1.169925 222 220
26870136255 40305204383 1 0 5 0 -0.584963 204 201
26929330335 40393995503 1 0 4 0 -0.584963 215 214
36431265007 40433527807 2 12 4 2 -0.150375 242 252
15988298991 40470381823 4 0 4 0 -1.339850 210 206
23985074023 40474812415 3 0 3 0 -0.754888 217 208
10661687143 40481093375 5 0 3 0 -1.924813 221 206
24001100443 40501856999 3 0 2 0 -0.754888 204 201
18019682047 40544284607 2 0 6 0 -1.169925 247 245
38029978779 40611115035 10 3 7 3 -0.094738 220 213
35614895131 40613398399 14 0 2 0 -0.189475 227 213
20311668127 40623336255 6 6 5 4 -1.000000 222 222
24124255335 40709680879 3 0 3 0 -0.754888 232 229
20107715227 40764100223 12 0 2 0 -1.019550 214 202
27184170367 40776255551 1 0 6 0 -0.584963 210 208
32220978415 40779675807 10 6 4 3 -0.339850 225 221
36290845467 40827201151 2 0 2 0 -0.169925 209 207
27219208039 40828812059 1 0 2 0 -0.584963 205 203
18162338031 40865260571 2 0 2 0 -1.169925 233 222
27249956079 40874934119 1 0 3 0 -0.584963 217 216
27304637679 40956956519 1 0 3 0 -0.584963 218 217
27390164607 41085246911 1 0 6 0 -0.584963 225 222
17108656891 41107140335 9 0 2 0 -1.264663 239 221
8138163135 41199450875 4 0 2 0 -2.339850 208 202
34811309823 41257848679 9 12 3 2 -0.245112 226 229
32605477191 41266307071 4 0 3 0 -0.339850 216 203
20694665215 41389330431 12 12 11 10 -1.000000 205 204
27668381695 41502572543 1 0 16 0 -0.584963 212 211
36431265007 41544344703 15 1 4 1 -0.189475 242 228
16426546971 41579697023 4 0 2 0 -1.339850 216 212
9743830575 41620620059 7 0 2 0 -2.094738 210 202
20840459623 41680919247 4 4 3 2 -1.000000 210 210
27820853727 41731280591 1 0 4 0 -0.584963 204 203
26411941023 41737388283 6 10 2 1 -0.660150 215 217
20902969503 41805939007 6 6 5 4 -1.000000 207 207
27903311871 41854967807 1 0 13 0 -0.584963 208 207
20956802079 41913604159 6 6 5 4 -1.000000 241 241
18644159743 41949359423 2 0 6 0 -1.169925 222 220
37893929119 42056877147 1 11 2 1 -0.150375 208 218
18700986879 42077220479 2 0 7 0 -1.169925 215 211
28052426223 42078639335 1 0 3 0 -0.584963 204 203
28074096799 42111145199 1 0 4 0 -0.584963 217 216
36979397359 42169406703 19 5 9 5 -0.189475 227 210
37485614107 42171315871 2 0 2 0 -0.169925 227 225
37527388827 42218312431 2 0 2 0 -0.169925 241 239
23771742207 42260875035 20 22 2 1 -0.830075 207 208
18808471551 42319060991 2 0 13 0 -1.169925 220 218
28317163263 42475744895 1 0 7 0 -0.584963 216 215
25188447463 42505505095 3 0 5 0 -0.754888 227 222
28363705503 42545558255 1 0 4 0 -0.584963 213 212
28387930159 42581895239 1 0 3 0 -0.584963 206 205
19007980827 42767956863 9 7 2 1 -1.169925 214 212
30456709615 42781441215 5 11 4 3 -0.490225 233 239
38029978779 42783726127 2 0 2 0 -0.169925 220 217
38043949851 42799443583 2 0 2 0 -0.169925 211 209
22546530631 42803179247 5 0 3 0 -0.924813 218 203
30087419815 42839314543 6 0 3 0 -0.509775 225 219
25077501375 42895643119 27 12 4 3 -0.774438 222 207
11300988463 42908440575 16 11 4 3 -1.924813 229 205
27182699163 42955376455 3 7 2 1 -0.660150 222 226
35759723119 42960121471 9 0 4 0 -0.264663 216 205
17893274559 42992349019 10 1 2 1 -1.264663 222 213
25488523035 43011882623 3 0 2 0 -0.754888 213 210
40881398631 43068469339 4 9 2 1 -0.075187 230 235
38395286619 43194697447 2 0 2 0 -0.169925 218 216
28816764351 43225146527 1 0 5 0 -0.584963 216 215
24340997679 43272884763 5 7 2 1 -0.830075 211 213
19256806639 43327814939 2 0 2 0 -1.169925 237 211
11425521435 43381276703 5 0 2 0 -1.924813 233 213
12854978559 43385552639 3 0 8 0 -1.754888 209 205
28941886431 43412829647 1 0 4 0 -0.584963 228 227
12875326399 43454226599 3 0 3 0 -1.754888 229 220
28979982079 43469973119 1 0 7 0 -0.584963 234 233
34377232635 43508685055 4 0 2 0 -0.339850 221 217
27174660699 43528551967 8 0 2 0 -0.679700 217 208
29049057279 43573585919 1 0 11 0 -0.584963 263 258
38814895131 43666757023 2 0 2 0 -0.169925 210 208
6058060479 43667286779 10 0 2 0 -2.849625 246 236
34519447879 43688676223 4 0 3 0 -0.339850 216 212
19422742687 43701171047 2 0 3 0 -1.169925 208 205
38865610843 43723812199 2 0 2 0 -0.169925 237 234
21879934495 43759868991 6 6 5 4 -1.000000 242 241
29176776943 43765165415 1 0 3 0 -0.584963 225 220
21915876511 43831753023 6 6 5 4 -1.000000 214 214
29262084543 43893126815 1 0 5 0 -0.584963 230 229
21948563455 43897126911 16 16 15 14 -1.000000 223 214
21956707359 43913414719 6 6 5 4 -1.000000 229 229
29344152831 44016229247 1 0 7 0 -0.584963 215 214
29393198319 44089797479 1 0 3 0 -0.584963 228 227
17419900231 44094122463 9 5 3 2 -1.339850 216 212
22441748479 44279381631 12 24 7 6 -0.980450 218 229
29530377711 44295566567 1 0 3 0 -0.584963 205 204
22167115111 44334230223 4 4 3 2 -1.000000 215 208
22212764703 44425529407 6 6 5 4 -1.000000 204 204
29653970047 44480955071 1 0 6 0 -0.584963 206 203
26382093415 44519782639 3 0 3 0 -0.754888 227 223
13904287047 44543958655 8 0 3 0 -1.679700 214 206
23474492575 44564856999 9 4 3 2 -0.924813 227 217
29721483111 44582224667 1 0 2 0 -0.584963 225 224
29740341567 44610512351 1 0 5 0 -0.584963 203 202
26446967911 44629258351 3 0 3 0 -0.754888 232 228
29755268863 44632903295 1 0 7 0 -0.584963 212 201
29768671231 44653006847 1 0 12 0 -0.584963 243 241
16522112167 44660073919 11 0 3 0 -1.434588 217 206
29782310911 44673466367 1 0 16 0 -0.584963 210 209
41910555463 44755070703 12 5 3 2 -0.094738 224 217
29859831039 44789746559 1 0 7 0 -0.584963 216 215
6995485119 44821658079 13 5 5 4 -2.679700 225 217
19920945819 44822128095 7 5 2 1 -1.169925 218 216
44279381631 44883496959 14 2 7 2 -0.019550 229 217
29929665279 44894497919 1 0 7 0 -0.584963 210 209
29930326183 44895489275 1 0 2 0 -0.584963 218 217
29982012519 44973018779 1 0 2 0 -0.584963 215 214
42248311387 45115750491 10 3 9 3 -0.094738 220 213
20096025631 45216057671 2 0 3 0 -1.169925 247 241
12235060455 45307385919 35 1 3 1 -1.888725 345 261
20218447131 45491506047 9 7 2 1 -1.169925 257 255
26985937563 45538769639 3 0 2 0 -0.754888 220 210
30431055207 45646582811 1 0 2 0 -0.584963 210 208
30456709615 45685064423 1 0 3 0 -0.584963 233 229
40611115035 45687504415 2 0 2 0 -0.169925 213 210
20306699199 45690073199 2 0 4 0 -1.169925 213 211
20311668127 45701253287 2 0 3 0 -1.169925 222 220
30499864575 45749796863 1 0 15 0 -0.584963 208 207
40677175323 45761822239 2 0 2 0 -0.169925 215 213
20096025631 45832952319 24 10 5 4 -1.189475 247 229
18109697275 45840171231 9 5 2 1 -1.339850 223 217
27182699163 45870804839 3 0 2 0 -0.754888 222 219
27219208039 45932413567 3 0 3 0 -0.754888 205 201
18162338031 45973418143 4 0 4 0 -1.339850 233 220
30681804799 46022707199 1 0 11 0 -0.584963 203 202
31148213095 46093454439 4 15 8 4 -0.565412 229 234
9002256379 46195700031 22 6 2 1 -2.359400 232 214
24340997679 46209862783 5 0 4 0 -0.924813 211 205
20633153535 46424595455 2 0 10 0 -1.169925 212 201
30955066623 46432599935 1 0 7 0 -0.584963 215 214
24792582303 46433661231 6 13 4 3 -0.905262 214 221
30990113791 46485170687 1 0 9 0 -0.584963 215 211
20456754879 46655666559 21 7 6 5 -1.189475 245 227
31148213095 46722319643 1 0 2 0 -0.584963 229 222
21879934495 46729899163 7 0 2 0 -1.094738 242 234
16410884187 46732556927 6 0 2 0 -1.509775 219 213
9239932671 46777159151 4 0 4 0 -2.339850 216 210
32973098911 46948025599 7 1 5 1 -0.509775 222 216
23474492575 46948985151 6 6 5 4 -1.000000 227 222
41737388283 46954561819 2 0 5 0 -0.169925 217 215
7330581999 46968699711 14 6 4 3 -2.679700 218 205
31327592191 46991388287 1 0 7 0 -0.584963 216 206
20902969503 47031681383 2 0 3 0 -1.169925 207 205
8152774747 47066092191 24 6 2 1 -2.529325 229 202
20956802079 47152804679 2 0 3 0 -1.169925 241 239
9322079871 47193029351 4 0 3 0 -2.339850 223 210
42056877147 47313986791 2 0 2 0 -0.169925 218 216
42061903963 47319641959 2 0 2 0 -0.169925 250 248
42139474011 47406908263 2 0 2 0 -0.169925 234 229
23751051775 47502103551 10 10 9 8 -1.000000 204 204
42248311387 47529350311 2 0 2 0 -0.169925 220 218
42260875035 47543484415 2 0 2 0 -0.169925 208 206
32267856615 47750314735 4 15 3 2 -0.565412 210 221
31851195631 47776793447 1 0 3 0 -0.584963 217 216
41910555463 47792646303 20 6 3 2 -0.189475 224 210
31887843327 47831764991 1 0 12 0 -0.584963 214 213
31913144319 47869716479 1 0 11 0 -0.584963 233 232
38395286619 47939976831 9 17 2 1 -0.320300 218 226
28423642651 47964896975 3 0 2 0 -0.754888 212 205
23985074023 47970148047 4 4 3 2 -1.000000 217 210
18954956571 47979733823 4 0 2 0 -1.339850 207 203
27060415647 48107405595 6 8 2 1 -0.830075 203 203
19007980827 48113951471 4 0 2 0 -1.339850 214 210
23440029087 48167978463 25 1 6 1 -1.039100 283 259
30499864575 48197316859 17 21 2 1 -0.660150 208 212
24124255335 48248510671 4 4 3 2 -1.000000 232 232
24134154399 48268308799 6 6 5 4 -1.000000 208 208
11300988463 48271995647 7 0 4 0 -2.094738 229 203
32220978415 48331467623 1 0 3 0 -0.584963 225 224
17893274559 48366392647 11 0 3 0 -1.434588 222 211
32267856615 48401784923 1 0 2 0 -0.584963 210 209
34024026855 48444366363 9 3 2 1 -0.509775 225 219
43068469339 48452028007 2 0 2 0 -0.169925 235 233
32341614703 48512422055 1 0 3 0 -0.584963 246 245
24280134895 48560269791 5 5 4 3 -1.000000 210 205
32374210671 48561316007 1 0 3 0 -0.584963 222 220
32435666943 48653500415 1 0 15 0 -0.584963 206 205
11399837787 48694228991 7 0 2 0 -2.094738 208 201
19256806639 48743791807 4 0 4 0 -1.339850 237 209
17153803711 48848136351 12 6 5 4 -1.509775 227 221
34788001959 48865451311 4 10 3 2 -0.490225 244 250
21754342527 48947270687 2 0 5 0 -1.169925 217 215
29021576347 48973910087 3 0 2 0 -0.754888 215 212
24543837183 49087674367 11 11 10 9 -1.000000 219 218
32746343871 49119515807 1 0 5 0 -0.584963 210 209
6058060479 49125697627 12 0 2 0 -3.019550 246 234
21844338111 49149760751 2 0 4 0 -1.169925 212 210
10240078383 49207876671 15 6 4 3 -2.264663 213 203
21915876511 49310722151 2 0 3 0 -1.169925 214 212
25984112967 49329214463 5 0 3 0 -0.924813 207 202
21948563455 49384267775 2 0 13 0 -1.169925 223 212
21956707359 49402591559 2 0 3 0 -1.169925 229 227
32956666351 49434999527 1 0 3 0 -0.584963 203 202
14672076415 49518257903 3 0 4 0 -1.754888 218 212
8152774747 49584031279 14 1 2 1 -2.604513 229 207
46433661231 49585164607 7 0 4 0 -0.094738 221 214
17419900231 49605887771 6 0 2 0 -1.509775 216 210
35319079359 49611436575 1 7 5 1 -0.490225 204 210
41948739303 49717024359 4 7 7 4 -0.245112 234 237
44251712283 49783176319 2 0 2 0 -0.169925 205 203
24902787007 49805574015 7 7 6 5 -1.000000 287 286
20456754879 49822237679 21 0 4 0 -1.284213 245 220
46663509063 49830612463 7 0 3 0 -0.094738 245 238
22212764703 49978720583 2 0 3 0 -1.169925 204 202
22227950847 50012889407 2 0 6 0 -1.169925 253 251
25036882623 50073765247 7 7 6 5 -1.000000 213 203
14884335615 50234632703 3 0 9 0 -1.754888 255 239
28317163263 50341623579 9 11 2 1 -0.830075 216 218
25188447463 50376894927 4 4 3 2 -1.000000 227 225
33586782207 50380173311 1 0 12 0 -0.584963 227 225
14929915519 50388464879 3 0 4 0 -1.754888 217 213
33598752127 50398128191 1 0 6 0 -0.584963 218 217
6995485119 50424365339 10 0 2 0 -2.849625 225 215
19920945819 50424894107 4 0 12 0 -1.339850 218 214
40386982759 50426789019 1 9 2 1 -0.320300 203 211
22441748479 50493934079 2 0 9 0 -1.169925 218 215
33708212223 50562318335 1 0 14 0 -0.584963 234 233
33708731391 50563097087 1 0 9 0 -0.584963 216 211
20218447131 50594646127 45 0 2 0 -1.323313 257 212
33781531263 50672296895 1 0 6 0 -0.584963 211 210
40059179247 50699898735 9 5 7 5 -0.339850 206 202
26713719111 50714326127 5 0 3 0 -0.924813 217 206
26714480799 50715772143 10 5 4 3 -0.924813 209 204
33833080047 50749620071 1 0 3 0 -0.584963 232 231
45115750491 50755219303 2 0 2 0 -0.169925 213 211
40146134343 50809951279 4 0 3 0 -0.339850 222 218
20136615963 50970809159 4 0 2 0 -1.339850 310 259
34024026855 51036040283 1 0 2 0 -0.584963 225 224
28816764351 51229803291 7 9 2 1 -0.830075 216 218
22819513371 51343905087 8 6 2 1 -1.169925 208 205
30431055207 51352405663 3 0 3 0 -0.754888 210 206
25718441407 51436882815 7 7 6 5 -1.000000 208 208
34307607423 51461411135 1 0 6 0 -0.584963 227 226
24124255335 51523189863 11 4 12 4 -1.094738 232 225
18109697275 51570192635 6 0 10 0 -1.509775 223 215
34467039727 51700559591 1 0 3 0 -0.584963 206 205
45880738975 51723724647 56 1 3 1 -0.172938 261 205
16410884187 51866498175 14 18 2 1 -1.660150 219 223
21616950943 51939263359 16 7 5 4 -1.264663 213 204
9002256379 51970162535 18 0 2 0 -2.529325 232 212
17108656891 52026224487 17 4 2 1 -1.604513 239 217
15458320383 52171831295 3 0 11 0 -1.754888 205 201
34788001959 52182002939 1 0 2 0 -0.584963 244 243
34811309823 52216964735 1 0 7 0 -0.584963 226 225
8152774747 52236674927 8 0 2 0 -2.679700 229 212
44678640879 52239742623 1 16 4 1 -0.225562 219 234
12235060455 52261869567 18 11 3 2 -2.094738 345 288
44299833855 52503506791 10 13 3 2 -0.245112 224 227
31148213095 52562609599 3 0 3 0 -0.754888 229 220
21879934495 52571136559 9 0 4 0 -1.264663 242 229
24902787007 52579748671 49 1 7 1 -1.078200 287 238
20840459623 52752413423 4 0 3 0 -1.339850 210 206
26382093415 52764186831 4 4 3 2 -1.000000 227 226
35195226591 52792839887 1 0 4 0 -0.584963 210 209
23474492575 52817608295 2 0 3 0 -1.169925 227 205
41737388283 52823882047 4 0 2 0 -0.339850 217 213
7330581999 52839787175 10 0 3 0 -2.849625 218 203
34788001959 52893935823 14 1 3 1 -0.604513 244 231
35319079359 52978619039 1 0 5 0 -0.584963 204 203
35406172911 53109259367 1 0 3 0 -0.584963 213 210
35435601919 53153402879 1 0 12 0 -0.584963 207 205
24902787007 53185932799 8 1 6 1 -1.094738 287 279
28074096799 53296918143 13 8 5 4 -0.924813 217 212
36979397359 53370655359 26 8 4 3 -0.529325 227 206
47487353499 53423272687 2 0 2 0 -0.169925 217 215
26714480799 53428961599 6 6 5 4 -1.000000 209 209
23751051775 53439866495 2 0 7 0 -1.169925 204 202
23440029087 53459612127 19 5 6 4 -1.189475 283 269
23771742207 53486419967 2 0 17 0 -1.169925 207 204
35668256767 53502385151 1 0 10 0 -0.584963 203 201
26870136255 53740272511 7 7 6 5 -1.000000 204 202
25188447463 53796029887 7 0 3 0 -1.094738 227 218
14172374811 53810735615 5 0 2 0 -1.924813 216 211
26929330335 53858660671 6 6 5 4 -1.000000 215 215
50526173215 53955439855 8 1 4 1 -0.094738 208 201
35983194111 53974791167 1 0 10 0 -0.584963 208 207
10662163071 53977200551 4 0 3 0 -2.339850 205 201
24001100443 54002475999 7 5 2 1 -1.169925 204 202
45587300991 54029393767 8 11 3 2 -0.245112 215 217
48107405595 54120831295 2 0 2 0 -0.169925 203 201
21407990427 54188975771 4 0 10 0 -1.339850 261 257
48197316859 54221981467 2 0 5 0 -0.169925 212 210
36172318831 54258478247 1 0 3 0 -0.584963 212 211
24134154399 54301847399 2 0 3 0 -1.169925 208 205
38681225215 54334121563 1 7 2 1 -0.490225 213 219
20107715227 54352133631 20 9 2 1 -1.434588 214 203
12235060455 54430253727 49 6 3 2 -2.153388 345 252
27219208039 54438416079 4 4 3 2 -1.000000 205 204
24196596735 54442342655 2 0 8 0 -1.169925 207 201
32267856615 54452008039 3 0 7 0 -0.754888 210 205
36324676063 54487014095 1 0 4 0 -0.584963 233 223
48444366363 54499912159 2 0 2 0 -0.169925 219 217
36350437887 54525656831 1 0 8 0 -0.584963 243 242
27304637679 54609275359 5 5 4 3 -1.000000 218 218
46093454439 54629279335 4 7 9 4 -0.245112 234 237
24280134895 54630303515 2 0 2 0 -1.169925 210 203
36448580079 54672870119 1 0 3 0 -0.584963 207 206
53953732251 54689837307 15 3 5 3 -0.019550 259 247
16217833471 54735187967 3 0 12 0 -1.754888 206 203
27390164607 54780329215 8 8 7 6 -1.000000 225 223
17108656891 54809520447 14 6 2 1 -1.679700 239 222
30456709615 54883979679 11 1 4 1 -0.849625 233 220
36692210799 55038316199 1 0 3 0 -0.584963 207 205
53680680687 55155432219 27 3 2 1 -0.039100 228 204
24543837183 55223633663 2 0 8 0 -1.169925 219 216
29486632383 55225078299 7 14 2 1 -0.905262 201 202
6058060479 55266409831 14 0 3 0 -3.189475 246 232
27668381695 55336763391 18 18 17 16 -1.000000 212 212
36895956415 55343934623 1 0 5 0 -0.584963 239 238
32802991387 55355047967 3 0 2 0 -0.754888 210 207
36910319775 55365479663 1 0 4 0 -0.584963 210 209
36979397359 55469096039 1 0 3 0 -0.584963 227 223
30456709615 55632776347 22 0 2 0 -0.869175 233 208
24792582303 55783310183 2 0 3 0 -1.169925 214 212
37200766623 55801149935 1 0 4 0 -0.584963 224 223
17419900231 55806623743 8 0 3 0 -1.679700 216 208
46480364143 55839416959 9 0 4 0 -0.264663 235 217
49635397275 55839821935 2 0 2 0 -0.169925 208 206
6058060479 56020424095 26 0 5 0 -3.209025 246 220
24902787007 56031270767 2 0 4 0 -1.169925 287 282
39364446951 56048206695 10 4 7 4 -0.509775 214 208
22167115111 56110510127 4 0 3 0 -1.339850 215 204
16410884187 56142390015 24 9 2 1 -1.774438 219 204
28074096799 56148193599 6 6 5 4 -1.000000 217 217
24902787007 56148393723 58 3 2 1 -1.172938 287 229
1827397567 56264500583 17 0 3 0 -4.944363 273 249
50094997275 56356871935 2 0 2 0 -0.169925 227 225
37616943103 56425414655 1 0 15 0 -0.584963 220 215
37625741055 56438611583 1 0 7 0 -0.584963 208 205
44678640879 56546404863 14 10 4 3 -0.339850 219 215
37710872191 56566308287 1 0 6 0 -0.584963 217 216
33550306971 56616143015 3 0 2 0 -0.754888 207 204
50341623579 56634326527 2 0 2 0 -0.169925 218 216
16799376063 56697894215 3 0 3 0 -1.754888 220 215
6995485119 56727411007 12 0 7 0 -3.019550 225 213
19920945819 56728005871 6 0 2 0 -1.509775 218 212
50426789019 56730137647 2 0 2 0 -0.169925 211 209
50475584283 56785032319 2 0 2 0 -0.169925 203 201
37893929119 56840893679 1 0 4 0 -0.584963 208 207
45025794375 56985771007 4 0 3 0 -0.339850 215 211
22546530631 57070905663 10 6 3 2 -1.339850 218 204
20096025631 57226572991 6 0 5 0 -1.509775 247 237
20125540911 57310622363 6 0 2 0 -1.509775 211 202
38223650863 57335476295 1 0 3 0 -0.584963 229 228
25488523035 57349176831 11 9 2 1 -1.169925 213 210
34024026855 57415545319 3 0 8 0 -0.754888 225 222
51286934811 57697801663 2 0 2 0 -0.169925 217 215
22819513371 57761893223 4 0 2 0 -1.339850 208 203
38513613279 57770419919 1 0 4 0 -0.584963 213 212
25707423231 57841702271 2 0 7 0 -1.169925 222 208
25718441407 57866493167 2 0 4 0 -1.169925 208 205
21407990427 57866840827 12 1 5 1 -1.434588 261 250
54933969519 57872823855 5 10 6 4 -0.075187 209 214
17153803711 57894087527 3 0 3 0 -1.754888 227 224
25750652799 57938968799 2 0 5 0 -1.169925 226 220
34359740187 57982061567 3 0 2 0 -0.754888 241 227
18109697275 58016466715 8 0 5 0 -1.679700 223 213
38681225215 58021837823 1 0 10 0 -0.584963 213 212
38686729663 58030094495 1 0 5 0 -0.584963 219 218
38703491583 58055237375 1 0 8 0 -0.584963 216 215
29049057279 58098114559 13 13 12 11 -1.000000 263 259
51698716315 58161055855 2 0 2 0 -0.169925 207 205
38845485375 58268228063 1 0 5 0 -0.584963 207 206
29176776943 58353553887 5 5 4 3 -1.000000 225 220
55414301119 58378852207 1 6 4 1 -0.075187 227 232
21616950943 58431671279 11 0 4 0 -1.434588 213 202
51946762491 58440107803 2 0 5 0 -0.169925 204 202
39001294951 58501942427 1 0 2 0 -0.584963 207 206
29262084543 58524169087 7 7 6 5 -1.000000 230 230
52030816251 58534668283 2 0 11 0 -0.169925 225 223
39092334207 58638501311 1 0 6 0 -0.584963 210 209
34788001959 58704753307 3 0 2 0 -0.754888 244 241
29393198319 58786396639 5 5 4 3 -1.000000 228 228
12235060455 58794603263 9 0 3 0 -2.264663 345 286
49635397275 58827137511 3 6 2 1 -0.245112 208 211
31033637191 58915420607 5 0 3 0 -0.924813 234 229
39364446951 59046670427 1 0 2 0 -0.584963 214 213
29530377711 59060755423 5 5 4 3 -1.000000 205 205
52549294875 59117956735 2 0 2 0 -0.169925 211 209
47368961151 59144418495 8 16 6 5 -0.320300 203 203
26289874335 59152217255 2 0 3 0 -1.169925 239 234
39477985983 59216978975 1 0 5 0 -0.584963 204 203
29653970047 59307940095 8 8 7 6 -1.000000 206 204
42260875035 59362326523 3 9 5 3 -0.490225 208 214
26411941023 59426867303 2 0 3 0 -1.169925 215 211
39659107743 59488661615 1 0 4 0 -0.584963 205 203
29755268863 59510537727 9 9 8 7 -1.000000 212 202
29782310911 59564621823 18 18 17 16 -1.000000 210 210
20956802079 59677768423 6 0 3 0 -1.509775 241 235
33586782207 59709835035 14 16 2 1 -0.830075 227 228
17717800959 59797578239 3 0 9 0 -1.754888 207 203
26592966399 59834174399 2 0 6 0 -1.169925 280 275
29929665279 59859330559 9 9 8 7 -1.000000 210 210
33708212223 59925710619 16 18 2 1 -0.830075 234 236
24902787007 59959246619 62 0 2 0 -1.267675 287 222
33781531263 60056055579 8 10 2 1 -0.830075 211 210
40059179247 60088768871 1 0 3 0 -0.584963 206 205
26714480799 60107581799 2 0 3 0 -1.169925 209 207
35628869403 60123717119 3 0 2 0 -0.754888 206 201
23440029087 60142063643 16 0 2 0 -1.359400 283 267
40194000367 60291000551 1 0 3 0 -0.584963 210 206
40218065055 60327097583 1 0 4 0 -0.584963 246 245
53671150875 60380044735 2 0 2 0 -0.169925 218 216
40258252447 60387378671 1 0 4 0 -0.584963 204 203
47771945967 60461369115 7 3 2 1 -0.339850 218 214
54561672303 60555703839 5 15 4 3 -0.150375 208 217
26929330335 60590993255 2 0 3 0 -1.169925 215 213
40446716959 60670075439 1 0 4 0 -0.584963 233 232
53953732251 60697948783 2 0 2 0 -0.169925 259 257
23985074023 60712218623 4 0 3 0 -1.339850 217 206
26985937563 60718359519 7 5 2 1 -1.169925 220 210
10661687143 60721640063 6 0 3 0 -2.509775 221 205
40516045927 60774068891 1 0 2 0 -0.584963 227 226
30431055207 60862110415 4 4 3 2 -1.000000 210 209
35614895131 60920097599 15 0 2 0 -0.774438 227 212
57836093551 60930205551 1 6 8 1 -0.075187 204 209
40623336255 60935004383 1 0 5 0 -0.584963 222 221
21407990427 60962597743 6 0 2 0 -1.509775 261 253
30087419815 60995820903 16 4 6 4 -1.019550 225 213
48197316859 60999729151 4 0 2 0 -0.339850 212 208
24124255335 61064521319 4 0 9 0 -1.339850 232 228
40733169823 61099754735 1 0 4 0 -0.584963 208 205
20107715227 61146150335 13 0 2 0 -1.604513 214 201
27182699163 61161073119 7 5 2 1 -1.169925 222 217
40779675807 61169513711 1 0 4 0 -0.584963 221 217
45280170655 61197253351 12 1 3 1 -0.434588 221 210
36290845467 61240801727 3 0 2 0 -0.754888 209 206
27249956079 61312401179 2 0 2 0 -1.169925 217 215
40881398631 61322097947 1 0 2 0 -0.584963 230 222
30681804799 61363609599 13 13 12 11 -1.000000 203 203
40936687855 61405031783 1 0 3 0 -0.584963 211 210
27304637679 61435434779 2 0 2 0 -1.169925 218 216
24280134895 61459091455 4 0 4 0 -1.339850 210 201
51904754079 61516745575 6 9 3 2 -0.245112 203 205
54689837307 61526066971 2 0 5 0 -0.169925 247 245
27390164607 61627870367 2 0 5 0 -1.169925 225 221
41086735207 61630102811 1 0 2 0 -0.584963 223 222
52019359359 61652574055 8 11 3 2 -0.245112 246 222
17108656891 61660710503 10 0 2 0 -1.849625 239 220
39092334207 61775540475 8 12 2 1 -0.660150 210 214
48826882375 61796523007 4 0 3 0 -0.339850 236 232
41257848679 61886773019 1 0 2 0 -0.584963 229 222
32605477191 61899460607 5 0 3 0 -0.924813 216 202
20096025631 61944351231 35 10 5 4 -1.624063 247 217
29021576347 61982604955 7 0 9 0 -1.094738 215 208
55155432219 62049861247 2 0 2 0 -0.169925 204 202
39364446951 62205545799 4 8 5 3 -0.660150 214 218
27668381695 62253858815 2 0 15 0 -1.169925 212 210
46093454439 62296426191 12 1 3 1 -0.434588 234 222
51866498175 62310075903 10 1 7 1 -0.264663 223 214
43800722151 62364700095 13 7 3 2 -0.509775 209 203
16426546971 62369545535 5 0 2 0 -1.924813 216 211
21956707359 62525154943 6 0 5 0 -1.509775 229 222
30456709615 62586873391 24 0 6 0 -1.039100 233 206
31327592191 62655184383 9 9 8 7 -1.000000 216 207
14672076415 62671545159 11 4 3 2 -2.094738 218 208
27903311871 62782451711 2 0 12 0 -1.169925 208 206
18644159743 62924039135 3 0 5 0 -1.754888 222 210
49751225583 62966394879 17 13 4 3 -0.339850 219 215
58971796711 62974277055 14 7 3 2 -0.094738 222 215
20456754879 63056269563 28 3 2 1 -1.624063 245 216
42088470975 63132706463 1 0 5 0 -0.584963 202 201
28074096799 63166717799 2 0 3 0 -1.169925 217 215
42149252095 63223878143 1 0 9 0 -0.584963 202 201
42149379711 63224069567 1 0 6 0 -0.584963 218 217
42166446823 63249670235 1 0 2 0 -0.584963 207 206
42169406703 63254110055 1 0 3 0 -0.584963 210 209
37485614107 63256973807 3 0 2 0 -0.754888 227 224
37527388827 63327468647 3 0 2 0 -0.754888 241 237
18808471551 63478591487 3 0 12 0 -1.754888 220 213
42908440575 63496363167 1 12 5 1 -0.565412 205 216
42372933247 63559399871 1 0 6 0 -0.584963 206 205
56498922523 63561287839 2 0 2 0 -0.169925 238 236
42434396863 63651595295 1 0 5 0 -0.584963 238 232
31851195631 63702391263 5 5 4 3 -1.000000 217 217
28317163263 63713617343 2 0 6 0 -1.169925 216 210
42480991983 63721487975 1 0 3 0 -0.584963 205 203
14172374811 63775686655 31 29 2 1 -2.169925 216 214
28363705503 63818337383 2 0 3 0 -1.169925 213 210
31913144319 63826288639 13 13 12 11 -1.000000 233 233
42564363391 63846545087 1 0 6 0 -0.584963 205 204
30719772999 63855241327 11 28 3 2 -1.055637 201 215
26682533791 64110389727 14 5 6 4 -1.264663 210 201
38029978779 64175589191 3 0 2 0 -0.754888 220 216
38043949851 64199165375 3 0 2 0 -0.754888 211 208
22546530631 64204768871 6 0 5 0 -1.509775 218 202
30087419815 64258971815 7 0 8 0 -1.094738 225 218
42908440575 64362660863 1 0 10 0 -0.584963 205 204
32220978415 64441956831 5 5 4 3 -1.000000 225 222
43006302655 64509453983 1 0 5 0 -0.584963 208 205
12235060455 64509930343 40 0 7 0 -2.398500 345 255
43006996479 64510494719 1 0 11 0 -0.584963 225 224
25488523035 64517823935 4 0 2 0 -1.339850 213 208
57362353819 64532648047 2 0 2 0 -0.169925 248 246
32341614703 64683229407 5 5 4 3 -1.000000 246 246
43127939583 64691909375 1 0 8 0 -0.584963 225 224
38395286619 64792046171 3 0 9 0 -0.754888 218 215
26985937563 64839380991 22 13 2 1 -1.264663 220 203
43303597215 64955395823 1 0 4 0 -0.584963 214 210
21407990427 65100195931 13 0 6 0 -1.604513 261 246
57923207931 65163608923 2 0 5 0 -0.169925 250 248
12875326399 65181339899 4 0 2 0 -2.339850 229 218
34377232635 65263027583 5 0 2 0 -0.924813 221 216
18109697275 65268525055 10 0 2 0 -1.849625 223 211
58017972891 65270219503 2 0 2 0 -0.169925 209 207
27174660699 65292827951 9 0 2 0 -1.264663 217 203
29049057279 65360378879 2 0 10 0 -1.169925 263 257
43655303071 65482954607 1 0 4 0 -0.584963 207 201
32746343871 65492687743 7 7 6 5 -1.000000 210 210
38814895131 65500135535 3 0 2 0 -0.754888 210 206
34519447879 65533014335 5 0 3 0 -0.924813 216 211
19422742687 65551756571 3 0 2 0 -1.754888 208 204
27668381695 65584312167 27 30 3 2 -1.245112 212 215
38865610843 65585718299 3 0 6 0 -0.754888 237 230
36910319775 65618346267 6 8 2 1 -0.830075 210 212
29176776943 65647748123 2 0 2 0 -1.169925 225 217
43800722151 65701083227 1 0 2 0 -0.584963 209 208
53424639279 65807647423 5 25 4 3 -0.300750 210 229
39001294951 65814685231 3 0 3 0 -0.754888 207 204
29262084543 65839690223 2 0 4 0 -1.169925 230 228
43898282031 65847423047 1 0 3 0 -0.584963 211 210
52030816251 65851501819 4 0 8 0 -0.339850 225 221
32956666351 65913332703 5 5 4 3 -1.000000 203 203
44001380847 66002071271 1 0 3 0 -0.584963 228 227
29344152831 66024343871 2 0 6 0 -1.169925 215 213
34788001959 66042847471 5 0 3 0 -0.924813 244 239
44065116655 66097674983 1 0 3 0 -0.584963 202 201
29393198319 66134696219 2 0 2 0 -1.169925 228 226
44094122463 66141183695 1 0 4 0 -0.584963 212 211
44214439407 66321659111 1 0 3 0 -0.584963 204 201
44279381631 66419072447 1 0 6 0 -0.584963 229 228
39364446951 66427504231 3 0 7 0 -0.754888 214 211
20456754879 66429650239 26 6 7 5 -1.699250 245 221
59859330559 66435351783 1 11 3 1 -0.150375 210 220
63062355711 66436061983 1 6 5 1 -0.075187 218 217
44299833855 66449750783 1 0 8 0 -0.584963 224 220
26382093415 66779673959 4 0 8 0 -1.339850 227 222
59362326523 66782617339 2 0 8 0 -0.169925 214 212
13904287047 66815937983 9 0 3 0 -2.264663 214 203
44571150495 66856725743 1 0 4 0 -0.584963 208 207
44590940271 66886410407 1 0 3 0 -0.584963 223 222
44591929855 66887894783 1 0 8 0 -0.584963 229 228
29740341567 66915768527 2 0 4 0 -1.169925 203 201
26446967911 66943887527 4 0 6 0 -1.339850 232 227
52905349191 66958332571 4 0 2 0 -0.339850 207 203
29768671231 66979510271 2 0 11 0 -1.169925 243 239
16522112167 66990110879 12 0 3 0 -2.019550 217 205
29782310911 67010199551 2 0 15 0 -1.169925 210 208
44678640879 67017961319 1 0 3 0 -0.584963 219 218
59709835035 67173564415 2 0 2 0 -0.169925 228 226
29859831039 67184619839 2 0 6 0 -1.169925 216 214
44821658079 67232487119 1 0 4 0 -0.584963 217 215
44822128095 67233192143 1 0 4 0 -0.584963 216 215
58299789423 67248549631 5 32 4 3 -0.206012 217 244
44883496959 67325245439 1 0 11 0 -0.584963 217 216
29929665279 67341746879 2 0 6 0 -1.169925 210 208
59925710619 67416424447 2 0 2 0 -0.169925 236 234
33708731391 67417462783 11 11 10 9 -1.000000 216 212
24902787007 67454152447 64 0 6 0 -1.437600 287 220
45032404735 67548607103 1 0 7 0 -0.584963 204 203
60056055579 67563062527 2 0 2 0 -0.169925 210 208
26713719111 67619101503 10 6 3 2 -1.339850 217 207
33833080047 67666160095 5 5 4 3 -1.000000 232 232
60272560891 67806631003 2 0 5 0 -0.169925 203 201
26446967911 67857220711 16 0 12 0 -1.359400 232 215
45280170655 67920255983 1 0 4 0 -0.584963 221 205
53680680687 67939611495 8 4 3 2 -0.339850 228 224
45317490687 67976236031 1 0 10 0 -0.584963 221 220
60461369115 68019040255 2 0 2 0 -0.169925 214 212
34024026855 68048053711 4 4 3 2 -1.000000 225 225
43127939583 68152793415 10 14 3 2 -0.660150 225 229
26985937563 68308154459 4 0 6 0 -1.339850 220 208
40516045927 68370827503 3 0 3 0 -0.754888 227 224
45587300991 68380951487 1 0 6 0 -0.584963 215 213
38029978779 68531256623 10 0 2 0 -0.849625 220 205
20306699199 68535109799 3 0 3 0 -1.754888 213 210
17153803711 68615214847 17 17 6 5 -2.000000 227 227
30499864575 68624695295 2 0 14 0 -1.169925 208 206
40677175323 68642733359 3 0 2 0 -0.754888 215 212
