8088063 12132095 1 0 8 0 -0.584963 155 154
8088063 14378779 10 12 2 1 -0.830075 155 157
13421671 20132507 1 0 2 0 -0.584963 181 180
13421671 22649071 3 0 3 0 -0.754888 181 178
13421671 26843343 4 4 3 2 -1.000000 181 181
13421671 27209575 16 4 8 4 -1.019550 181 169
19638399 29457599 1 0 6 0 -0.584963 166 164
21677295 32515943 1 0 3 0 -0.584963 156 152
13421671 33973607 4 0 8 0 -1.339850 181 169
19638399 39276799 8 8 7 6 -1.000000 166 165
26716671 40075007 1 0 8 0 -0.584963 188 172
35654811 40111663 2 0 2 0 -0.169925 157 155
27209575 40814363 1 0 2 0 -0.584963 169 160
19638399 41942559 8 1 5 1 -1.094738 166 158
21677295 43354591 5 5 4 3 -1.000000 156 153
19638399 44186399 2 0 5 0 -1.169925 166 163
13421671 45298143 8 5 3 2 -1.754888 181 152
21677295 48773915 2 0 2 0 -1.169925 156 151
35514367 53271551 1 0 10 0 -0.584963 170 167
26716671 53433343 10 10 9 8 -1.000000 188 173
39276799 58915199 1 0 7 0 -0.584963 165 164
26716671 60112511 2 0 7 0 -1.169925 188 171
19638399 62913839 8 0 4 0 -1.679700 166 157
56924955 64040575 2 0 2 0 -0.169925 194 192
43254511 64881767 1 0 3 0 -0.584963 153 152
43354591 65031887 1 0 4 0 -0.584963 153 152
45298143 67947215 1 0 4 0 -0.584963 152 151
35514367 71028735 12 12 11 10 -1.000000 170 168
47687103 71530655 1 0 5 0 -0.584963 180 179
35514367 79907327 2 0 9 0 -1.169925 170 166
64824135 82043047 4 0 5 0 -0.339850 158 154
55517311 83275967 1 0 6 0 -0.584963 152 151
19638399 83885119 13 6 6 5 -2.094738 166 158
43254511 86509023 5 5 4 3 -1.000000 153 153
19638399 89578495 14 0 7 0 -2.189475 166 151
80049391 93596391 16 31 3 2 -0.225562 153 168
47687103 95374207 7 7 6 5 -1.000000 180 179
63728127 95592191 1 0 8 0 -0.584963 237 232
56924955 96060863 3 0 2 0 -0.754888 194 191
85437723 96117439 2 0 2 0 -0.169925 160 157
43254511 97322651 2 0 2 0 -1.169925 153 151
64913407 97370111 1 0 14 0 -0.584963 172 167
71028735 106543103 1 0 11 0 -0.584963 168 167
47687103 107295983 2 0 4 0 -1.169925 180 177
63101607 112180635 4 6 2 1 -0.830075 156 151
35514367 119860991 3 0 8 0 -1.754888 170 165
80049391 120074087 1 0 3 0 -0.584963 153 152
81306111 121959167 1 0 8 0 -0.584963 178 177
115955871 122159271 6 11 3 2 -0.075187 173 178
111935259 125927167 2 0 2 0 -0.169925 157 155
63728127 127456255 10 10 9 8 -1.000000 237 210
56924955 128081151 10 8 2 1 -1.169925 194 191
64913407 129826815 16 16 15 14 -1.000000 172 168
87867423 131801135 1 0 4 0 -0.584963 163 162
47687103 135796479 15 9 6 5 -1.509775 180 169
93596391 140394587 1 0 2 0 -0.584963 168 167
35654811 140699647 12 24 2 1 -1.980450 157 164
95374207 143061311 1 0 6 0 -0.584963 179 174
63728127 143388287 2 0 7 0 -1.169925 237 181
56924955 144091295 4 0 2 0 -1.339850 194 189
96883183 145324775 1 0 3 0 -0.584963 217 216
64913407 146055167 2 0 13 0 -1.169925 172 166
127946175 151639911 7 10 3 2 -0.245112 164 167
71028735 159814655 2 0 10 0 -1.169925 168 166
80049391 160098783 5 5 4 3 -1.000000 153 152
47687103 160943975 3 0 3 0 -1.754888 180 172
81306111 162612223 10 10 9 8 -1.000000 178 176
136218951 172402111 4 0 3 0 -0.339850 167 162
115955871 173933807 1 0 4 0 -0.584963 173 172
122740639 174761575 7 1 3 1 -0.509775 157 151
35514367 179791487 4 0 7 0 -2.339850 170 164
120560383 180840575 1 0 7 0 -0.584963 181 180
81306111 182938751 2 0 7 0 -1.169925 178 174
122159271 183238907 1 0 2 0 -0.584963 178 177
122740639 184110959 1 0 4 0 -0.584963 157 156
56924955 187375615 33 1 2 1 -1.718800 194 161
126354879 189532319 1 0 5 0 -0.584963 152 151
127456255 191184383 1 0 9 0 -0.584963 210 181
127765863 191648795 1 0 2 0 -0.584963 163 162
127946175 191919263 1 0 5 0 -0.584963 164 163
128081151 192121727 1 0 7 0 -0.584963 191 190
96883183 193766367 5 5 4 3 -1.000000 217 215
129826815 194740223 1 0 15 0 -0.584963 168 167
165276159 195882855 10 13 3 2 -0.245112 202 205
132633327 198949991 1 0 3 0 -0.584963 164 155
135796479 203694719 1 0 7 0 -0.584963 169 168
120560383 206221311 16 1 8 1 -0.774438 181 166
140699647 211049471 1 0 10 0 -0.584963 164 163
142656543 213984815 1 0 4 0 -0.584963 171 170
95374207 214591967 2 0 5 0 -1.169925 179 173
63728127 215082431 3 0 6 0 -1.754888 237 179
127765863 215604895 3 0 3 0 -0.754888 163 160
56924955 216136943 5 0 2 0 -1.924813 194 188
193618011 217820263 2 0 2 0 -0.169925 172 169
96883183 217987163 2 0 2 0 -1.169925 217 213
64913407 219082751 3 0 12 0 -1.754888 172 165
219259131 222250543 13 1 2 1 -0.019550 167 155
198785275 223633435 2 0 5 0 -0.169925 162 160
151285807 226928711 1 0 3 0 -0.584963 179 177
185374023 234613999 4 0 3 0 -0.339850 194 190
71028735 239721983 3 0 9 0 -1.754888 168 164
120560383 241120767 9 9 8 7 -1.000000 181 181
47687103 241415963 4 0 2 0 -2.339850 180 171
162612223 243918335 1 0 9 0 -0.584963 176 167
96883183 245235559 4 0 3 0 -1.339850 217 211
219259131 246666523 2 0 5 0 -0.169925 167 164
165276159 247914239 1 0 8 0 -0.584963 202 201
167439591 251159387 1 0 2 0 -0.584963 167 166
198785275 251587615 4 0 2 0 -0.339850 162 157
168438783 252658175 1 0 9 0 -0.584963 156 155
126354879 252709759 7 7 6 5 -1.000000 152 152
169737631 254606447 1 0 4 0 -0.584963 166 165
241682847 258086127 8 1 4 1 -0.094738 159 152
136218951 258603167 5 0 3 0 -0.924813 167 160
234276859 263561467 2 0 8 0 -0.169925 162 160
132633327 265266655 5 5 4 3 -1.000000 164 156
177476967 266215451 1 0 2 0 -0.584963 160 157
167439591 268205851 8 0 2 0 -0.679700 167 159
179778495 269667743 1 0 5 0 -0.584963 154 153
35514367 269687231 5 0 6 0 -2.924813 170 162
120560383 271260863 2 0 6 0 -1.169925 181 179
47687103 271592959 6 0 6 0 -2.509775 180 169
181930687 272896031 1 0 5 0 -0.584963 229 228
56924955 273548319 15 6 2 1 -2.264663 194 184
219259131 277499839 4 0 2 0 -0.339850 167 162
56924955 281063423 33 0 2 0 -2.303763 194 160
142656543 285313087 6 6 5 4 -1.000000 171 171
254289915 286076155 2 0 8 0 -0.169925 161 157
127456255 286776575 2 0 8 0 -1.169925 210 180
151285807 287206651 5 0 2 0 -0.924813 179 173
193766367 290649551 1 0 4 0 -0.584963 215 214
129826815 292110335 2 0 14 0 -1.169925 168 166
195882855 293824283 1 0 2 0 -0.584963 205 204
261678363 294388159 2 0 2 0 -0.169925 171 169
234276859 296506651 4 0 5 0 -0.339850 162 158
132633327 298424987 2 0 2 0 -1.169925 164 154
177476967 299492383 3 0 3 0 -0.754888 160 155
167439591 301731583 10 0 3 0 -0.849625 167 157
135796479 305542079 2 0 6 0 -1.169925 169 167
272473947 306533191 2 0 2 0 -0.169925 185 183
120560383 309331967 16 0 8 0 -1.359400 181 165
261678363 310137319 3 6 2 1 -0.245112 171 174
208251039 312376559 1 0 4 0 -0.584963 158 157
142656543 320977223 2 0 3 0 -1.169925 171 169
254289915 321835675 4 0 5 0 -0.339850 161 155
95374207 321887951 3 0 4 0 -1.754888 179 172
63728127 322623647 4 0 5 0 -2.339850 237 178
217740015 326610023 1 0 3 0 -0.584963 249 222
193618011 326730395 3 0 6 0 -0.754888 172 160
64913407 328624127 4 0 11 0 -2.339850 172 164
195882855 330552319 3 0 3 0 -0.754888 205 202
219259131 333375815 13 0 2 0 -0.604513 167 153
234276859 333569983 6 0 2 0 -0.509775 162 156
132633327 335728111 4 0 8 0 -1.339850 164 152
168438783 336877567 11 11 10 9 -1.000000 156 156
169737631 339475263 6 6 5 4 -1.000000 166 166
272473947 340208287 3 11 2 1 -0.320300 185 193
136218951 344804223 11 7 3 2 -1.339850 167 161
231812223 347718335 1 0 6 0 -0.584963 167 166
195882855 348236187 4 6 2 1 -0.830075 205 207
219259131 351210735 23 15 2 1 -0.679700 167 158
185374023 351920999 5 0 5 0 -0.924813 194 189
336877567 354899823 1 6 4 1 -0.075187 156 161
279200511 358184175 21 5 4 3 -0.359400 183 167
71028735 359582975 4 0 8 0 -2.339850 168 157
254289915 362065135 6 0 2 0 -0.509775 161 153
241682847 362524271 1 0 4 0 -0.584963 159 158
181930687 363861375 7 7 6 5 -1.000000 229 229
326405979 367206727 2 0 2 0 -0.169925 159 157
193618011 367571695 5 0 2 0 -0.924813 172 158
96883183 367853339 5 0 2 0 -1.924813 217 210
296085615 369689583 5 13 7 5 -0.320300 155 163
165276159 371871359 2 0 7 0 -1.169925 202 200
56924955 374751231 46 14 2 1 -2.718800 194 160
198785275 377381423 5 0 2 0 -0.924813 162 156
168438783 378987263 2 0 8 0 -1.169925 156 154
169737631 381909671 2 0 3 0 -1.169925 166 164
241682847 387129191 8 0 3 0 -0.679700 159 151
136218951 387904751 6 0 3 0 -1.509775 167 159
272473947 387956071 6 0 2 0 -0.509775 185 179
348236187 391765711 2 0 2 0 -0.169925 207 205
379161583 394069551 1 18 6 1 -0.055637 174 188
262719655 394079483 1 0 2 0 -0.584963 154 153
265266655 397899983 1 0 4 0 -0.584963 156 155
35514367 404530847 6 0 5 0 -3.509775 170 155
142656543 406236799 6 0 5 0 -1.509775 171 165
343410927 407005543 5 8 3 2 -0.245112 153 156
47687103 407389439 7 0 6 0 -3.094738 180 168
169737631 407830299 12 3 2 1 -1.264663 166 157
181930687 409344047 2 0 4 0 -1.169925 229 227
231812223 412110619 8 10 2 1 -0.830075 167 169
120560383 412442623 28 13 8 7 -1.774438 181 166
348487791 413022567 5 8 3 2 -0.245112 153 156
96883183 413835007 7 0 4 0 -2.094738 217 208
279200511 418800767 1 0 7 0 -0.584963 183 182
56924955 421595135 34 0 2 0 -2.888725 194 157
127456255 430164863 3 0 7 0 -1.754888 210 179
383606875 431557735 2 0 2 0 -0.169925 198 196
193618011 435640527 6 4 2 1 -1.169925 172 161
129826815 438165503 3 0 13 0 -1.754888 168 164
391579419 440526847 2 0 2 0 -0.169925 170 168
261678363 441582239 3 0 2 0 -0.754888 171 168
262719655 443339419 3 0 2 0 -0.754888 154 151
347470063 445766655 17 1 4 1 -0.359400 171 155
401306907 451470271 2 0 2 0 -0.169925 182 180
167439591 452597375 11 0 3 0 -1.434588 167 152
135796479 458313119 3 0 5 0 -1.754888 169 166
407830299 458809087 2 0 2 0 -0.169925 157 155
322604223 459332967 7 1 3 1 -0.509775 163 157
410949403 462318079 2 0 2 0 -0.169925 155 153
412110619 463624447 2 0 2 0 -0.169925 169 167
120560383 463997951 17 0 8 0 -1.944363 181 164
326405979 464746015 6 0 2 0 -0.509775 159 153
181930687 466794943 16 0 8 0 -1.359400 229 213
311964415 467946623 1 0 7 0 -0.584963 156 152
185374023 469227999 9 5 3 2 -1.339850 194 188
231812223 469949799 13 1 3 1 -1.019550 167 155
471704047 478139631 17 5 8 5 -0.019550 164 152
319804831 479707247 1 0 4 0 -0.584963 165 164
379161583 479876379 7 3 2 1 -0.339850 174 167
322604223 483906335 1 0 5 0 -0.584963 163 162
63728127 483935471 5 0 4 0 -2.924813 237 177
326619295 489928943 1 0 4 0 -0.584963 155 153
96883183 490471119 8 4 5 3 -2.339850 217 210
64913407 492936191 5 0 10 0 -2.924813 172 162
329707519 494561279 1 0 11 0 -0.584963 157 153
195882855 495828479 4 0 3 0 -1.339850 205 200
332186727 498280091 1 0 2 0 -0.584963 162 160
234276859 500354975 7 0 2 0 -1.094738 162 155
422509695 500752231 8 11 3 2 -0.245112 172 175
334707823 502061735 1 0 3 0 -0.584963 172 167
335227327 502840991 1 0 5 0 -0.584963 163 162
132633327 503592167 5 0 3 0 -1.924813 164 151
181930687 505277679 36 1 4 1 -1.473688 229 194
422509695 507584127 17 8 9 7 -0.264663 172 163
343410927 515116391 1 0 3 0 -0.584963 153 152
344804223 517206335 1 0 6 0 -0.584963 161 160
347120367 520680551 1 0 3 0 -0.584963 155 154
347470063 521205095 1 0 3 0 -0.584963 171 169
231812223 521577503 2 0 5 0 -1.169925 167 165
348487791 522731687 1 0 3 0 -0.584963 153 152
473095167 525068415 11 21 7 6 -0.150375 185 195
185374023 527881499 6 0 2 0 -1.509775 194 164
332186727 532098907 9 1 2 1 -0.679700 162 153
358184175 537276263 1 0 3 0 -0.584963 167 166
71028735 539374463 5 0 7 0 -2.924813 168 156
479876379 539860927 2 0 2 0 -0.169925 167 165
254289915 543097703 7 0 2 0 -1.094738 161 152
193618011 551357543 6 0 2 0 -1.509775 172 157
490362651 551657983 2 0 2 0 -0.169925 167 165
369689583 554534375 1 0 3 0 -0.584963 163 153
433305711 554724991 5 42 4 3 -0.356387 153 190
494504731 556317823 2 0 2 0 -0.169925 160 158
165276159 557807039 3 0 6 0 -1.754888 202 188
279200511 558401023 9 9 8 7 -1.000000 183 183
332186727 560565103 3 0 3 0 -0.754888 162 158
525068415 560705383 11 4 3 2 -0.094738 195 188
374751231 562126847 1 0 13 0 -0.584963 160 157
379161583 568742375 1 0 3 0 -0.584963 174 170
408275103 573489307 1 7 2 1 -0.490225 159 165
322604223 573518619 7 9 2 1 -0.830075 163 165
136218951 581857127 7 0 5 0 -2.094738 167 157
272473947 581934107 7 0 6 0 -1.094738 185 177
525068415 582751335 1 11 3 1 -0.150375 195 205
520002331 585002623 2 0 2 0 -0.169925 166 164
391107999 586661999 1 0 4 0 -0.584963 170 169
261678363 588776319 9 7 2 1 -1.169925 171 169
394393759 591590639 1 0 4 0 -0.584963 162 161
433305711 592374783 1 31 4 1 -0.451125 153 183
185374023 593866687 8 0 3 0 -1.679700 194 162
397226095 595839143 1 0 3 0 -0.584963 158 157
397348711 596023067 1 0 2 0 -0.584963 153 152
332186727 598611271 10 0 5 0 -0.849625 162 151
167439591 603463167 19 9 3 2 -1.849625 167 153
35514367 606796271 7 0 4 0 -4.094738 170 154
407005543 610508315 1 0 2 0 -0.584963 156 155
47687103 611084159 8 0 6 0 -3.679700 180 167
408275103 612412655 1 0 4 0 -0.584963 159 158
347120367 617102875 5 7 2 1 -0.830075 155 157
412442623 618663935 1 0 12 0 -0.584963 166 165
550208667 618984751 2 0 2 0 -0.169925 176 174
47687103 619421343 26 6 5 4 -3.699250 180 155
413022567 619533851 1 0 2 0 -0.584963 156 155
551313435 620227615 2 0 2 0 -0.169925 177 175
96883183 620752511 8 0 4 0 -2.679700 217 206
414967807 622451711 1 0 10 0 -0.584963 152 151
415234495 622851743 1 0 5 0 -0.584963 164 163
279200511 628201151 2 0 6 0 -1.169925 183 181
56924955 632392703 35 0 2 0 -3.473688 194 155
423829551 635744327 1 0 3 0 -0.584963 153 152
424021759 636032639 1 0 7 0 -0.584963 154 152
279200511 636771867 17 3 2 1 -1.189475 183 169
566981211 637853863 2 0 2 0 -0.169925 156 154
319804831 639609663 6 6 5 4 -1.000000 165 164
427214847 640822271 1 0 10 0 -0.584963 158 157
573518619 645208447 2 0 2 0 -0.169925 165 163
127456255 645247295 4 0 6 0 -2.339850 210 178
383606875 647336603 3 0 6 0 -0.754888 198 181
576392443 648441499 2 0 5 0 -0.169925 158 156
433305711 649958567 1 0 3 0 -0.584963 153 152
326619295 653238591 6 6 5 4 -1.000000 155 154
436432231 654648347 1 0 2 0 -0.584963 165 157
272473947 654675871 9 0 2 0 -1.264663 185 175
129826815 657248255 4 0 12 0 -2.339850 168 160
329707519 659415039 13 13 12 11 -1.000000 157 154
391579419 660790271 3 0 2 0 -0.754888 170 167
261678363 662373359 4 0 2 0 -1.339850 171 167
347470063 668649983 17 0 4 0 -0.944363 171 152
334707823 669415647 5 5 4 3 -1.000000 172 168
335227327 670454655 7 7 6 5 -1.000000 163 163
279200511 670837851 10 1 2 1 -1.264663 183 174
132633327 671456223 9 5 4 3 -2.339850 164 152
401306907 677205407 3 0 2 0 -0.754888 182 176
167439591 678896063 12 0 3 0 -2.019550 167 151
135796479 687469679 4 0 4 0 -2.339850 169 165
322604223 688999451 7 0 2 0 -1.094738 163 156
410949403 693477119 3 0 2 0 -0.754888 155 152
617102875 694240735 2 0 2 0 -0.169925 157 155
412110619 695436671 3 0 2 0 -0.754888 169 166
120560383 695996927 18 0 8 0 -2.529325 181 163
326405979 697119023 7 0 2 0 -1.094738 159 152
464891007 697336511 1 0 6 0 -0.584963 164 163
181930687 700192415 17 0 5 0 -1.944363 229 205
468639487 702959231 1 0 7 0 -0.584963 174 173
469227999 703841999 1 0 4 0 -0.584963 188 164
231812223 704924699 13 0 2 0 -1.604513 167 154
473095167 709642751 1 0 9 0 -0.584963 185 184
474545791 711818687 1 0 6 0 -0.584963 178 170
636771867 716368351 2 0 2 0 -0.169925 169 167
319804831 719560871 2 0 3 0 -1.169925 165 162
640431195 720485095 2 0 2 0 -0.169925 184 181
254289915 724130271 11 5 2 1 -1.509775 161 153
611036007 724190823 4 7 8 4 -0.245112 153 156
63728127 725903207 6 0 3 0 -3.509775 237 176
383606875 728253679 5 0 2 0 -0.924813 198 179
691964415 728983087 10 15 4 3 -0.075187 180 185
576392443 729496687 4 0 2 0 -0.339850 158 154
47687103 734128999 18 1 3 1 -3.944363 180 158
326619295 734893415 2 0 3 0 -1.169925 155 152
193618011 735143391 10 5 2 1 -1.924813 172 158
436432231 736479391 3 0 3 0 -0.754888 165 155
329707519 741841919 2 0 10 0 -1.169925 157 152
195882855 743742719 5 0 3 0 -1.924813 205 189
661398811 744073663 2 0 2 0 -0.169925 219 217
334707823 753092603 2 0 2 0 -1.169925 172 166
335227327 754261487 2 0 4 0 -1.169925 163 157
279200511 754692583 11 0 3 0 -1.434588 183 172
181930687 757916519 36 0 3 0 -2.058650 229 186
379161583 758323167 5 5 4 3 -1.000000 174 155
554724991 759953023 31 8 11 8 -0.454138 190 167
509436415 764154623 1 0 8 0 -0.584963 171 169
509665215 764497823 1 0 5 0 -0.584963 154 153
512487423 768731135 1 0 11 0 -0.584963 176 174
514719591 772079387 1 0 2 0 -0.584963 160 159
515632687 773449031 1 0 3 0 -0.584963 169 167
344804223 775809503 2 0 5 0 -1.169925 161 158
272473947 775912143 10 4 2 1 -1.509775 185 178
521397183 782095775 1 0 5 0 -0.584963 155 154
391107999 782215999 6 6 5 4 -1.000000 170 170
697968411 785214463 2 0 2 0 -0.169925 153 151
525068415 787602623 1 0 6 0 -0.584963 195 194
622502215 787854367 4 0 3 0 -0.339850 160 156
394393759 788787519 6 6 5 4 -1.000000 162 162
526048255 789072383 1 0 9 0 -0.584963 156 155
691964415 789080703 22 8 7 6 -0.189475 180 166
231812223 793040287 15 0 5 0 -1.774438 167 152
397226095 794452191 5 5 4 3 -1.000000 158 158
397348711 794697423 4 4 3 2 -1.000000 153 153
358184175 805914395 2 0 2 0 -1.169925 167 164
71028735 809061695 6 0 6 0 -3.509775 168 155
542273535 813410303 1 0 11 0 -0.584963 154 153
254289915 814646555 8 0 5 0 -1.679700 161 151
408275103 816550207 6 6 5 4 -1.000000 159 157
544574703 816862055 1 0 3 0 -0.584963 179 178
193618011 827036315 7 0 6 0 -2.094738 172 156
490362651 827486975 3 0 2 0 -0.754888 167 162
96883183 827670015 16 9 4 3 -3.094738 217 207
414303847 828607695 4 4 3 2 -1.000000 151 151
415234495 830468991 7 7 6 5 -1.000000 164 164
554724991 832087487 1 0 6 0 -0.584963 190 189
165276159 836710559 4 0 5 0 -2.339850 202 187
261678363 838316283 11 3 5 3 -1.679700 171 163
560542111 840813167 1 0 4 0 -0.584963 185 184
560705383 841058075 1 0 2 0 -0.584963 188 187
374751231 843190271 2 0 12 0 -1.169925 160 152
334707823 847229179 4 0 2 0 -1.339850 172 164
568097511 852146267 1 0 2 0 -0.584963 213 174
427214847 854429695 12 12 11 10 -1.000000 158 158
383606875 863115471 6 4 2 1 -1.169925 198 181
514719591 868589311 3 0 3 0 -0.754888 160 157
136218951 872785691 8 0 2 0 -2.679700 167 156
436432231 872864463 4 4 3 2 -1.000000 165 158
520002331 877503935 3 0 2 0 -0.754888 166 163
391107999 879992999 2 0 3 0 -1.169925 170 168
391579419 881053695 14 12 2 1 -1.169925 170 167
550208667 881327899 8 0 7 0 -0.679700 176 168
588776319 883164479 1 0 6 0 -0.584963 169 168
588963583 883445375 1 0 7 0 -0.584963 162 161
394393759 887385959 2 0 3 0 -1.169925 162 160
185374023 890800031 9 0 3 0 -2.264663 194 160
347470063 891533311 27 11 4 3 -1.359400 171 152
397226095 893758715 2 0 2 0 -1.169925 158 156
401306907 902940543 9 7 2 1 -1.169925 182 177
358184175 906653695 4 0 4 0 -1.339850 167 162
35514367 910194407 8 0 3 0 -4.679700 170 153
514719591 915057051 4 6 2 1 -0.830075 160 162
723383535 915532287 14 10 4 3 -0.339850 178 167
611036007 916554011 1 0 2 0 -0.584963 153 152
47687103 916626239 9 0 7 0 -4.264663 180 166
735143391 917892799 1 9 5 1 -0.320300 158 166
408275103 918618983 2 0 3 0 -1.169925 159 155
874290535 921063279 1 6 3 1 -0.075187 172 177
410949403 924636159 12 10 2 1 -1.169925 155 152
412442623 927995903 2 0 11 0 -1.169925 166 164
619421343 929132015 1 0 4 0 -0.584963 155 154
515632687 929186847 16 6 4 3 -0.849625 169 158
551313435 930341423 3 0 2 0 -0.754888 177 172
193618011 930415855 9 0 2 0 -2.264663 172 154
96883183 931128767 9 0 4 0 -3.264663 217 205
663211879 931589799 1 7 6 1 -0.490225 153 159
272473947 932145919 16 1 2 1 -1.774438 185 169
415234495 934277615 2 0 4 0 -1.169925 164 162
623132415 934698623 1 0 7 0 -0.584963 154 152
831070971 934954843 2 0 5 0 -0.169925 153 151
691964415 935206759 15 4 3 2 -0.434588 180 169
468639487 937278975 9 9 8 7 -1.000000 174 174
625510503 938265755 1 0 2 0 -0.584963 157 156
628550655 942825983 1 0 9 0 -0.584963 153 152
838316283 943105819 2 0 5 0 -0.169925 163 161
560705383 946190335 3 0 3 0 -0.754888 188 185
474545791 949091583 8 8 7 6 -1.000000 178 171
634628095 951942143 1 0 10 0 -0.584963 199 198
635314671 952972007 1 0 3 0 -0.584963 154 153
334707823 953132827 6 0 2 0 -1.509775 172 162
566981211 956780795 3 0 5 0 -0.754888 156 153
851091099 957477487 2 0 2 0 -0.169925 159 157
638350575 957525863 1 0 3 0 -0.584963 154 152
568097511 958664551 3 0 7 0 -0.754888 213 172
639609663 959414495 1 0 5 0 -0.584963 164 163
427214847 961233407 2 0 9 0 -1.169925 158 156
644034303 966051455 1 0 7 0 -0.584963 206 205
127456255 967870943 5 0 5 0 -2.924813 210 177
770907375 975679647 10 6 4 3 -0.339850 191 187
515632687 978896431 5 0 11 0 -0.924813 169 163
464891007 979523439 8 13 4 3 -1.075187 164 152
653238591 979857887 1 0 5 0 -0.584963 154 153
136218951 981883903 10 0 3 0 -2.849625 167 154
272473947 982013807 10 0 2 0 -1.849625 185 174
656055295 984082943 1 0 9 0 -0.584963 225 223
937278975 987421471 1 6 5 1 -0.075187 174 179
659415039 989122559 1 0 12 0 -0.584963 154 153
391579419 991185407 4 0 2 0 -1.339850 170 164
550208667 991493887 10 0 2 0 -0.849625 176 166
261678363 993560039 5 0 2 0 -1.924813 171 166
663211879 994817819 1 0 2 0 -0.584963 153 152
701216679 998412031 6 0 3 0 -0.509775 192 186
666509479 999764219 1 0 2 0 -0.584963 155 154
397226095 1005478555 4 0 2 0 -1.339850 158 154
670454655 1005681983 1 0 6 0 -0.584963 163 158
671456223 1007184335 1 0 4 0 -0.584963 152 151
568097511 1009951131 4 6 2 1 -0.830075 213 177
181930687 1010555359 40 5 5 4 -2.473688 229 186
640431195 1012039419 3 7 5 3 -0.660150 184 187
901618971 1014321343 2 0 2 0 -0.169925 164 162
509436415 1018872831 10 10 9 8 -1.000000 171 170
509665215 1019330431 7 7 6 5 -1.000000 154 154
738045055 1022751591 8 26 3 2 -0.470675 162 179
512487423 1024974847 13 13 12 11 -1.000000 176 174
640431195 1025846943 14 6 2 1 -0.679700 184 175
913720347 1027935391 2 0 2 0 -0.169925 165 163
915057051 1029439183 2 0 2 0 -0.169925 162 160
135796479 1031204519 5 0 3 0 -2.924813 169 164
979523439 1031925927 5 10 3 2 -0.075187 152 157
690306687 1035460031 1 0 6 0 -0.584963 152 151
691964415 1037946623 1 0 8 0 -0.584963 180 179
521397183 1042794367 7 7 6 5 -1.000000 155 155
120560383 1043995391 19 0 15 0 -3.114288 181 162
698752359 1048128539 1 0 2 0 -0.584963 157 155
525068415 1050136831 8 8 7 6 -1.000000 195 195
468639487 1054438847 2 0 6 0 -1.169925 174 172
625510503 1055548975 3 0 3 0 -0.754888 157 154
261678363 1060994047 12 0 2 0 -2.019550 171 159
473095167 1064464127 2 0 8 0 -1.169925 185 183
710345967 1065518951 1 0 3 0 -0.584963 160 159
711519231 1067278847 1 0 9 0 -0.584963 178 177
474545791 1067728031 2 0 5 0 -1.169925 178 169
901618971 1068585447 3 6 2 1 -0.245112 164 167
334707823 1072274431 8 0 4 0 -1.679700 172 160
1019330431 1073862511 1 6 4 1 -0.075187 154 159
279200511 1074552527 17 0 4 0 -1.944363 183 165
716576103 1074864155 1 0 2 0 -0.584963 165 164
566981211 1076378395 5 0 6 0 -0.924813 156 151
319804831 1079341307 3 0 2 0 -1.754888 165 161
640431195 1080727643 3 0 10 0 -0.754888 184 180
1068585447 1080905007 4 45 3 2 -0.016537 167 208
901618971 1083164443 9 0 9 0 -0.264663 164 155
722202159 1083303239 1 0 3 0 -0.584963 155 154
963750651 1084219483 2 0 5 0 -0.169925 153 151
542273535 1084547071 13 13 12 11 -1.000000 154 154
723383535 1085075303 1 0 3 0 -0.584963 178 170
724130271 1086195407 1 0 4 0 -0.584963 153 152
724190823 1086286235 1 0 2 0 -0.584963 156 155
63728127 1088854811 7 0 2 0 -4.094738 237 175
544574703 1089149407 5 5 4 3 -1.000000 179 172
383606875 1092380519 6 0 2 0 -1.509775 198 177
728983087 1093474631 1 0 3 0 -0.584963 185 184
576392443 1094245031 5 0 2 0 -0.924813 158 152
732617727 1098926591 1 0 9 0 -0.584963 155 154
733146271 1099719407 1 0 4 0 -0.584963 153 152
47687103 1101193499 18 0 2 0 -4.529325 180 157
326619295 1102340123 3 0 2 0 -1.754888 155 151
735143391 1102715087 1 0 4 0 -0.584963 158 157
697968411 1102962427 3 7 5 3 -0.660150 153 157
490362651 1103315967 12 10 2 1 -1.169925 167 162
436432231 1104719087 4 0 3 0 -1.339850 165 154
736637983 1104956975 1 0 4 0 -0.584963 153 152
738045055 1107067583 1 0 6 0 -0.584963 162 160
329707519 1112762879 3 0 9 0 -1.754888 157 151
743416767 1115125151 1 0 5 0 -0.584963 174 173
195882855 1115614079 6 0 3 0 -2.509775 205 186
661398811 1116110495 3 0 2 0 -0.754888 219 216
628550655 1117423387 11 13 2 1 -0.830075 153 155
272473947 1119838143 31 7 2 1 -2.039100 185 160
1009951131 1120902255 1 11 2 1 -0.150375 177 187
560542111 1121084223 6 6 5 4 -1.000000 185 184
525068415 1121410767 8 1 4 1 -1.094738 195 188
666509479 1124734747 3 0 2 0 -0.754888 155 152
750241383 1125362075 1 0 2 0 -0.584963 152 151
754002079 1131003119 1 0 4 0 -0.584963 161 160
397226095 1131163375 6 0 7 0 -1.509775 158 152
661398811 1131337887 21 6 2 1 -0.774438 219 204
335227327 1131392231 3 0 3 0 -1.754888 163 156
716576103 1132367175 4 8 5 3 -0.660150 165 169
756272287 1134408431 1 0 4 0 -0.584963 174 173
638350575 1134845467 5 7 2 1 -0.830075 154 155
1009639195 1135844095 2 0 2 0 -0.169925 186 184
1009951131 1136195023 2 0 2 0 -0.169925 177 175
181930687 1136874779 37 0 2 0 -2.643613 229 184
960385983 1138235239 7 10 3 2 -0.245112 188 188
760803327 1141204991 1 0 11 0 -0.584963 173 170
509436415 1146231935 2 0 7 0 -1.169925 171 168
509665215 1146746735 2 0 4 0 -1.169925 154 152
765313023 1147969535 1 0 13 0 -0.584963 157 156
512487423 1153096703 2 0 10 0 -1.169925 176 172
770907375 1156361063 1 0 3 0 -0.584963 191 190
1028372571 1156919143 2 0 2 0 -0.169925 169 167
344804223 1163714255 3 0 4 0 -1.754888 161 157
986289243 1168935399 3 6 2 1 -0.245112 152 155
834211455 1171786735 8 14 4 3 -0.490225 159 164
521397183 1173143663 2 0 4 0 -1.169925 155 153
588963583 1177927167 9 9 8 7 -1.000000 162 162
698752359 1179144607 3 0 3 0 -0.754888 157 153
1104551919 1179519067 7 0 2 0 -0.094738 162 155
525068415 1181403935 2 0 5 0 -1.169925 195 193
181930687 1181574703 39 19 4 3 -2.699250 229 201
622502215 1181781551 5 0 3 0 -0.924813 160 155
788787519 1183181279 1 0 5 0 -0.584963 162 161
1054908507 1186772071 2 0 2 0 -0.169925 161 159
185374023 1187733375 15 7 3 2 -2.679700 194 161
793167615 1189751423 1 0 7 0 -0.584963 162 160
793748415 1190622623 1 0 5 0 -0.584963 154 153
795279391 1192919087 1 0 4 0 -0.584963 178 177
1065929883 1199171119 2 0 2 0 -0.169925 169 167
806038975 1209058463 1 0 5 0 -0.584963 154 153
716576103 1209222175 3 0 3 0 -0.754888 165 162
319804831 1214258971 5 0 2 0 -1.924813 165 159
810083775 1215125663 1 0 5 0 -0.584963 159 157
640431195 1215818599 5 0 2 0 -0.924813 184 157
1081913947 1217153191 2 0 2 0 -0.169925 165 163
812163943 1218245915 1 0 2 0 -0.584963 186 185
901618971 1218559999 11 0 2 0 -0.434588 164 153
542273535 1220115455 2 0 10 0 -1.169925 154 152
724190823 1222072015 3 0 3 0 -0.754888 156 153
63728127 1224961663 9 0 7 0 -4.264663 237 173
544574703 1225293083 2 0 2 0 -1.169925 179 170
490362651 1241230463 4 0 2 0 -1.339850 167 160
661398811 1241313391 51 5 2 1 -0.908275 219 173
827670015 1241505023 1 0 8 0 -0.584963 207 198
625510503 1251021007 4 4 3 2 -1.000000 157 157
834211455 1251317183 1 0 6 0 -0.584963 159 157
165276159 1255065839 5 0 4 0 -2.924813 202 184
837346239 1256019359 1 0 5 0 -0.584963 187 186
1117423387 1257101311 2 0 2 0 -0.169925 155 153
872954535 1259894943 24 6 3 2 -0.529325 208 188
560542111 1261219751 2 0 3 0 -1.169925 185 182
710345967 1262837275 5 7 2 1 -0.830075 160 162
185374023 1268346139 16 1 2 1 -2.774438 194 154
847270639 1270905959 1 0 3 0 -0.584963 152 151
1074020991 1272913767 8 11 3 2 -0.245112 157 160
1134845467 1276701151 2 0 2 0 -0.169925 155 152
897496999 1277881471 6 0 3 0 -0.509775 166 160
181930687 1278984127 39 0 8 0 -2.813538 229 182
854284911 1281427367 1 0 3 0 -0.584963 169 165
855788031 1283682047 1 0 8 0 -0.584963 153 152
644034303 1288068607 9 9 8 7 -1.000000 206 206
921857895 1294900527 4 10 3 2 -0.490225 156 162
181930687 1296433647 56 5 4 3 -2.833088 229 170
1214303983 1296720123 10 3 2 1 -0.094738 167 160
732617727 1302431515 11 13 2 1 -0.830075 155 157
872954535 1309431803 1 0 2 0 -0.584963 208 205
1164556539 1310126107 2 0 5 0 -0.169925 155 153
874290535 1311435803 1 0 2 0 -0.584963 172 169
656055295 1312110591 11 11 10 9 -1.000000 225 224
880520295 1320780443 1 0 2 0 -0.584963 158 157
881053695 1321580543 1 0 11 0 -0.584963 167 165
588963583 1325168063 2 0 6 0 -1.169925 162 160
663211879 1326423759 4 4 3 2 -1.000000 153 152
1104551919 1326958951 9 0 3 0 -0.264663 162 152
394393759 1331078939 3 0 2 0 -1.754888 162 159
1265803311 1333521183 1 6 4 1 -0.075187 162 167
750241383 1333762459 4 6 2 1 -0.830075 152 154
760803327 1334334567 13 27 3 2 -0.810525 173 185
661398811 1340844903 13 1 2 1 -1.019550 219 207
895010031 1342515047 1 0 3 0 -0.584963 156 155
895903743 1343855615 1 0 10 0 -0.584963 155 154
701216679 1349378175 25 8 3 2 -0.944363 192 175
754002079 1358736231 11 1 3 1 -0.849625 161 151
279200511 1359980543 21 0 8 0 -2.284213 183 161
909886879 1364830319 1 0 4 0 -0.584963 200 199
319804831 1366041343 7 0 5 0 -2.094738 165 157
812163943 1370526655 3 0 3 0 -0.754888 186 183
915532287 1373298431 1 0 8 0 -0.584963 167 164
916408063 1374612095 1 0 7 0 -0.584963 169 168
916876287 1375314431 1 0 9 0 -0.584963 177 174
544574703 1378454719 4 0 4 0 -1.339850 179 168
919763967 1379645951 1 0 9 0 -0.584963 168 167
690306687 1380613375 8 8 7 6 -1.000000 152 152
921857895 1382786843 1 0 2 0 -0.584963 156 155
1232261787 1386294511 2 0 2 0 -0.169925 224 222
412442623 1391993855 3 0 10 0 -1.754888 166 163
929186847 1393780271 1 0 4 0 -0.584963 158 152
96883183 1396693151 10 0 4 0 -3.849625 217 196
544574703 1397261343 17 1 4 1 -1.359400 179 156
698752359 1397504719 4 4 3 2 -1.000000 157 156
1232155375 1405086747 22 8 2 1 -0.189475 165 151
1185613935 1405172071 5 8 3 2 -0.245112 158 161
1000603695 1405511911 1 7 3 1 -0.490225 156 162
895010031 1414336839 5 9 3 2 -0.660150 156 160
1258242651 1415522983 2 0 2 0 -0.169925 155 152
944301087 1416451631 1 0 4 0 -0.584963 164 163
525068415 1419285503 11 0 7 0 -1.434588 195 184
1262837275 1420691935 2 0 2 0 -0.169925 162 160
711519231 1423038463 11 11 10 9 -1.000000 178 178
949091583 1423637375 1 0 7 0 -0.584963 171 169
754002079 1431425823 11 6 7 5 -0.924813 161 156
1132367175 1433152207 4 0 3 0 -0.339850 169 165
955884391 1433826587 1 0 2 0 -0.584963 155 154
851091099 1436216231 3 0 2 0 -0.754888 159 155
568097511 1437996827 4 0 2 0 -1.339850 213 171
960385983 1440578975 1 0 5 0 -0.584963 188 184
640431195 1440970191 6 4 2 1 -1.169925 184 160
1200991791 1442817471 10 1 4 1 -0.264663 251 242
723383535 1446767071 5 5 4 3 -1.000000 178 169
724190823 1448381647 4 4 3 2 -1.000000 156 156
644034303 1449077183 2 0 6 0 -1.169925 206 204
967303807 1450955711 1 0 6 0 -0.584963 198 197
127456255 1451806415 6 0 4 0 -3.509775 210 174
1147966791 1452895471 4 0 3 0 -0.339850 161 157
383606875 1456507359 10 5 2 1 -1.924813 198 178
1296720123 1458810139 2 0 5 0 -0.169925 160 158
975679647 1463519471 1 0 4 0 -0.584963 187 186
1302431515 1465235455 2 0 2 0 -0.169925 157 152
733146271 1466292543 6 6 5 4 -1.000000 153 152
515632687 1468344647 6 0 3 0 -1.509775 169 157
136218951 1472825855 11 0 3 0 -3.434588 167 152
436432231 1472958783 9 6 3 2 -1.754888 165 155
872954535 1473110779 3 0 2 0 -0.754888 208 193
736637983 1473275967 6 6 5 4 -1.000000 153 152
874290535 1475365279 3 0 3 0 -0.754888 172 167
1022751591 1476090111 19 1 3 1 -0.529325 179 160
656055295 1476124415 2 0 8 0 -1.169925 225 222
986675823 1480013735 1 0 3 0 -0.584963 177 169
1171786735 1483042587 7 3 2 1 -0.339850 164 160
659415039 1483683839 2 0 11 0 -1.169925 154 152
880520295 1485877999 3 0 3 0 -0.754888 158 152
1043938495 1486388991 7 1 6 1 -0.509775 176 164
391579419 1486778111 5 0 2 0 -1.924813 170 163
743416767 1486833535 7 7 6 5 -1.000000 174 174
661398811 1488147327 9 7 2 1 -1.169925 219 217
1324815003 1490416879 2 0 2 0 -0.169925 171 169
383606875 1496521503 41 12 2 1 -1.963913 198 154
394393759 1497463807 5 0 5 0 -1.924813 162 157
701216679 1497618047 7 0 3 0 -1.094738 192 181
1333762459 1500482767 2 0 2 0 -0.169925 154 152
1000603695 1500905543 1 0 3 0 -0.584963 156 155
754002079 1508004159 6 6 5 4 -1.000000 161 161
1006335135 1509502703 1 0 4 0 -0.584963 162 161
756272287 1512544575 6 6 5 4 -1.000000 174 174
1010555359 1515833039 1 0 4 0 -0.584963 186 185
1013856495 1520784743 1 0 3 0 -0.584963 217 215
1334334567 1521606655 14 0 3 0 -0.189475 185 171
1018872831 1528309247 1 0 9 0 -0.584963 170 169
1290328575 1529278311 10 13 3 2 -0.245112 184 187
765313023 1530626047 15 15 14 13 -1.000000 157 157
1022751591 1534127387 1 0 2 0 -0.584963 179 177
1214303983 1536853479 8 4 3 2 -0.339850 167 163
1024974847 1537462271 1 0 12 0 -0.584963 174 173
1025846943 1538770415 1 0 4 0 -0.584963 175 153
770907375 1541814751 5 5 4 3 -1.000000 191 191
913720347 1541903087 3 0 2 0 -0.754888 165 162
1032397759 1548596639 1 0 5 0 -0.584963 155 154
1036383999 1554575999 1 0 7 0 -0.584963 172 164
921857895 1555635199 3 0 3 0 -0.754888 156 153
1037970559 1556955839 1 0 6 0 -0.584963 153 152
1042794367 1564191551 1 0 6 0 -0.584963 155 154
1043938495 1565907743 1 0 5 0 -0.584963 176 169
120560383 1565993087 20 0 7 0 -3.699250 181 161
1238481223 1567452799 4 0 3 0 -0.339850 188 184
1395945723 1570438939 2 0 5 0 -0.169925 160 158
1049679615 1574519423 1 0 7 0 -0.584963 168 164
874290535 1575499935 11 1 3 1 -0.849625 172 160
622502215 1575708735 10 6 3 2 -1.339850 160 155
1054420839 1581631259 1 0 2 0 -0.584963 158 157
625510503 1583323463 4 0 5 0 -1.339850 157 153
1408614651 1584691483 2 0 5 0 -0.169925 153 151
793167615 1586335231 9 9 8 7 -1.000000 162 161
1006335135 1590257991 6 10 3 2 -0.660150 162 166
795279391 1590558783 6 6 5 4 -1.000000 178 178
1060872703 1591309055 1 0 8 0 -0.584963 163 157
261678363 1591491071 13 0 2 0 -2.604513 171 152
1061639103 1592458655 1 0 5 0 -0.584963 164 163
473095167 1596696191 3 0 7 0 -1.754888 185 181
710345967 1598278427 2 0 2 0 -1.169925 160 157
711519231 1600918271 2 0 8 0 -1.169925 178 176
474545791 1601592047 3 0 4 0 -1.754888 178 167
1072218279 1608327419 1 0 2 0 -0.584963 186 185
334707823 1608411647 9 0 4 0 -2.264663 172 158
1074020991 1611031487 1 0 6 0 -0.584963 157 156
1006335135 1611954303 16 8 5 4 -0.679700 162 154
806038975 1612077951 7 7 6 5 -1.000000 154 154
955884391 1613054911 3 0 3 0 -0.754888 155 152
568097511 1617746431 6 0 3 0 -1.509775 213 164
1438845723 1618701439 2 0 2 0 -0.169925 169 167
810083775 1620167551 7 7 6 5 -1.000000 159 158
812163943 1624327887 4 4 3 2 -1.000000 186 186
1084547071 1626820607 1 0 12 0 -0.584963 154 153
723383535 1627612955 2 0 2 0 -1.169925 178 167
1304658079 1628983231 1 9 5 1 -0.320300 184 162
1089149407 1633724111 1 0 4 0 -0.584963 172 169
1455837435 1637817115 2 0 5 0 -0.169925 178 176
383606875 1638570779 7 0 6 0 -2.094738 198 176
1214303983 1641161407 11 0 4 0 -0.434588 167 156
1168935399 1641961383 4 10 6 4 -0.490225 155 161
1463129883 1646021119 2 0 2 0 -0.169925 156 154
1467707995 1651171495 2 0 2 0 -0.169925 211 209
1629190911 1651418395 13 1 2 1 -0.019550 171 159
1103315967 1654973951 1 0 9 0 -0.584963 162 160
1104180463 1656270695 1 0 3 0 -0.584963 233 229
436432231 1657078631 5 0 9 0 -1.924813 165 152
872954535 1657249627 5 0 2 0 -0.924813 208 191
738045055 1660601375 2 0 5 0 -1.169925 162 158
1481369691 1666540903 2 0 2 0 -0.169925 171 169
1483042587 1668422911 2 0 2 0 -0.169925 160 158
1112365215 1668547823 1 0 4 0 -0.584963 162 160
1112946111 1669419167 1 0 5 0 -0.584963 175 174
743416767 1672687727 2 0 4 0 -1.169925 174 172
195882855 1673421119 7 0 3 0 -3.094738 205 185
661398811 1674165743 4 0 2 0 -1.339850 219 181
837346239 1674692479 7 7 6 5 -1.000000 187 187
1116933247 1675399871 1 0 6 0 -0.584963 179 177
1121084223 1681626335 1 0 5 0 -0.584963 184 183
1124157679 1686236519 1 0 3 0 -0.584963 186 184
855788031 1688538879 2 14 8 2 -0.980450 153 165
754002079 1696504679 2 0 3 0 -1.169925 161 159
1131337887 1697006831 1 0 4 0 -0.584963 204 169
1132461759 1698692639 1 0 5 0 -0.584963 162 161
1433672007 1699166823 4 7 5 3 -0.245112 155 158
756272287 1701612647 2 0 3 0 -1.169925 174 172
1009639195 1703766143 3 0 2 0 -0.754888 186 160
1136352927 1704529391 1 0 4 0 -0.584963 153 152
1138235239 1707352859 1 0 2 0 -0.584963 188 187
855788031 1711576063 10 10 9 8 -1.000000 153 153
760803327 1711807487 2 0 10 0 -1.169925 173 169
509436415 1719347903 3 0 6 0 -1.754888 171 167
1632627135 1719969327 7 12 4 3 -0.075187 157 162
716576103 1721724543 17 8 3 2 -1.264663 165 156
1022751591 1725893311 3 0 3 0 -0.754888 179 175
512487423 1729645055 3 0 9 0 -1.754888 176 171
770907375 1734541595 2 0 2 0 -1.169925 191 189
1028372571 1735378715 3 0 6 0 -0.754888 169 157
1161186543 1741779815 1 0 3 0 -0.584963 162 161
874290535 1748581071 4 4 3 2 -1.000000 172 170
1169322735 1753984103 1 0 3 0 -0.584963 163 162
1171786735 1757680103 1 0 3 0 -0.584963 164 163
521397183 1759715495 3 0 3 0 -1.754888 155 152
880520295 1761040591 4 4 3 2 -1.000000 158 152
1395945723 1766743807 4 0 2 0 -0.339850 160 156
1177927167 1766890751 1 0 8 0 -0.584963 162 161
1180684783 1771027175 1 0 3 0 -0.584963 153 152
622502215 1772672327 6 0 10 0 -1.509775 160 152
788787519 1774771919 2 0 4 0 -1.169925 162 160
1054420839 1779335167 3 0 3 0 -0.754888 158 155
1054908507 1780158107 3 0 6 0 -0.754888 161 158
793167615 1784627135 2 0 6 0 -1.169925 162 157
795279391 1789378631 2 0 3 0 -1.169925 178 176
1414336839 1790020063 4 0 3 0 -0.339850 160 156
895903743 1791807487 12 12 11 10 -1.000000 155 155
560542111 1795760155 8 0 2 0 -1.679700 185 176
710345967 1798063231 4 0 4 0 -1.339850 160 155
1199650023 1799475035 1 0 2 0 -0.584963 183 182
1200991791 1801487687 1 0 3 0 -0.584963 251 250
1424081223 1802352799 4 0 3 0 -0.339850 163 159
1013856495 1802411547 5 7 2 1 -0.830075 217 218
1694223271 1809212059 7 0 2 0 -0.094738 208 201
1072218279 1809368347 3 0 2 0 -0.754888 186 183
279200511 1813307391 33 13 8 7 -2.699250 183 162
806038975 1813587695 2 0 4 0 -1.169925 154 152
716576103 1813833263 4 0 3 0 -1.339850 165 161
1433672007 1814491135 4 0 3 0 -0.339850 155 151
1022751591 1818225051 4 6 2 1 -0.830075 179 180
810083775 1822688495 2 0 4 0 -1.169925 159 156
640431195 1823727899 6 0 6 0 -1.509775 184 156
1081913947 1825729787 3 0 5 0 -0.754888 165 162
1218263487 1827395231 1 0 5 0 -0.584963 163 162
901618971 1827839999 12 0 2 0 -1.019550 164 152
542273535 1830173183 3 0 9 0 -1.754888 154 151
723383535 1831064575 4 0 4 0 -1.339850 178 165
916876287 1833752575 11 11 10 9 -1.000000 177 175
1032002799 1834671643 5 7 2 1 -0.830075 152 151
919763967 1839527935 11 11 10 9 -1.000000 168 167
1635532891 1839974503 2 0 2 0 -0.169925 155 152
1036383999 1842460443 9 11 2 1 -0.830075 172 162
1455837435 1842544255 4 0 2 0 -0.339850 178 174
383606875 1843392127 9 0 2 0 -2.264663 198 174
1294900527 1843715791 6 0 5 0 -0.509775 162 156
1231373343 1847060015 1 0 4 0 -0.584963 153 152
1232155375 1848233063 1 0 3 0 -0.584963 165 162
1649395483 1855569919 2 0 2 0 -0.169925 175 173
1629190911 1857845695 14 0 6 0 -0.189475 171 157
1764193695 1858574427 6 11 2 1 -0.075187 169 174
827670015 1862257535 2 0 7 0 -1.169925 207 197
872954535 1864405831 7 0 5 0 -1.094738 208 188
1657929499 1865170687 2 0 2 0 -0.169925 177 175
1592698527 1866128383 39 1 5 1 -0.228575 192 154
1583507967 1876750183 10 13 3 2 -0.245112 218 205
834211455 1876975775 2 0 5 0 -1.169925 159 156
1483334895 1877345727 11 7 4 3 -0.339850 223 219
165276159 1882598759 6 0 3 0 -3.509775 202 176
837346239 1884029039 2 0 4 0 -1.169925 187 185
1324815003 1886308863 16 10 2 1 -0.509775 171 165
944301087 1888602175 6 6 5 4 -1.000000 164 164
1259894943 1889842415 1 0 4 0 -0.584963 188 176
1265803311 1898704967 1 0 3 0 -0.584963 162 161
1272913767 1909370651 1 0 2 0 -0.584963 160 159
1006335135 1910464359 9 4 3 2 -0.924813 162 157
955884391 1911768783 4 4 3 2 -1.000000 155 155
897496999 1916822207 7 0 3 0 -1.094738 166 158
181930687 1918476191 40 0 5 0 -3.398500 229 181
1138235239 1920771967 3 0 3 0 -0.754888 188 185
1281459135 1922188703 1 0 5 0 -0.584963 166 165
1218263487 1925157115 7 11 2 1 -0.660150 163 167
855788031 1925523071 2 0 7 0 -1.169925 153 151
1288068607 1932102911 1 0 8 0 -0.584963 206 205
967303807 1934607615 8 8 7 6 -1.000000 198 198
1290328575 1935492863 1 0 8 0 -0.584963 184 183
1296433647 1944650471 1 0 3 0 -0.584963 170 169
1300469151 1950703727 1 0 4 0 -0.584963 164 163
770907375 1951359295 4 0 4 0 -1.339850 191 187
1028372571 1952301055 5 0 2 0 -0.924813 169 155
544574703 1962682599 11 1 3 1 -1.849625 179 160
136218951 1963767807 21 11 3 2 -3.849625 167 153
1312110591 1968165887 1 0 10 0 -0.584963 224 220
986675823 1973351647 5 5 4 3 -1.000000 177 170
1317372015 1976058023 1 0 3 0 -0.584963 158 157
1319108607 1978662911 1 0 20 0 -0.584963 155 153
881053695 1982370815 2 0 10 0 -1.169925 167 164
1324921887 1987382831 1 0 4 0 -0.584963 231 227
588963583 1987752095 3 0 5 0 -1.754888 162 159
1767602971 1988553343 2 0 2 0 -0.169925 155 153
872954535 1990945095 18 4 5 3 -1.189475 208 181
1773083419 1994718847 2 0 2 0 -0.169925 176 174
1054908507 2002677871 5 0 2 0 -0.924813 161 156
661398811 2011267355 13 0 10 0 -1.604513 219 172
1590257991 2012670271 4 0 3 0 -0.339850 166 162
1342055871 2013083807 1 0 5 0 -0.584963 165 164
895010031 2013772571 2 0 2 0 -1.169925 156 154
1434273903 2014672807 5 11 3 2 -0.490225 167 173
895903743 2015783423 2 0 9 0 -1.169925 155 153
560542111 2020230175 10 0 7 0 -1.849625 185 174
1347865215 2021797823 1 0 6 0 -0.584963 163 162
1348074943 2022112415 1 0 5 0 -0.584963 155 154
1199650023 2024409415 3 0 5 0 -0.754888 183 180
1802411547 2027712991 2 0 2 0 -0.169925 218 216
1829846719 2030869863 7 17 3 2 -0.150375 152 162
1806501147 2032313791 2 0 2 0 -0.169925 169 167
1355943015 2033914523 1 0 2 0 -0.584963 156 155
1072218279 2035539391 5 0 3 0 -0.924813 186 181
279200511 2039970815 22 0 8 0 -2.869175 183 160
1816609371 2043685543 2 0 2 0 -0.169925 174 172
1818225051 2045503183 2 0 2 0 -0.169925 180 178
640431195 2051693887 8 0 2 0 -1.679700 184 154
1824579835 2052652315 2 0 5 0 -0.169925 157 155
1081913947 2053946011 5 0 6 0 -0.924813 165 160
812163943 2055789983 4 0 3 0 -1.339850 186 181
913720347 2055870783 8 6 2 1 -1.169925 165 163
1370914239 2056371359 1 0 5 0 -0.584963 163 160
2008866927 2059750335 22 51 4 3 -0.036087 166 195
915532287 2059947647 2 0 7 0 -1.169925 167 163
916876287 2062971647 2 0 8 0 -1.169925 177 173
1631024367 2064265215 17 13 4 3 -0.339850 176 157
544574703 2067682079 5 0 4 0 -1.924813 179 165
1378721535 2068082303 1 0 7 0 -0.584963 174 172
919763967 2069468927 2 0 8 0 -1.169925 168 165
1380613375 2070920063 1 0 7 0 -0.584963 152 151
1381259775 2071889663 1 0 8 0 -0.584963 162 161
1842460443 2072767999 2 0 2 0 -0.169925 162 160
1232261787 2079441767 3 0 2 0 -0.754888 224 221
1849864443 2081097499 2 0 5 0 -0.169925 164 162
812163943 2083837671 20 4 7 4 -1.359400 186 169
1855127323 2087018239 2 0 2 0 -0.169925 158 156
1043938495 2087876991 7 7 6 5 -1.000000 176 169
412442623 2087990783 4 0 9 0 -2.339850 166 152
1858574427 2090896231 2 0 2 0 -0.169925 174 172
96883183 2095039727 11 0 8 0 -4.434588 217 193
544574703 2095892015 17 0 6 0 -1.944363 179 153
1863221851 2096124583 2 0 2 0 -0.169925 163 161
1398569583 2097854375 1 0 3 0 -0.584963 156 155
1399125231 2098687847 1 0 3 0 -0.584963 167 166
1774529727 2103146343 7 10 3 2 -0.245112 151 154
1871582299 2105530087 2 0 2 0 -0.169925 154 152
986675823 2107285183 7 0 4 0 -1.094738 177 163
1054420839 2108841679 4 4 3 2 -1.000000 158 152
1407318255 2110977383 1 0 3 0 -0.584963 153 152
1484851111 2114172775 6 0 6 0 -0.509775 159 152
1410123943 2115185915 1 0 2 0 -0.584963 228 227
1060872703 2121745407 10 10 9 8 -1.000000 163 155
261678363 2121988095 23 11 2 1 -3.019550 171 153
1258242651 2123284475 3 0 5 0 -0.754888 155 151
1890844443 2127199999 2 0 2 0 -0.169925 165 163
525068415 2128928255 12 0 7 0 -2.019550 195 182
1262837275 2131037903 3 0 2 0 -0.754888 162 157
1423038463 2134557695 1 0 10 0 -0.584963 178 177
2107301407 2136051879 16 4 3 2 -0.019550 167 155
1802411547 2136191463 3 6 2 1 -0.245112 218 221
334707823 2144548863 19 11 4 3 -2.679700 172 159
1430665959 2145998939 1 0 2 0 -0.584963 154 153
1272913767 2148041983 3 0 3 0 -0.754888 160 157
1434273903 2151410855 1 0 3 0 -0.584963 167 166
960385983 2160868463 2 0 4 0 -1.169925 188 183
1200991791 2164226207 10 0 4 0 -0.849625 251 241
1925157115 2165801755 2 0 5 0 -0.169925 167 165
1446767071 2170150607 1 0 4 0 -0.584963 169 168
644034303 2173615775 3 0 5 0 -1.754888 206 203
1451067495 2176601243 1 0 2 0 -0.584963 158 157
1451221503 2176832255 1 0 8 0 -0.584963 160 158
1147966791 2179343207 5 0 5 0 -0.924813 161 156
1456507359 2184761039 1 0 4 0 -0.584963 178 177
2075535087 2186571943 5 10 3 2 -0.075187 178 183
1796254719 2187380895 27 6 5 4 -0.284213 195 174
1459772863 2189659295 1 0 5 0 -0.584963 176 174
1460433663 2190650495 1 0 7 0 -0.584963 159 158
2051915823 2191181595 10 3 2 1 -0.094738 167 152
975679647 2195279207 2 0 3 0 -1.169925 187 185
1302431515 2197853183 3 0 2 0 -0.754888 157 151
1466114919 2199172379 1 0 2 0 -0.584963 154 153
1467971007 2201956511 1 0 5 0 -0.584963 156 155
1104180463 2208360927 5 5 4 3 -1.000000 233 215
136218951 2209238783 12 0 3 0 -4.019550 167 151
1472958783 2209438175 1 0 5 0 -0.584963 155 153
1747969263 2212273599 11 7 4 3 -0.339850 157 152
874290535 2213047919 4 0 3 0 -1.339850 172 166
1022751591 2214135167 19 0 3 0 -1.114288 179 159
656055295 2214186623 3 0 7 0 -1.754888 225 218
1112365215 2224730431 6 6 5 4 -1.000000 162 161
1483334895 2225002343 1 0 3 0 -0.584963 223 210
1112946111 2225892223 7 7 6 5 -1.000000 175 175
1043938495 2229583487 7 0 6 0 -1.094738 176 162
391579419 2230167167 6 0 2 0 -2.509775 170 162
1488646911 2232970367 1 0 7 0 -0.584963 204 203
1324815003 2235625319 3 0 2 0 -0.754888 171 162
1494992287 2242488431 1 0 4 0 -0.584963 152 151
1996118811 2245633663 2 0 2 0 -0.169925 183 181
394393759 2246195711 6 0 5 0 -2.509775 162 156
1498247335 2247371003 1 0 2 0 -0.584963 153 152
1124157679 2248315359 5 5 4 3 -1.000000 186 174
661398811 2262675775 15 0 2 0 -1.774438 219 170
1006335135 2264254055 2 0 3 0 -1.169925 162 160
795279391 2264682331 6 0 2 0 -1.509775 178 172
1132461759 2264923519 7 7 6 5 -1.000000 162 162
1789763911 2265169951 4 0 3 0 -0.339850 160 156
895010031 2265494143 4 0 4 0 -1.339850 156 152
1531921023 2266952895 8 19 6 5 -0.565412 216 227
1816609371 2268200575 8 16 2 1 -0.320300 174 182
1512544575 2268816863 1 0 5 0 -0.584963 174 173
1009639195 2271688191 11 9 2 1 -1.169925 186 160
1136352927 2272705855 6 6 5 4 -1.000000 153 153
1137052159 2274104319 10 10 9 8 -1.000000 152 151
1138235239 2276470479 4 4 3 2 -1.000000 188 188
2133598311 2278407963 8 1 2 1 -0.094738 188 181
2163755679 2279512155 6 11 2 1 -0.075187 168 173
1013856495 2281177115 2 0 2 0 -1.169925 217 214
1827536743 2281844383 4 12 3 2 -0.320300 169 177
1370914239 2282280027 7 16 2 1 -0.735337 163 169
1334334567 2282409983 15 0 3 0 -0.774438 185 169
1524464127 2286696191 1 0 8 0 -0.584963 171 170
1355943015 2288153839 3 0 3 0 -0.754888 156 153
1018872831 2292463871 2 0 8 0 -1.169925 170 167
1529278311 2293917467 1 0 2 0 -0.584963 187 174
1531801215 2297701823 1 0 6 0 -0.584963 162 160
1531921023 2297881535 1 0 6 0 -0.584963 216 215
1532892519 2299338779 1 0 2 0 -0.584963 184 183
1702035951 2300343039 12 1 4 1 -0.434588 165 154
1534031295 2301046943 1 0 5 0 -0.584963 153 152
1024974847 2306193407 2 0 11 0 -1.169925 174 172
1025846943 2308155623 2 0 3 0 -1.169925 175 152
1824579835 2309233855 4 0 2 0 -0.339850 157 153
1081913947 2310689263 7 0 2 0 -1.094738 165 157
1541814751 2312722127 1 0 4 0 -0.584963 191 190
913720347 2312854631 4 0 2 0 -1.339850 165 161
1028372571 2313838287 6 4 2 1 -1.169925 169 158
1853597343 2314383391 1 9 7 1 -0.320300 152 160
1161186543 2322373087 5 5 4 3 -1.000000 162 162
1036383999 2331863999 2 0 6 0 -1.169925 172 158
921857895 2333452799 4 0 3 0 -1.339850 156 152
1169322735 2338645471 5 5 4 3 -1.000000 163 163
1560359071 2340538607 1 0 4 0 -0.584963 164 163
1849864443 2341234687 4 0 2 0 -0.339850 164 157
1171786735 2343573471 5 5 4 3 -1.000000 164 164
1565669023 2348503535 1 0 4 0 -0.584963 170 169
1238481223 2351179199 5 0 3 0 -0.924813 188 179
1571026591 2356539887 1 0 4 0 -0.584963 162 161
872954535 2359638631 11 0 6 0 -1.434588 208 184
1180684783 2361369567 5 5 4 3 -1.000000 153 152
874290535 2363249903 11 0 3 0 -1.434588 172 159
1054908507 2373544143 6 4 2 1 -1.169925 161 159
1583507967 2375261951 1 0 8 0 -0.584963 218 200
1586335231 2379502847 1 0 8 0 -0.584963 161 157
1410123943 2379584155 3 0 2 0 -0.754888 228 225
1590854191 2386281287 1 0 3 0 -0.584963 156 155
1060872703 2386963583 2 0 7 0 -1.169925 163 153
261678363 2387236607 14 0 2 0 -3.189475 171 151
1195065855 2390131711 10 10 9 8 -1.000000 152 151
2127168795 2393064895 2 0 2 0 -0.169925 157 155
473095167 2395044287 4 0 6 0 -2.339850 185 180
1347865215 2396204827 8 10 2 1 -0.830075 163 165
1199650023 2399300047 4 4 3 2 -1.000000 183 183
711519231 2401377407 3 0 7 0 -1.754888 178 175
1265803311 2403048475 5 0 2 0 -0.924813 162 157
334707823 2412617471 10 0 4 0 -2.849625 172 157
1430665959 2414248807 3 0 7 0 -0.754888 154 151
1074020991 2416547231 2 0 5 0 -1.169925 157 155
1611954303 2417931455 1 0 6 0 -0.584963 154 153
1612077951 2418116927 1 0 6 0 -0.584963 154 153
716576103 2418444351 9 6 3 2 -1.754888 165 155
1534031295 2424148219 7 11 2 1 -0.660150 153 157
1438845723 2428052159 3 0 2 0 -0.754888 169 160
1620167551 2430251327 1 0 6 0 -0.584963 158 157
640431195 2431637199 9 4 2 1 -1.924813 184 157
1621254079 2431881119 1 0 5 0 -0.584963 196 195
1947984927 2432234799 6 14 4 3 -0.320300 160 168
1925157115 2436526975 4 0 2 0 -0.339850 167 163
901618971 2437119999 26 15 2 1 -1.434588 164 153
1084547071 2440230911 2 0 11 0 -1.169925 154 152
2062042143 2443901799 6 9 3 2 -0.245112 176 179
1631024367 2446536551 1 0 3 0 -0.584963 176 160
1885662951 2446991871 4 29 3 2 -0.375937 157 182
1451067495 2448676399 3 0 3 0 -0.754888 158 155
1632627135 2448940703 1 0 5 0 -0.584963 157 156
1633759647 2450639471 1 0 4 0 -0.584963 176 174
2068111527 2451095143 4 7 6 4 -0.245112 156 159
1639156455 2458734683 1 0 2 0 -0.584963 154 153
1214303983 2461742111 12 0 4 0 -1.019550 167 155
1971761991 2461922607 4 12 3 2 -0.320300 153 161
1231373343 2462746687 6 6 5 4 -1.000000 153 153
2338645471 2463758191 1 6 4 1 -0.075187 163 168
2340408679 2465615727 1 6 3 1 -0.075187 152 157
1463129883 2469031679 3 0 2 0 -0.754888 156 152
1466114919 2474068927 3 0 3 0 -0.754888 154 151
1467707995 2476757243 3 0 5 0 -0.754888 211 208
1104180463 2484406043 2 0 2 0 -1.169925 233 213
436432231 2485617947 6 0 2 0 -2.509775 165 151
738045055 2490902063 3 0 4 0 -1.754888 162 157
1660640895 2490961343 1 0 6 0 -0.584963 158 157
2220641307 2498221471 2 0 2 0 -0.169925 198 196
1171786735 2502634367 7 0 4 0 -1.094738 164 157
1112365215 2502821735 2 0 3 0 -1.169925 162 159
1112946111 2504128751 2 0 4 0 -1.169925 175 152
1671028383 2506542575 1 0 4 0 -0.584963 181 179
195882855 2510131679 8 0 3 0 -3.679700 205 174
1983490119 2510354683 4 0 2 0 -0.339850 165 161
1674692479 2512038719 1 0 6 0 -0.584963 187 186
872954535 2519789887 18 0 3 0 -1.529325 208 177
1683847935 2525771903 1 0 7 0 -0.584963 172 167
1685575783 2528363675 1 0 2 0 -0.584963 193 192
1124157679 2529354779 2 0 2 0 -1.169925 186 172
986675823 2531597551 17 1 7 1 -1.359400 177 154
1688329575 2532494363 1 0 2 0 -0.584963 167 165
1689494247 2534241371 1 0 2 0 -0.584963 198 197
2143006719 2539859815 13 16 3 2 -0.245112 193 196
1131337887 2545510247 2 0 3 0 -1.169925 204 164
1272913767 2545827535 4 4 3 2 -1.000000 160 160
716444251 2547357343 17 19 2 1 -1.830075 152 154
795279391 2547767623 8 0 3 0 -1.679700 178 169
1132461759 2548038959 2 0 4 0 -1.169925 162 160
2150912751 2549229927 5 8 3 2 -0.245112 162 164
756272287 2552418971 3 0 2 0 -1.754888 174 171
1702035951 2553053927 1 0 3 0 -0.584963 165 164
1702587391 2553881087 1 0 9 0 -0.584963 229 228
1009639195 2555649215 4 0 2 0 -1.339850 186 158
897496999 2555762943 14 8 3 2 -1.509775 166 159
1136352927 2556794087 2 0 3 0 -1.169925 153 151
181930687 2557968255 46 7 6 5 -3.813538 229 182
1199650023 2562143167 7 0 3 0 -1.094738 183 176
1281459135 2562918271 7 7 6 5 -1.000000 166 166
1708773535 2563160303 1 0 4 0 -0.584963 152 151
2133598311 2563208959 9 0 3 0 -0.264663 188 179
2279512155 2564451175 2 0 2 0 -0.169925 173 171
1013856495 2566324255 4 0 4 0 -1.339850 217 210
1710966207 2566449311 1 0 5 0 -0.584963 161 152
2282280027 2567565031 2 0 2 0 -0.169925 169 167
760803327 2567711231 3 0 9 0 -1.754888 173 167
1712077543 2568116315 1 0 2 0 -0.584963 176 174
509436415 2579021855 4 0 5 0 -2.339850 171 165
1451067495 2579675547 4 6 2 1 -0.830075 158 160
1719969327 2579953991 1 0 3 0 -0.584963 162 161
1529278311 2580657151 3 0 3 0 -0.754888 187 172
1532892519 2586756127 3 0 3 0 -0.754888 184 181
1796254719 2592451431 22 4 3 2 -0.529325 195 176
181930687 2592867295 51 0 5 0 -3.833088 229 170
1728773535 2593160303 1 0 4 0 -0.584963 157 152
512487423 2594467583 4 0 8 0 -2.339850 176 170
2163755679 2599438663 9 0 3 0 -0.264663 168 159
1300469151 2600938303 6 6 5 4 -1.000000 164 157
1466114919 2606426523 4 6 2 1 -0.830075 154 156
1737810559 2606715839 1 0 6 0 -0.584963 225 152
754002079 2609214207 14 40 5 4 -1.790975 161 187
1467971007 2609726235 7 9 2 1 -0.830075 156 152
1161186543 2612669723 2 0 2 0 -1.169925 162 160
1308583783 2617167567 4 4 3 2 -1.000000 152 151
1747969263 2621953895 1 0 3 0 -0.584963 157 155
2075535087 2626849095 8 4 3 2 -0.339850 178 174
1169322735 2630976155 2 0 2 0 -1.169925 163 161
1317372015 2634744031 5 5 4 3 -1.000000 158 157
2110641087 2635325679 1 9 4 1 -0.320300 169 177
1319108607 2638217215 22 22 21 20 -1.000000 155 154
1761910527 2642865791 1 0 7 0 -0.584963 157 156
1762173439 2643260159 1 0 8 0 -0.584963 162 160
1764193695 2646290543 1 0 4 0 -0.584963 169 168
1765209831 2647814747 1 0 2 0 -0.584963 158 157
1395945723 2650115711 5 0 2 0 -0.924813 160 155
1177927167 2650336127 2 0 7 0 -1.169925 162 160
2369898267 2666135551 2 0 2 0 -0.169925 153 151
2110641087 2671280127 32 28 6 5 -0.339850 169 165
1783218175 2674827263 1 0 13 0 -0.584963 186 185
1783722855 2675584283 1 0 2 0 -0.584963 195 193
793167615 2676940703 3 0 5 0 -1.754888 162 155
1410123943 2677032175 5 0 3 0 -0.924813 228 222
2383691547 2681652991 2 0 2 0 -0.169925 156 154
661398811 2681689807 16 4 2 1 -2.019550 219 169
837346239 2682533535 14 6 5 4 -1.679700 187 179
1788428991 2682643487 1 0 5 0 -0.584963 184 183
1342055871 2684111743 7 7 6 5 -1.000000 165 164
1789546111 2684319167 1 0 6 0 -0.584963 177 176
1414336839 2685030095 5 0 3 0 -0.924813 160 155
1791862783 2687794175 1 0 10 0 -0.584963 155 154
1796254719 2694382079 1 0 9 0 -0.584963 195 193
2396204827 2695730431 2 0 2 0 -0.169925 165 163
2276681343 2698288999 8 11 3 2 -0.245112 160 163
2399143707 2699036671 2 0 2 0 -0.169925 164 162
2400627355 2700705775 2 0 2 0 -0.169925 158 156
2401002523 2701127839 2 0 2 0 -0.169925 179 177
1801087935 2701631903 1 0 5 0 -0.584963 160 159
1265803311 2703429535 7 0 4 0 -1.094738 162 155
1424081223 2703529199 5 0 3 0 -0.924813 163 155
1898974207 2709464703 79 20 7 6 -0.512788 227 168
1355943015 2711886031 4 4 3 2 -1.000000 156 156
2059750335 2715032575 41 1 6 1 -0.398500 195 155
2609214207 2717472463 37 1 4 1 -0.058650 187 151
1811680359 2717520539 1 0 2 0 -0.584963 154 153
1813307391 2719961087 1 0 12 0 -0.584963 162 161
2451095143 2720367343 1 11 3 1 -0.150375 159 169
806038975 2720381543 3 0 3 0 -1.754888 154 151
716576103 2720749895 5 0 5 0 -1.924813 165 152
2421271707 2723930671 2 0 2 0 -0.169925 155 153
2424148219 2727166747 2 0 5 0 -0.169925 157 155
1819013119 2728519679 1 0 11 0 -0.584963 152 151
1821067263 2731600895 1 0 10 0 -0.584963 165 164
810083775 2734032743 3 0 3 0 -1.754888 159 155
1685575783 2736802843 21 1 2 1 -0.699250 193 173
2027224231 2739842919 15 4 6 4 -0.434588 172 161
812163943 2741053311 10 7 3 2 -1.754888 186 182
1218263487 2741092847 2 0 4 0 -1.169925 163 161
1827397567 2741096351 1 0 5 0 -0.584963 273 270
1827536743 2741305115 1 0 2 0 -0.584963 169 168
901618971 2741759999 13 0 2 0 -1.604513 164 151
2282280027 2741828479 10 1 2 1 -0.264663 169 160
1828049055 2742073583 1 0 4 0 -0.584963 156 155
723383535 2746596863 5 0 4 0 -1.924813 178 164
1834688679 2752033019 1 0 2 0 -0.584963 162 155
2449410843 2755587199 2 0 2 0 -0.169925 168 164
1837472191 2756208287 1 0 5 0 -0.584963 176 174
1839527935 2759291903 1 0 10 0 -0.584963 167 164
1635532891 2759961755 3 0 6 0 -0.754888 155 151
1455837435 2763816383 5 0 2 0 -0.924813 178 173
383606875 2765088191 10 0 2 0 -2.849625 198 164
1639156455 2766076519 3 0 7 0 -0.754888 154 151
1845370879 2768056319 1 0 12 0 -0.584963 196 195
1231373343 2770590023 2 0 3 0 -1.169925 153 151
1847737063 2771605595 1 0 2 0 -0.584963 162 155
1232261787 2772589023 7 5 2 1 -1.169925 224 222
2473937947 2783180191 2 0 2 0 -0.169925 155 153
1649395483 2783354879 3 0 2 0 -0.754888 175 172
1856280735 2784421103 1 0 4 0 -0.584963 163 162
1467707995 2786351899 5 0 6 0 -0.924813 211 205
1629190911 2786768543 15 0 5 0 -0.774438 171 153
1858315903 2787473855 1 0 6 0 -0.584963 172 170
2202526959 2787573183 11 7 4 3 -0.339850 169 165
1765209831 2789467387 4 8 2 1 -0.660150 158 162
2515894119 2792284999 4 14 5 3 -0.150375 166 176
827670015 2793386303 3 0 6 0 -1.754888 207 194
544574703 2794522687 22 6 4 3 -2.359400 179 154
1104180463 2794956799 4 0 4 0 -1.339850 233 210
1398569583 2797139167 5 5 4 3 -1.000000 156 156
1657929499 2797756031 3 0 2 0 -0.754888 177 167
1399125231 2798250463 5 5 4 3 -1.000000 167 167
1876750183 2815125275 1 0 2 0 -0.584963 205 200
834211455 2815463663 3 0 4 0 -1.754888 159 155
1877345727 2816018591 1 0 5 0 -0.584963 219 206
165276159 2823898139 7 0 2 0 -4.094738 202 172
1983490119 2824149019 6 0 2 0 -0.509775 165 159
2609214207 2824318719 28 9 10 8 -0.114288 187 168
837346239 2826043559 3 0 3 0 -1.754888 187 184
1885038591 2827557887 1 0 10 0 -0.584963 179 164
1885662951 2828494427 1 0 2 0 -0.584963 157 156
1886308863 2829463295 1 0 8 0 -0.584963 165 158
1613473959 2829790567 4 18 6 4 -0.810525 151 164
1259894943 2834763623 2 0 3 0 -1.169925 188 175
1893099519 2839649279 1 0 10 0 -0.584963 162 153
2525401755 2841076975 2 0 2 0 -0.169925 155 153
1685575783 2844409135 3 0 3 0 -0.754888 193 190
1124157679 2845524127 4 0 4 0 -1.339850 186 170
711519231 2846076927 21 21 10 9 -2.000000 178 178
1898974207 2848461311 1 0 9 0 -0.584963 227 226
1688329575 2849056159 3 0 3 0 -0.754888 167 163
1689494247 2851021543 3 0 15 0 -0.754888 198 195
1903951263 2855926895 1 0 4 0 -0.584963 155 154
1904840551 2857260827 1 0 2 0 -0.584963 152 151
1430665959 2861331919 4 4 3 2 -1.000000 154 154
1910464359 2865696539 1 0 2 0 -0.584963 157 156
2014672807 2868547807 6 0 3 0 -0.509775 173 167
1434807423 2869614847 8 8 7 6 -1.000000 157 151
1532892519 2870931759 4 11 3 2 -0.905262 184 191
756272287 2871471343 5 0 4 0 -1.924813 174 169
1915909887 2873864831 1 0 7 0 -0.584963 155 154
897496999 2875233311 8 0 3 0 -1.679700 166 152
1138235239 2881157951 4 0 3 0 -1.339850 188 184
1281459135 2883283055 2 0 4 0 -1.169925 166 164
1124157679 2884346367 26 10 4 3 -1.359400 186 158
1200991791 2885634943 16 7 4 3 -1.264663 251 242
1925555047 2888332571 1 0 2 0 -0.584963 157 155
1712077543 2889130855 3 0 7 0 -0.754888 176 169
2572094043 2893605799 2 0 2 0 -0.169925 191 188
1288068607 2898154367 2 0 7 0 -1.169925 206 204
1631024367 2899598875 5 7 2 1 -0.830075 176 163
2579675547 2902134991 2 0 2 0 -0.169925 160 158
1290328575 2903239295 2 0 7 0 -1.169925 184 170
1633759647 2904461595 6 8 2 1 -0.830075 176 176
383606875 2913014719 31 26 2 1 -2.924813 198 164
1296433647 2916975707 2 0 2 0 -1.169925 170 168
1459772863 2919545727 7 7 6 5 -1.000000 176 175
1460433663 2920867327 9 9 8 7 -1.000000 159 157
1947984927 2921977391 1 0 4 0 -0.584963 160 159
1300469151 2926055591 2 0 3 0 -1.169925 164 155
770907375 2927038943 5 0 4 0 -1.924813 191 186
1028372571 2928451583 6 0 2 0 -1.509775 169 154
2284924263 2931311647 16 0 3 0 -0.359400 173 155
2606426523 2932229839 2 0 2 0 -0.169925 156 154
1955722911 2933584367 1 0 4 0 -0.584963 157 156
1959182335 2938773503 1 0 13 0 -0.584963 155 154
1161186543 2939253439 4 0 4 0 -1.339850 162 158
2121745407 2940224959 1 19 6 1 -0.470675 155 173
2617651227 2944857631 2 0 2 0 -0.169925 172 170
1312110591 2952248831 2 0 9 0 -1.169925 224 219
1169322735 2959848175 4 0 14 0 -1.339850 163 159
1054908507 2963583847 10 16 2 1 -1.490225 161 167
1317372015 2964087035 2 0 2 0 -1.169925 158 155
1483334895 2966669791 5 5 4 3 -1.000000 223 211
1319108607 2967994367 2 0 19 0 -1.169925 155 152
1043938495 2972777983 15 9 6 5 -1.509775 176 162
1984430079 2976645119 1 0 18 0 -0.584963 162 161
1488646911 2977293823 9 9 8 7 -1.000000 204 204
1765209831 2978791591 3 0 6 0 -0.754888 158 155
1324815003 2980833759 7 5 2 1 -1.169925 171 163
588963583 2981628143 4 0 4 0 -2.339850 162 158
1767602971 2982830015 3 0 2 0 -0.754888 155 152
1990521343 2985782015 1 0 8 0 -0.584963 167 166
1991640303 2987460455 1 0 3 0 -0.584963 169 168
1890844443 2988001095 3 7 2 1 -0.660150 165 169
1494992287 2989984575 6 6 5 4 -1.000000 152 152
1773083419 2992078271 3 0 2 0 -0.754888 176 173
394393759 2994927615 16 11 5 4 -2.924813 162 157
1997967207 2996950811 1 0 2 0 -0.584963 162 160
1054908507 3004016807 6 0 2 0 -1.509775 161 155
1783722855 3010032319 3 0 3 0 -0.754888 195 191
2008866927 3013300391 1 0 3 0 -0.584963 166 165
2010333295 3015499943 1 0 3 0 -0.584963 160 155
1590257991 3019005407 5 0 3 0 -0.924813 166 161
1342055871 3019625711 2 0 4 0 -1.169925 165 162
2549229927 3021309543 4 7 8 4 -0.245112 164 167
1702035951 3025841691 5 7 2 1 -0.830075 165 167
2154868351 3026865831 1 7 3 1 -0.490225 176 181
560542111 3030345263 11 0 4 0 -2.434588 185 169
2021456319 3032184479 1 0 5 0 -0.584963 174 173
1347865215 3032696735 2 0 5 0 -1.169925 163 161
2027224231 3040836347 1 0 2 0 -0.584963 172 171
2027639295 3041458943 1 0 8 0 -0.584963 153 152
1802411547 3041569487 3 0 2 0 -0.754888 218 210
1806501147 3048470687 3 0 2 0 -0.754888 169 162
2609726235 3051378111 3 18 2 1 -0.225562 152 167
2035200751 3052801127 1 0 3 0 -0.584963 173 170
1072218279 3053309087 6 0 3 0 -1.509775 186 176
1811680359 3057210607 3 0 3 0 -0.754888 154 151
1529278311 3058556623 4 4 3 2 -1.000000 187 175
279200511 3059956223 23 0 8 0 -3.454138 183 159
1531801215 3063602431 8 8 7 6 -1.000000 162 160
2266952895 3063842047 11 0 6 0 -0.434588 227 215
1816609371 3065528315 3 0 5 0 -0.754888 174 171
2870931759 3065785039 7 0 5 0 -0.094738 191 184
2044853247 3067279871 1 0 9 0 -0.584963 186 185
2424148219 3068062591 4 0 2 0 -0.339850 157 152
2047421671 3071132507 1 0 2 0 -0.584963 157 153
2050112511 3075168767 1 0 9 0 -0.584963 153 152
2051648751 3077473127 1 0 3 0 -0.584963 152 151
1685575783 3078903199 22 0 3 0 -0.869175 193 171
924853807 3079368955 13 22 2 1 -1.735337 156 155
812163943 3083684975 5 0 3 0 -1.924813 186 180
1827536743 3083968255 3 0 3 0 -0.754888 169 166
1370914239 3084557039 2 0 4 0 -1.169925 163 158
2059750335 3089625503 1 0 5 0 -0.584963 195 194
915532287 3089921471 3 0 6 0 -1.754888 167 162
2572094043 3089997991 9 0 2 0 -0.264663 191 181
2609214207 3092402023 9 12 3 2 -0.245112 187 190
3051378111 3093008871 16 4 3 2 -0.019550 167 155
2062042143 3093063215 1 0 4 0 -0.584963 176 175
2202526959 3093810159 5 11 8 5 -0.490225 169 175
1834688679 3096037147 3 0 2 0 -0.754888 162 153
2064265215 3096397823 1 0 11 0 -0.584963 157 156
2065256943 3097885415 1 0 3 0 -0.584963 158 157
2068111527 3102167291 1 0 2 0 -0.584963 156 155
919763967 3104203391 3 0 7 0 -1.754888 168 162
2070113439 3105170159 1 0 4 0 -0.584963 176 175
1842460443 3109151999 3 0 2 0 -0.754888 162 159
921857895 3111270399 14 11 3 2 -1.754888 156 152
2075535087 3113302631 1 0 3 0 -0.584963 178 176
2077717183 3116575775 1 0 5 0 -0.584963 161 160
2078496303 3117744455 1 0 3 0 -0.584963 205 204
1232261787 3119162651 4 0 7 0 -1.339850 224 220
1560359071 3120718143 6 6 5 4 -1.000000 164 164
2083837671 3125756507 1 0 2 0 -0.584963 169 168
1855127323 3130527359 3 0 2 0 -0.754888 158 152
1565669023 3131338047 6 6 5 4 -1.000000 170 169
1467707995 3134645887 7 0 2 0 -1.094738 211 203
1238481223 3134905599 12 8 3 2 -1.339850 188 180
2090589631 3135884447 1 0 5 0 -0.584963 179 178
2788008987 3136510111 2 0 2 0 -0.169925 282 280
2789467387 3138150811 2 0 5 0 -0.169925 162 160
2542554351 3138425883 36 3 2 1 -0.303763 192 159
2940220527 3139776511 8 1 4 1 -0.094738 223 216
1571026591 3142053183 6 6 5 4 -1.000000 162 162
96883183 3142559591 12 0 3 0 -5.019550 217 192
544574703 3143838023 18 0 3 0 -2.529325 179 152
2654459295 3146025831 6 9 3 2 -0.245112 192 195
1399125231 3148031771 2 0 2 0 -1.169925 167 164
874290535 3150999871 16 6 3 2 -1.849625 172 160
2562918271 3156963231 1 21 5 1 -0.300750 166 186
986675823 3160927775 8 0 4 0 -1.679700 177 162
2107301407 3160952111 1 0 4 0 -0.584963 167 166
2110641087 3165961631 1 0 5 0 -0.584963 169 168
2110814655 3166221983 1 0 5 0 -0.584963 167 166
1876750183 3167015935 3 0 3 0 -0.754888 205 198
165276159 3176885407 9 0 5 0 -4.264663 202 169
1983490119 3177167647 8 0 3 0 -0.679700 165 152
2121745407 3182618111 1 0 9 0 -0.584963 155 154
2121988095 3182982143 1 0 10 0 -0.584963 153 152
1890844443 3190799999 3 0 2 0 -0.754888 165 162
1796254719 3193341723 11 13 2 1 -0.830075 195 196
525068415 3193392383 13 0 7 0 -2.604513 195 181
2131419303 3197128955 1 0 2 0 -0.584963 158 157
1423038463 3201836543 2 0 9 0 -1.169925 178 176
2136051879 3204077819 1 0 2 0 -0.584963 155 154
2140533375 3210800063 1 0 6 0 -0.584963 162 161
2143006719 3214510079 1 0 11 0 -0.584963 193 192
2144548863 3216823295 1 0 10 0 -0.584963 159 158
1811680359 3220765083 4 6 2 1 -0.830075 154 156
1272913767 3222062975 4 0 3 0 -1.339850 160 155
1910464359 3223908607 3 0 3 0 -0.754888 157 154
795279391 3224518399 12 0 5 0 -2.019550 178 162
2150133375 3225200063 1 0 6 0 -0.584963 178 177
2150912751 3226369127 1 0 3 0 -0.584963 162 160
2151240175 3226860263 1 0 3 0 -0.584963 152 151
1434273903 3227116283 2 0 2 0 -1.169925 167 165
2871762075 3230732335 2 0 2 0 -0.169925 158 156
2154868351 3232302527 1 0 6 0 -0.584963 176 174
1438845723 3237402879 10 8 2 1 -1.169925 169 160
960385983 3241302695 3 0 3 0 -1.754888 188 181
1621254079 3242508159 7 7 6 5 -1.000000 196 196
2885345947 3246014191 2 0 2 0 -0.169925 171 169
1200991791 3246339311 11 0 6 0 -1.434588 251 240
1925555047 3249374143 3 0 3 0 -0.754888 157 153
1828049055 3249864987 6 8 2 1 -0.830075 156 158
644034303 3260423663 4 0 4 0 -2.339850 206 202
1834688679 3261668763 4 6 2 1 -0.830075 162 158
2899598875 3262048735 2 0 2 0 -0.169925 163 161
1719969327 3265254271 5 0 4 0 -0.924813 162 152
2904461595 3267519295 2 0 2 0 -0.169925 176 174
2178902175 3268353263 1 0 4 0 -0.584963 152 151
1434273903 3271144687 15 1 7 1 -1.189475 167 153
2186571943 3279857915 1 0 2 0 -0.584963 183 181
2187002863 3280504295 1 0 3 0 -0.584963 163 153
2187380895 3281071343 1 0 4 0 -0.584963 174 172
1296433647 3281597671 4 0 3 0 -1.339850 170 166
1214303983 3282322815 18 7 4 3 -1.434588 167 155
1459772863 3284488943 2 0 4 0 -1.169925 176 173
2189959911 3284939867 1 0 2 0 -0.584963 157 153
960385983 3285524647 19 4 3 2 -1.774438 188 169
1460433663 3285975743 2 0 6 0 -1.169925 159 155
2922559579 3287879527 2 0 2 0 -0.169925 172 169
2163755679 3289914559 13 0 5 0 -0.604513 168 155
975679647 3292918811 3 0 2 0 -1.754888 187 184
2201005927 3301508891 1 0 2 0 -0.584963 191 190
2202526959 3303790439 1 0 3 0 -0.584963 169 168
2208360927 3312541391 1 0 4 0 -0.584963 215 210
2208709119 3313063679 1 0 8 0 -0.584963 152 151
3146025831 3314331739 4 9 2 1 -0.075187 195 200
2212273599 3318410399 1 0 5 0 -0.584963 152 151
656055295 3321279935 4 0 6 0 -2.339850 225 217
1660640895 3321281791 8 8 7 6 -1.000000 158 152
2075535087 3324605887 8 0 4 0 -0.679700 178 169
2219492287 3329238431 1 0 5 0 -0.584963 160 158
2340117223 3331924719 11 5 3 2 -0.509775 185 177
1317372015 3334597915 4 0 2 0 -1.339850 158 152
834211455 3336845823 17 17 7 6 -2.000000 159 158
2224730431 3337095647 1 0 5 0 -0.584963 161 160
1483334895 3337503515 2 0 2 0 -1.169925 223 209
1671028383 3342056767 6 6 5 4 -1.000000 181 180
1043938495 3344375231 8 0 8 0 -1.679700 176 160
2230387431 3345581147 1 0 2 0 -0.584963 155 153
2232484479 3348726719 1 0 6 0 -0.584963 176 175
1488646911 3349455551 2 0 6 0 -1.169925 204 202
2264923519 3351657723 1 12 2 1 -0.565412 162 173
1324815003 3353437979 4 0 7 0 -1.339850 171 157
2237814207 3356721311 1 0 5 0 -0.584963 171 170
2237974695 3356962043 1 0 2 0 -0.584963 157 156
2238940719 3358411079 1 0 3 0 -0.584963 154 153
2131419303 3368168775 4 8 5 3 -0.660150 158 162
1996118811 3368450495 3 0 2 0 -0.754888 183 180
394393759 3369293567 7 0 5 0 -3.094738 162 155
1997967207 3371569663 3 0 3 0 -0.754888 162 158
2248315359 3372473039 1 0 4 0 -0.584963 174 173
1689494247 3378988495 4 4 3 2 -1.000000 198 198
2924907519 3380920351 27 1 5 1 -0.209025 182 156
3290721279 3381126175 24 0 5 0 -0.039100 195 171
2254946415 3382419623 1 0 3 0 -0.584963 164 158
2140533375 3382571259 8 12 2 1 -0.660150 162 166
2408937919 3383748187 1 7 2 1 -0.490225 157 163
1006335135 3396381083 3 0 2 0 -1.754888 162 159
2264923519 3397385279 1 0 6 0 -0.584963 162 161
2268200575 3402300863 1 0 6 0 -0.584963 182 176
1512544575 3403225295 2 0 4 0 -1.169925 174 172
3025841691 3404071903 2 0 2 0 -0.169925 167 164
1702587391 3405174783 11 11 10 9 -1.000000 229 229
2271688191 3407532287 1 0 8 0 -0.584963 160 159
2272705855 3409058783 1 0 5 0 -0.584963 153 152
2276681343 3415022015 1 0 6 0 -0.584963 160 159
1124157679 3418484583 14 1 3 1 -1.604513 186 161
2279260671 3418891007 1 0 8 0 -0.584963 154 153
2027224231 3420940891 3 0 2 0 -0.754888 172 169
1424081223 3421654143 17 8 3 2 -1.264663 163 151
2281844383 3422766575 1 0 4 0 -0.584963 177 176
1334334567 3423614975 16 0 3 0 -1.359400 185 168
1712077543 3424155087 4 4 3 2 -1.000000 176 169
1355943015 3432230759 4 0 8 0 -1.339850 156 152
1018872831 3438695807 3 0 7 0 -1.754888 170 166
1531801215 3446552735 2 0 5 0 -1.169925 162 152
1531921023 3446822303 2 0 5 0 -1.169925 216 213
1816609371 3448719355 5 0 5 0 -0.924813 174 164
3065884507 3449120071 2 0 2 0 -0.169925 158 156
2299879071 3449818607 1 0 4 0 -0.584963 178 176
1702035951 3450514559 12 0 4 0 -1.019550 165 152
1728773535 3457547071 6 6 5 4 -1.000000 157 153
1024974847 3459290111 3 0 10 0 -1.754888 174 171
2306562207 3459843311 1 0 4 0 -0.584963 169 168
1621254079 3462580735 8 1 6 1 -1.094738 196 189
2432234799 3463084315 6 0 2 0 -0.509775 168 162
2308785919 3463178879 1 0 7 0 -0.584963 166 165
3079368955 3464290075 2 0 5 0 -0.169925 155 153
2310105247 3465157871 1 0 4 0 -0.584963 162 161
1081913947 3466033895 8 0 2 0 -1.679700 165 155
1737810559 3475621119 8 8 7 6 -1.000000 225 153
1955722911 3476840731 6 8 2 1 -0.830075 157 159
2320725439 3481088159 1 0 5 0 -0.584963 170 169
1834688679 3483041791 5 0 3 0 -0.924813 162 151
2325422247 3488133371 1 0 2 0 -0.584963 162 161
2068111527 3489938203 3 0 2 0 -0.754888 156 153
2327300199 3490950299 1 0 2 0 -0.584963 161 160
2947001703 3492742759 4 7 8 4 -0.245112 156 159
1747969263 3495938527 5 5 4 3 -1.000000 157 156
2330959615 3496439423 1 0 7 0 -0.584963 158 155
3110002683 3498753019 2 0 10 0 -0.169925 155 153
2338645471 3507968207 1 0 4 0 -0.584963 163 162
1232261787 3509057983 6 0 2 0 -1.509775 224 217
2340117223 3510175835 1 0 2 0 -0.584963 185 182
1560359071 3510807911 2 0 3 0 -1.169925 164 162
2083837671 3516476071 3 0 6 0 -0.754888 169 152
2345112223 3517668335 1 0 4 0 -0.584963 156 155
1565669023 3522755303 2 0 3 0 -1.169925 170 167
1761910527 3523821055 9 9 8 7 -1.000000 157 157
1856280735 3524032959 12 7 5 4 -0.924813 163 158
1762173439 3524346879 10 10 9 8 -1.000000 162 161
1238481223 3526768799 6 0 3 0 -1.509775 188 157
3137725467 3529941151 2 0 2 0 -0.169925 179 177
2789467387 3530419663 4 0 2 0 -0.339850 162 157
3138425883 3530729119 2 0 2 0 -0.169925 159 157
1395945723 3533487615 13 9 2 1 -1.339850 160 156
2792284999 3533985703 4 0 5 0 -0.339850 176 172
1571026591 3534809831 2 0 3 0 -1.169925 162 160
2357902447 3536853671 1 0 3 0 -0.584963 160 158
1399125231 3541535743 4 0 4 0 -1.339850 167 162
2361369567 3542054351 1 0 4 0 -0.584963 152 151
2364002031 3546003047 1 0 3 0 -0.584963 154 153
1583507967 3562892927 2 0 7 0 -1.169925 218 196
834211455 3563321199 12 5 4 3 -2.094738 159 151
1783218175 3566436351 15 15 14 13 -1.000000 186 186
1783722855 3567445711 4 4 3 2 -1.000000 195 193
2378338047 3567507071 1 0 7 0 -0.584963 199 196
1586335231 3569254271 2 0 7 0 -1.169925 161 156
2381854879 3572782319 1 0 4 0 -0.584963 181 179
1788428991 3576857983 7 7 6 5 -1.000000 184 184
3019622847 3578812263 7 10 3 2 -0.245112 159 162
1789546111 3579092223 8 8 7 6 -1.000000 177 176
1060872703 3580445375 3 0 6 0 -1.754888 163 152
3184692507 3582779071 2 0 2 0 -0.169925 185 183
1990521343 3586984095 16 6 5 4 -0.849625 167 157
2127168795 3589597343 3 0 2 0 -0.754888 157 153
2394189159 3591283739 1 0 2 0 -0.584963 197 196
3193341723 3592509439 2 0 2 0 -0.169925 196 194
473095167 3592566431 5 0 5 0 -2.924813 185 176
2021456319 3593700123 7 9 2 1 -0.830075 174 176
2131419303 3596770075 3 0 2 0 -0.754888 158 152
3199535899 3599477887 2 0 2 0 -0.169925 155 152
711519231 3602066111 4 0 6 0 -2.339850 178 174
2401975015 3602962523 1 0 2 0 -0.584963 170 169
2402639487 3603959231 1 0 6 0 -0.584963 170 157
2136051879 3604587547 3 0 2 0 -0.754888 155 152
1424081223 3604705599 10 6 3 2 -1.339850 163 156
3204849435 3605455615 2 0 2 0 -0.169925 159 157
3422791839 3605904159 1 6 7 1 -0.075187 151 156
1804162287 3608324575 5 5 4 3 -1.000000 154 151
2408937919 3613406879 1 0 5 0 -0.584963 157 156
334707823 3618926207 11 0 4 0 -3.434588 172 156
3220765083 3623360719 2 0 2 0 -0.169925 156 154
1074020991 3624820847 3 0 4 0 -1.754888 157 153
1611954303 3626897183 2 0 5 0 -1.169925 154 152
1132461759 3627969535 8 0 6 0 -1.679700 162 154
1434273903 3630505819 4 0 2 0 -1.339850 167 163
3271562271 3630969279 6 16 5 4 -0.150375 190 200
1819013119 3638026239 13 13 12 11 -1.000000 152 152
1009639195 3638805231 11 1 2 1 -1.849625 186 152
1438845723 3642078239 4 0 2 0 -1.339850 169 158
1821067263 3642134527 12 12 11 10 -1.000000 165 164
1620167551 3645376991 2 0 5 0 -1.169925 158 155
1621254079 3647821679 2 0 4 0 -1.169925 196 194
1925157115 3654790463 5 0 2 0 -0.924813 167 162
1827397567 3654795135 7 7 6 5 -1.000000 273 270
2281844383 3655073487 9 1 4 1 -0.679700 177 169
2437119999 3655679999 1 0 14 0 -0.584963 153 152
3249864987 3656098111 2 0 2 0 -0.169925 158 156
1084547071 3660346367 3 0 10 0 -1.754888 154 151
2443901799 3665852699 1 0 2 0 -0.584963 179 178
2937800703 3668109031 1 9 3 1 -0.320300 200 203
1631024367 3669804827 2 0 2 0 -1.169925 176 159
2823017199 3671037723 29 1 2 1 -0.378950 187 159
2065256943 3671567899 5 7 2 1 -0.830075 158 160
1837472191 3674944383 7 7 6 5 -1.000000 176 175
1633759647 3675959207 2 0 3 0 -1.169925 176 157
2451095143 3676642715 1 0 2 0 -0.584963 159 158
1635532891 3679949007 6 4 2 1 -1.169925 155 152
2788008987 3682658907 105 12 6 4 -0.401513 282 186
3273961723 3683206939 2 0 5 0 -0.169925 166 164
1455837435 3685088511 12 8 2 1 -1.339850 178 174
383606875 3686784255 17 8 2 1 -3.264663 198 160
2458983423 3688475135 1 0 9 0 -0.584963 162 161
1845370879 3690741759 14 14 13 12 -1.000000 196 196
2460495207 3690742811 1 0 2 0 -0.584963 157 156
2078496303 3695104539 5 7 2 1 -0.830075 205 207
2189959911 3695557351 3 0 11 0 -0.754888 157 151
3511274943 3699120927 1 6 5 1 -0.075187 159 164
2224730431 3703702015 2 11 6 2 -0.735337 161 169
975679647 3704533663 5 0 9 0 -1.924813 187 182
2469867679 3704801519 1 0 4 0 -0.584963 164 163
2473645615 3710468423 1 0 3 0 -0.584963 153 152
1649395483 3711139839 17 15 2 1 -1.169925 175 173
2059750335 3711736987 11 1 2 1 -0.849625 195 185
1856280735 3712561471 6 6 5 4 -1.000000 163 163
2201005927 3714197503 3 0 3 0 -0.754888 191 188
1629190911 3715691391 21 7 7 6 -1.189475 171 154
3307803291 3721278703 2 0 2 0 -0.169925 192 190
3314331739 3728623207 2 0 2 0 -0.169925 200 198
1657929499 3730341375 11 9 2 1 -1.169925 177 168
2220641307 3747332207 3 0 2 0 -0.754888 198 195
2500895679 3751343519 1 0 5 0 -0.584963 158 157
2110814655 3752559387 7 9 2 1 -0.830075 167 169
2501754879 3752632319 1 0 13 0 -0.584963 161 160
1876750183 3753500367 4 4 3 2 -1.000000 205 201
1171786735 3753951551 8 0 4 0 -1.679700 164 156
1112365215 3754232603 3 0 2 0 -1.754888 162 157
1483334895 3754691455 4 0 4 0 -1.339850 223 205
2505876927 3758815391 1 0 5 0 -0.584963 168 167
1671028383 3759813863 2 0 3 0 -1.169925 181 178
2507349759 3761024639 1 0 7 0 -0.584963 185 184
2059750335 3762377199 27 5 4 3 -0.869175 195 173
2230387431 3763778791 3 0 9 0 -0.754888 155 151
195882855 3765197519 9 0 3 0 -4.264663 205 172
2512545639 3768818459 1 0 2 0 -0.584963 158 157
1885038591 3770077183 12 12 11 10 -1.000000 179 160
1324815003 3772617727 6 0 2 0 -1.509775 171 155
2515894119 3773841179 1 0 2 0 -0.584963 166 164
2237974695 3776582299 3 0 2 0 -0.754888 157 152
2519309311 3778963967 1 0 9 0 -0.584963 152 151
872954535 3779684831 19 0 3 0 -2.114288 208 176
1893099519 3786199039 12 12 11 10 -1.000000 162 154
3372586779 3794160127 2 0 2 0 -0.169925 157 155
2531021983 3796532975 1 0 4 0 -0.584963 159 158
2531105511 3796658267 1 0 2 0 -0.584963 162 161
986675823 3797396327 17 0 3 0 -1.944363 177 152
2107301407 3797425563 13 3 2 1 -0.849625 167 157
1898974207 3797948415 11 11 10 9 -1.000000 227 227
3204849435 3798340071 3 6 2 1 -0.245112 159 162
3207012351 3800903527 14 17 3 2 -0.245112 179 181
3378593883 3800918119 2 0 2 0 -0.169925 171 169
2533956607 3800934911 1 0 9 0 -0.584963 154 153
3004924231 3803107231 4 0 3 0 -0.339850 181 177
2536098975 3804148463 1 0 4 0 -0.584963 152 151
3382571259 3805392667 2 0 5 0 -0.169925 166 164
2538109951 3807164927 1 0 9 0 -0.584963 169 167
1903951263 3807902527 6 6 5 4 -1.000000 155 155
2539859815 3809789723 1 0 2 0 -0.584963 196 193
2542554351 3813831527 1 0 3 0 -0.584963 192 191
1006335135 3820928719 5 0 4 0 -1.924813 162 157
2549229927 3823844891 1 0 2 0 -0.584963 164 162
1915909887 3831819775 9 9 8 7 -1.000000 155 155
3589821255 3833466351 12 5 3 2 -0.094738 160 153
1009639195 3833473823 5 0 2 0 -1.924813 186 157
2555762943 3833644415 1 0 7 0 -0.584963 159 153
2559919743 3839879615 1 0 6 0 -0.584963 152 151
3034110279 3840045823 4 0 3 0 -0.339850 185 181
1199650023 3843214751 8 0 3 0 -1.679700 183 174
2562918271 3844377407 1 0 6 0 -0.584963 166 165
2133598311 3844813439 10 0 3 0 -0.849625 188 177
2027224231 3848558503 5 0 8 0 -0.924813 172 164
1925555047 3851110095 4 4 3 2 -1.000000 157 156
2282280027 3851347547 3 0 9 0 -0.754888 169 166
760803327 3851566847 4 0 8 0 -2.339850 173 166
3250253823 3852152679 13 16 3 2 -0.245112 151 154
2823017199 3867430687 24 1 4 1 -0.454138 187 164
509436415 3868532783 5 0 4 0 -2.924813 171 164
1529278311 3870985727 4 0 3 0 -1.339850 187 171
2581094143 3871641215 1 0 7 0 -0.584963 152 151
2178902175 3873603867 6 8 2 1 -0.830075 152 154
1816609371 3879809275 7 0 5 0 -1.094738 174 162
1532892519 3880134191 4 0 3 0 -1.339850 184 179
2592451431 3888677147 1 0 2 0 -0.584963 176 175
181930687 3889300943 52 0 4 0 -4.418050 229 169
512487423 3891701375 5 0 7 0 -2.924813 176 169
2432234799 3895969855 8 0 4 0 -0.679700 168 160
3079368955 3897326335 4 0 2 0 -0.339850 155 151
2600938303 3901407455 1 0 5 0 -0.584963 157 156
1827397567 3902850079 8 1 5 1 -1.094738 273 263
2602423711 3903635567 1 0 4 0 -0.584963 155 154
1737810559 3910073759 2 0 5 0 -1.169925 225 151
3476840731 3911445823 2 0 2 0 -0.169925 159 157
3093810159 3915603483 7 3 2 1 -0.339850 175 171
1959182335 3918364671 15 15 14 13 -1.000000 155 155
2325422247 3924150043 3 0 2 0 -0.754888 162 157
2617283199 3925924799 1 0 6 0 -0.584963 158 157
2068111527 3926180479 5 0 3 0 -0.924813 156 151
2327300199 3927319087 3 0 3 0 -0.754888 161 158
1747969263 3932930843 2 0 2 0 -1.169925 157 154
2913014719 3937010335 11 0 5 0 -0.434588 164 153
3113212231 3940159231 4 0 3 0 -0.339850 155 151
2628018223 3942027335 1 0 3 0 -0.584963 158 153
2078496303 3945895327 5 0 4 0 -0.924813 205 200
3508209435 3946735615 2 0 2 0 -0.169925 153 151
2340117223 3948947815 3 0 7 0 -0.754888 185 180
3123445831 3953111131 4 0 2 0 -0.339850 155 151
770907375 3955964415 26 10 4 3 -2.359400 191 175
2638217215 3957325823 1 0 21 0 -0.584963 154 153
2638520479 3957780719 1 0 4 0 -0.584963 163 162
3345017343 3964464999 10 13 3 2 -0.245112 164 167
2230387431 3965133211 4 6 2 1 -0.830075 155 156
1984430079 3968860159 20 20 19 18 -1.000000 162 162
2646889887 3970334831 1 0 4 0 -0.584963 160 159
2512545639 3970442491 4 8 2 1 -0.660150 158 162
1395945723 3975173567 6 0 2 0 -1.509775 160 154
1177927167 3975504191 3 0 6 0 -1.754888 162 157
1767602971 3977106687 10 8 2 1 -1.169925 155 152
2654459295 3981688943 1 0 4 0 -0.584963 192 191
1991640303 3983280607 5 5 4 3 -1.000000 169 169
1773083419 3989437695 10 8 2 1 -1.169925 176 169
1997967207 3995934415 4 4 3 2 -1.000000 162 161
2963583847 4005355743 12 1 3 1 -0.434588 167 155
2671280127 4006920191 1 0 14 0 -0.584963 165 164
2254946415 4008793627 5 7 2 1 -0.830075 164 161
1783218175 4012240895 2 0 12 0 -1.169925 186 184
793167615 4015411055 4 0 4 0 -2.339850 162 154
1410123943 4015548263 6 0 6 0 -1.509775 228 220
2008866927 4017733855 5 5 4 3 -1.000000 166 166
1032397759 4019173615 12 36 4 3 -1.960900 155 164
2010333295 4020666591 5 5 4 3 -1.000000 160 152
2681008831 4021513247 1 0 5 0 -0.584963 155 154
2682579967 4023869951 1 0 9 0 -0.584963 157 155
1788428991 4023965231 2 0 4 0 -1.169925 184 182
3137725467 4025363707 21 5 5 3 -0.359400 179 163
2684111743 4026167615 1 0 6 0 -0.584963 164 163
1789546111 4026478751 2 0 5 0 -1.169925 177 174
3066326655 4033406703 8 21 4 3 -0.395487 162 175
2689921191 4034881787 1 0 2 0 -0.584963 153 152
2690883327 4036324991 1 0 7 0 -0.584963 189 186
2691933823 4037900735 1 0 6 0 -0.584963 179 178
2394189159 4040194207 3 0 3 0 -0.754888 197 194
560542111 4040460351 16 6 5 4 -2.849625 185 169
1796254719 4041573119 2 0 8 0 -1.169925 195 192
3593700123 4042912639 2 0 2 0 -0.169925 176 174
2396204827 4043595647 3 0 2 0 -0.754888 165 162
2698288999 4047433499 1 0 2 0 -0.584963 163 162
2399143707 4048555007 3 0 2 0 -0.754888 164 161
2401002523 4051691759 3 0 2 0 -0.754888 179 176
2279260671 4052018971 10 12 2 1 -0.830075 154 156
2401975015 4053332839 3 0 7 0 -0.754888 170 164
1265803311 4055144303 8 0 6 0 -1.679700 162 154
2027639295 4055278591 10 10 9 8 -1.000000 153 153
1424081223 4055293799 6 0 5 0 -1.509775 163 154
2703531135 4055296703 1 0 6 0 -0.584963 162 160
2709464703 4064197055 1 0 6 0 -0.584963 168 167
1806501147 4064627583 9 7 2 1 -1.169925 169 163
2712174591 4068261887 1 0 14 0 -0.584963 154 153
2712372159 4068558239 1 0 5 0 -0.584963 173 170
2035200751 4070401503 5 5 4 3 -1.000000 173 164
2059750335 4072548863 41 0 6 0 -0.983463 195 154
165276159 4075601691 28 3 2 1 -4.624063 202 153
2719533679 4079300519 1 0 3 0 -0.584963 168 167
1813307391 4079941631 2 0 11 0 -1.169925 162 160
3873603867 4080833703 3 8 2 1 -0.075187 154 159
2722387359 4083581039 1 0 4 0 -0.584963 158 157
3630172827 4083944431 2 0 2 0 -0.169925 168 166
1434273903 4084319047 6 0 3 0 -1.509775 167 161
2421271707 4085896007 3 0 2 0 -0.754888 155 152
2044853247 4089706495 11 11 10 9 -1.000000 186 186
3641289883 4096451119 2 0 2 0 -0.169925 154 152
1821067263 4097401343 2 0 9 0 -1.169925 165 162
2050112511 4100225023 11 11 10 9 -1.000000 153 152
2306562207 4100555035 6 8 2 1 -0.830075 169 171
810083775 4101049115 4 0 2 0 -2.339850 159 152
2885345947 4108236711 10 4 2 1 -0.509775 171 165
1200991791 4108648191 24 9 4 3 -1.774438 251 217
2739842919 4109764379 1 0 2 0 -0.584963 161 157
1218263487 4111639271 3 0 3 0 -1.754888 163 160
1827397567 4111644527 2 0 4 0 -1.169925 273 268
2282280027 4112742719 10 0 2 0 -0.849625 169 159
2443901799 4124084287 3 0 3 0 -0.754888 179 176
3482427903 4127321959 10 13 3 2 -0.245112 155 158
1631024367 4128530431 4 0 4 0 -1.339850 176 157
2823017199 4129917439 30 0 4 0 -0.548875 187 157
3671567899 4130513887 2 0 2 0 -0.169925 160 158
2449410843 4133380799 3 0 2 0 -0.754888 168 162
2325422247 4134083995 4 6 2 1 -0.830075 162 162
1837472191 4134312431 2 0 4 0 -1.169925 176 173
1839527935 4138937855 2 0 9 0 -1.169925 167 163
2070113439 4140226879 6 6 5 4 -1.000000 176 176
3680646235 4140727015 2 0 2 0 -0.169925 153 151
3681710331 4141924123 2 0 5 0 -0.169925 159 157
3682658907 4142991271 2 0 2 0 -0.169925 186 184
3273961723 4143607807 4 0 2 0 -0.339850 166 162
1455837435 4145724575 6 0 2 0 -1.509775 178 172
1845370879 4152084479 2 0 11 0 -1.169925 196 194
2460495207 4152085663 3 0 3 0 -0.754888 157 154
2077717183 4155434367 7 7 6 5 -1.000000 161 160
2772589023 4158883535 1 0 4 0 -0.584963 222 220
2775768703 4163653055 1 0 6 0 -0.584963 161 160
2501754879 4164888679 15 24 3 2 -0.735337 161 170
2777071615 4165607423 1 0 13 0 -0.584963 180 179
2084478975 4168957951 14 14 13 12 -1.000000 151 151
2779710399 4169565599 1 0 5 0 -0.584963 171 170
1855127323 4174036479 11 9 2 1 -1.169925 158 153
2783019711 4174529567 1 0 5 0 -0.584963 156 155
1649395483 4175032319 4 0 2 0 -1.339850 175 169
1856280735 4176631655 2 0 3 0 -1.169925 163 161
1629190911 4180152815 16 0 4 0 -1.359400 171 152
2090589631 4181179263 7 7 6 5 -1.000000 179 179
2787573183 4181359775 1 0 5 0 -0.584963 165 164
2788021663 4182032495 1 0 4 0 -0.584963 152 151
2792703423 4189055135 1 0 5 0 -0.584963 163 162
827670015 4190079455 4 0 5 0 -2.339850 207 193
1104180463 4192435199 5 0 4 0 -1.924813 233 206
2795234335 4192851503 1 0 4 0 -0.584963 154 152
1657929499 4196634047 4 0 2 0 -1.339850 177 166
2798250463 4197375695 1 0 4 0 -0.584963 167 162
3738400027 4205700031 2 0 2 0 -0.169925 159 157
3122645487 4220331423 17 6 4 3 -0.434588 167 155
2110641087 4221282175 7 7 6 5 -1.000000 169 164
3752559387 4221629311 2 0 2 0 -0.169925 169 167
834211455 4223195495 4 0 3 0 -2.339850 159 154
1112365215 4223511679 5 0 5 0 -1.924813 162 155
1877345727 4224027887 2 0 4 0 -1.169925 219 203
2821899879 4232849819 1 0 2 0 -0.584963 153 152
2512545639 4239920767 3 0 3 0 -0.754888 158 155
1885038591 4241336831 2 0 9 0 -1.169925 179 158
1886308863 4244194943 2 0 7 0 -1.169925 165 152
3773474587 4245158911 2 0 2 0 -0.169925 155 152
2515894119 4245571327 3 0 3 0 -0.754888 166 162
2833347327 4250020991 1 0 7 0 -0.584963 152 151
1259894943 4252145435 3 0 2 0 -1.754888 188 174
3452325103 4252520863 5 25 4 3 -0.300750 181 201
1890844443 4254399999 11 9 2 1 -1.169925 165 163
2394189159 4256336283 4 6 2 1 -0.830075 197 199
3237402879 4258438171 1 14 2 1 -0.395487 160 173
1893099519 4259473919 2 0 9 0 -1.169925 162 152
2841217183 4261825775 1 0 4 0 -0.584963 162 158
1124157679 4268286191 5 0 11 0 -1.924813 186 167
2846076927 4269115391 1 0 11 0 -0.584963 178 177
2924907519 4270051567 11 34 4 3 -0.545862 182 205
2531105511 4271240551 3 0 7 0 -0.754888 162 159
1898974207 4272691967 2 0 8 0 -1.169925 227 225
1689494247 4276532315 4 0 2 0 -1.339850 198 193
3382571259 4281066751 4 0 2 0 -0.339850 166 162
4010157127 4282330879 7 0 3 0 -0.094738 169 162
3809412891 4285589503 2 0 2 0 -0.169925 172 170
2539859815 4286013439 3 0 3 0 -0.754888 196 191
