63728127 95592191 1 0 8 0 -0.584963 237 232
63728127 127456255 10 10 9 8 -1.000000 237 210
96883183 145324775 1 0 3 0 -0.584963 217 216
96883183 193766367 5 5 4 3 -1.000000 217 215
165276159 195882855 10 13 3 2 -0.245112 202 205
96883183 217987163 2 0 2 0 -1.169925 217 213
96883183 245235559 4 0 3 0 -1.339850 217 211
165276159 247914239 1 0 8 0 -0.584963 202 201
181930687 272896031 1 0 5 0 -0.584963 229 228
193766367 290649551 1 0 4 0 -0.584963 215 214
195882855 293824283 1 0 2 0 -0.584963 205 204
217740015 326610023 1 0 3 0 -0.584963 249 222
195882855 330552319 3 0 3 0 -0.754888 205 202
195882855 348236187 4 6 2 1 -0.830075 205 207
181930687 363861375 7 7 6 5 -1.000000 229 229
96883183 367853339 5 0 2 0 -1.924813 217 210
348236187 391765711 2 0 2 0 -0.169925 207 205
181930687 409344047 2 0 4 0 -1.169925 229 227
96883183 413835007 7 0 4 0 -2.094738 217 208
181930687 466794943 16 0 8 0 -1.359400 229 213
96883183 490471119 8 4 5 3 -2.339850 217 210
96883183 620752511 8 0 4 0 -2.679700 217 206
181930687 700192415 17 0 5 0 -1.944363 229 205
661398811 744073663 2 0 2 0 -0.169925 219 217
96883183 827670015 16 9 4 3 -3.094738 217 207
96883183 931128767 9 0 4 0 -3.264663 217 205
644034303 966051455 1 0 7 0 -0.584963 206 205
656055295 984082943 1 0 9 0 -0.584963 225 223
661398811 1116110495 3 0 2 0 -0.754888 219 216
661398811 1131337887 21 6 2 1 -0.774438 219 204
181930687 1181574703 39 19 4 3 -2.699250 229 201
644034303 1288068607 9 9 8 7 -1.000000 206 206
872954535 1309431803 1 0 2 0 -0.584963 208 205
656055295 1312110591 11 11 10 9 -1.000000 225 224
661398811 1340844903 13 1 2 1 -1.019550 219 207
1232261787 1386294511 2 0 2 0 -0.169925 224 222
1200991791 1442817471 10 1 4 1 -0.264663 251 242
644034303 1449077183 2 0 6 0 -1.169925 206 204
656055295 1476124415 2 0 8 0 -1.169925 225 222
661398811 1488147327 9 7 2 1 -1.169925 219 217
1013856495 1520784743 1 0 3 0 -0.584963 217 215
1467707995 1651171495 2 0 2 0 -0.169925 211 209
1104180463 1656270695 1 0 3 0 -0.584963 233 229
1200991791 1801487687 1 0 3 0 -0.584963 251 250
1013856495 1802411547 5 7 2 1 -0.830075 217 218
1694223271 1809212059 7 0 2 0 -0.094738 208 201
1583507967 1876750183 10 13 3 2 -0.245112 218 205
1483334895 1877345727 11 7 4 3 -0.339850 223 219
1288068607 1932102911 1 0 8 0 -0.584963 206 205
1312110591 1968165887 1 0 10 0 -0.584963 224 220
1324921887 1987382831 1 0 4 0 -0.584963 231 227
1802411547 2027712991 2 0 2 0 -0.169925 218 216
1232261787 2079441767 3 0 2 0 -0.754888 224 221
1410123943 2115185915 1 0 2 0 -0.584963 228 227
1802411547 2136191463 3 6 2 1 -0.245112 218 221
1200991791 2164226207 10 0 4 0 -0.849625 251 241
644034303 2173615775 3 0 5 0 -1.754888 206 203
1104180463 2208360927 5 5 4 3 -1.000000 233 215
656055295 2214186623 3 0 7 0 -1.754888 225 218
1483334895 2225002343 1 0 3 0 -0.584963 223 210
1488646911 2232970367 1 0 7 0 -0.584963 204 203
1531921023 2266952895 8 19 6 5 -0.565412 216 227
1013856495 2281177115 2 0 2 0 -1.169925 217 214
1531921023 2297881535 1 0 6 0 -0.584963 216 215
1410123943 2379584155 3 0 2 0 -0.754888 228 225
1467707995 2476757243 3 0 5 0 -0.754888 211 208
1104180463 2484406043 2 0 2 0 -1.169925 233 213
1702587391 2553881087 1 0 9 0 -0.584963 229 228
1013856495 2566324255 4 0 4 0 -1.339850 217 210
1410123943 2677032175 5 0 3 0 -0.924813 228 222
1827397567 2741096351 1 0 5 0 -0.584963 273 270
1232261787 2772589023 7 5 2 1 -1.169925 224 222
1467707995 2786351899 5 0 6 0 -0.924813 211 205
1104180463 2794956799 4 0 4 0 -1.339850 233 210
1877345727 2816018591 1 0 5 0 -0.584963 219 206
1898974207 2848461311 1 0 9 0 -0.584963 227 226
1200991791 2885634943 16 7 4 3 -1.264663 251 242
1288068607 2898154367 2 0 7 0 -1.169925 206 204
1312110591 2952248831 2 0 9 0 -1.169925 224 219
1483334895 2966669791 5 5 4 3 -1.000000 223 211
1488646911 2977293823 9 9 8 7 -1.000000 204 204
1802411547 3041569487 3 0 2 0 -0.754888 218 210
2266952895 3063842047 11 0 6 0 -0.434588 227 215
2078496303 3117744455 1 0 3 0 -0.584963 205 204
1232261787 3119162651 4 0 7 0 -1.339850 224 220
1467707995 3134645887 7 0 2 0 -1.094738 211 203
2788008987 3136510111 2 0 2 0 -0.169925 282 280
2940220527 3139776511 8 1 4 1 -0.094738 223 216
1200991791 3246339311 11 0 6 0 -1.434588 251 240
644034303 3260423663 4 0 4 0 -2.339850 206 202
2208360927 3312541391 1 0 4 0 -0.584963 215 210
656055295 3321279935 4 0 6 0 -2.339850 225 217
1483334895 3337503515 2 0 2 0 -1.169925 223 209
1488646911 3349455551 2 0 6 0 -1.169925 204 202
1702587391 3405174783 11 11 10 9 -1.000000 229 229
1531921023 3446822303 2 0 5 0 -1.169925 216 213
1232261787 3509057983 6 0 2 0 -1.509775 224 217
1827397567 3654795135 7 7 6 5 -1.000000 273 270
2078496303 3695104539 5 7 2 1 -0.830075 205 207
1876750183 3753500367 4 4 3 2 -1.000000 205 201
1483334895 3754691455 4 0 4 0 -1.339850 223 205
1898974207 3797948415 11 11 10 9 -1.000000 227 227
1827397567 3902850079 8 1 5 1 -1.094738 273 263
1410123943 4015548263 6 0 6 0 -1.509775 228 220
1200991791 4108648191 24 9 4 3 -1.774438 251 217
1827397567 4111644527 2 0 4 0 -1.169925 273 268
2772589023 4158883535 1 0 4 0 -0.584963 222 220
1104180463 4192435199 5 0 4 0 -1.924813 233 206
1877345727 4224027887 2 0 4 0 -1.169925 219 203
1898974207 4272691967 2 0 8 0 -1.169925 227 225
2885634943 4328452415 1 0 6 0 -0.584963 242 222
2940220527 4410330791 1 0 3 0 -0.584963 223 222
1312110591 4428373247 3 0 8 0 -1.754888 224 217
2966669791 4450004687 1 0 4 0 -0.584963 211 208
3028474015 4542711023 1 0 4 0 -0.584963 205 204
2266952895 4595763071 12 0 6 0 -1.019550 227 213
2788008987 4704765167 3 0 2 0 -0.754888 282 276
2940220527 4709664767 8 0 4 0 -0.679700 223 215
4270051567 4739150527 5 15 4 3 -0.150375 205 215
1200991791 4869508967 12 0 3 0 -2.019550 251 220
3281159727 4921739591 1 0 3 0 -0.584963 210 208
656055295 4981919903 5 0 5 0 -2.924813 225 215
1531921023 5170233455 3 0 4 0 -1.754888 216 211
1232261787 5263586975 7 0 2 0 -2.094738 224 216
1410123943 5354064351 10 5 3 2 -1.924813 228 221
3654795135 5482192703 1 0 6 0 -0.584963 270 269
3703342015 5555013023 1 0 5 0 -0.584963 223 210
3716258815 5574388223 1 0 9 0 -0.584963 203 202
1104180463 5589913599 16 12 4 3 -2.339850 233 207
3797948415 5696922623 1 0 10 0 -0.584963 227 226
5095519323 5732459239 2 0 2 0 -0.169925 226 224
1827397567 5854275119 8 0 4 0 -1.679700 273 262
5058135807 5994827623 9 12 3 2 -0.245112 201 204
1410123943 6023322395 7 0 2 0 -2.094738 228 219
3028474015 6056948031 6 6 5 4 -1.000000 205 205
4855343175 6145043707 4 0 2 0 -0.339850 208 204
4108648191 6162972287 1 0 7 0 -0.584963 217 215
3281159727 6216083103 3 51 4 3 -0.921800 210 257
3281159727 6229076671 5 0 4 0 -0.924813 210 204
4167011775 6250517663 1 0 5 0 -0.584963 268 253
4453263871 6255339099 1 7 2 1 -0.490225 203 208
2788008987 6273020223 8 6 2 1 -1.169925 282 277
2940220527 6279553023 20 13 4 3 -1.094738 223 216
1104180463 6288652799 6 0 4 0 -2.509775 233 205
1898974207 6409037951 3 0 7 0 -1.754888 227 224
4317213543 6475820315 1 0 2 0 -0.584963 213 212
2885634943 6492678623 2 0 5 0 -1.169925 242 220
5554794111 6583459687 8 11 3 2 -0.245112 202 205
4423168159 6634752239 1 0 4 0 -0.584963 205 204
1312110591 6642559871 4 0 7 0 -2.339850 224 216
656055295 6733186075 17 1 2 1 -3.359400 225 204
4490002279 6735003419 1 0 2 0 -0.584963 209 208
6399014119 6741348207 1 6 3 1 -0.075187 223 228
4508052639 6762078959 1 0 4 0 -0.584963 204 203
1410123943 6776237695 9 0 3 0 -2.264663 228 217
5648150943 6785434267 10 1 2 1 -0.264663 210 201
3028474015 6814066535 2 0 3 0 -1.169925 205 203
2266952895 6893644607 13 0 7 0 -1.604513 227 212
4855343175 6913174171 6 0 2 0 -0.509775 208 202
1232261787 7018115967 13 7 2 1 -2.509775 224 217
2940220527 7064497151 9 0 4 0 -1.264663 223 214
4317213543 7285297855 3 0 3 0 -0.754888 213 210
1200991791 7304263451 13 0 2 0 -2.604513 251 218
5822257479 7368794623 4 0 3 0 -0.339850 209 205
3703342015 7406684031 7 7 6 5 -1.000000 223 211
656055295 7472879855 6 0 4 0 -3.509775 225 214
656055295 7574834335 18 0 5 0 -3.529325 225 202
4490002279 7576878847 3 0 3 0 -0.754888 209 206
4317213543 7675046299 4 6 2 1 -0.830075 213 215
6787878127 7740547815 15 1 3 1 -0.189475 217 203
1531921023 7755350183 4 0 3 0 -2.339850 216 210
1827397567 7805700159 13 6 7 5 -2.094738 273 263
1232261787 7895380463 8 0 2 0 -2.679700 224 215
7032588283 7911661819 2 0 8 0 -0.169925 234 232
5279083759 7918625639 1 0 3 0 -0.584963 214 213
6741348207 7989746023 5 8 3 2 -0.245112 228 231
5328487839 7992731759 1 0 4 0 -0.584963 234 233
5354064351 8031096527 1 0 4 0 -0.584963 221 220
5095519323 8052178683 3 7 5 3 -0.660150 226 230
5396162559 8094243839 1 0 10 0 -0.584963 210 208
5328487839 8101778715 22 9 2 1 -0.604513 234 221
5425672039 8138508059 1 0 2 0 -0.584963 212 211
7284070171 8194578943 2 0 2 0 -0.169925 223 221
1200991791 8217296383 15 0 4 0 -2.774438 251 216
7402225435 8327503615 2 0 2 0 -0.169925 220 218
5554794111 8332191167 1 0 6 0 -0.584963 202 201
5589913599 8384870399 1 0 11 0 -0.584963 207 203
4252520863 8505041727 6 6 5 4 -1.000000 201 201
5693861887 8540792831 1 0 11 0 -0.584963 203 201
3797948415 8545383935 2 0 9 0 -1.169925 227 213
5095519323 8598688859 3 0 13 0 -0.754888 226 223
7675046299 8634427087 2 0 2 0 -0.169925 215 213
4317213543 8752228863 22 10 3 2 -1.019550 213 201
1827397567 8781412679 9 0 3 0 -2.264663 273 258
4423168159 8846336319 6 6 5 4 -1.000000 205 203
7032588283 8900619547 4 0 5 0 -0.339850 234 230
4490002279 8980004559 4 4 3 2 -1.000000 209 209
5994827623 8992241435 1 0 2 0 -0.584963 204 203
6012160239 9018240359 1 0 3 0 -0.584963 242 241
6022759071 9034138607 1 0 4 0 -0.584963 237 236
6056948031 9085422047 1 0 5 0 -0.584963 205 204
6058060479 9087090719 1 0 5 0 -0.584963 246 245
8101778715 9114501055 2 0 2 0 -0.169925 221 219
6083704575 9125556863 1 0 7 0 -0.584963 208 207
5425672039 9155821567 3 0 3 0 -0.754888 212 209
8152774747 9171871591 2 0 2 0 -0.169925 229 227
4108648191 9244458431 2 0 6 0 -1.169925 217 214
3281159727 9343615007 6 0 4 0 -1.509775 210 203
6279553023 9419329535 1 0 12 0 -0.584963 216 213
6345654015 9518481023 1 0 7 0 -0.584963 207 206
5396162559 9593177883 12 14 2 1 -0.830075 210 211
1898974207 9613556927 4 0 6 0 -2.339850 227 210
5095519323 9673524967 5 0 2 0 -0.924813 226 221
2885634943 9739017935 3 0 4 0 -1.754888 242 219
6583459687 9875189531 1 0 2 0 -0.584963 205 204
6632333055 9948499583 1 0 7 0 -0.584963 203 202
4423168159 9952128359 2 0 3 0 -1.169925 205 201
7032588283 10013196991 6 0 2 0 -0.509775 234 228
5994827623 10116271615 3 0 3 0 -0.754888 204 201
9002256379 10127538427 2 0 8 0 -0.169925 232 230
1410123943 10164356543 10 0 3 0 -2.849625 228 216
6787878127 10181817191 1 0 3 0 -0.584963 217 205
3028474015 10221099803 3 0 2 0 -1.754888 205 202
6824868351 10237302527 1 0 8 0 -0.584963 230 229
1104180463 10328354151 76 91 3 2 -3.225562 233 222
6995485119 10493227679 1 0 5 0 -0.584963 225 224
5279083759 10558167519 5 5 4 3 -1.000000 214 214
7044668415 10567002623 1 0 9 0 -0.584963 205 203
2940220527 10596745727 10 0 4 0 -1.849625 223 211
5328487839 10656975679 6 6 5 4 -1.000000 234 234
7188480703 10782721055 1 0 5 0 -0.584963 206 205
6824868351 10784977147 10 14 2 1 -0.660150 230 234
9593177883 10792325119 2 0 2 0 -0.169925 211 209
5425672039 10851344079 4 4 3 2 -1.000000 212 205
4317213543 10927946783 4 0 3 0 -1.339850 213 209
7330581999 10995872999 1 0 3 0 -0.584963 218 217
5822257479 11053191935 5 0 3 0 -0.924813 209 204
6583459687 11109588223 3 0 3 0 -0.754888 205 202
1827397567 11113975423 13 0 6 0 -2.604513 273 253
10328354151 11179827199 20 1 3 1 -0.114288 222 203
6058060479 11346051999 7 14 5 4 -0.905262 246 253
4490002279 11365318271 4 0 3 0 -1.339850 209 205
5693861887 11387723775 13 13 12 11 -1.000000 203 202
9002256379 11393480731 4 0 5 0 -0.339850 232 228
10820939775 11399837787 13 18 2 1 -0.075187 203 208
6022759071 11433831675 8 3 2 1 -0.924813 237 232
7729160191 11593740287 1 0 12 0 -0.584963 207 205
7842612255 11763918383 1 0 4 0 -0.584963 208 207
7850335591 11775503387 1 0 2 0 -0.584963 206 205
5279083759 11877938459 2 0 2 0 -1.169925 214 212
7967431807 11951147711 1 0 6 0 -0.584963 203 202
5328487839 11989097639 2 0 3 0 -1.169925 234 232
5994827623 11989655247 4 4 3 2 -1.000000 204 204
6012160239 12024320479 5 5 4 3 -1.000000 242 242
6022759071 12045518143 6 6 5 4 -1.000000 237 237
11346051999 12116120959 7 0 5 0 -0.094738 253 246
10784977147 12133099291 2 0 5 0 -0.169925 234 232
5396162559 12141365759 2 0 9 0 -1.169925 210 207
9002256379 12166768731 12 1 5 1 -0.434588 232 221
6083704575 12167409151 9 9 8 7 -1.000000 208 208
8120521215 12180781823 1 0 8 0 -0.584963 215 214
8138163135 12207244703 1 0 5 0 -0.584963 208 206
10328354151 12241012327 4 7 8 4 -0.245112 222 225
7284070171 12291868415 3 0 2 0 -0.754888 223 218
5328487839 12318470143 27 1 5 1 -1.209025 234 208
10978579099 12350901487 2 0 2 0 -0.169925 220 218
5589913599 12577305599 2 0 10 0 -1.169925 207 201
8386248751 12579373127 1 0 3 0 -0.584963 218 215
6345654015 12691308031 9 9 8 7 -1.000000 207 207
9002256379 12817665823 6 0 2 0 -0.509775 232 226
3797948415 12818075903 3 0 8 0 -1.754888 227 210
11399837787 12824817511 2 0 2 0 -0.169925 208 206
11409315931 12835480423 2 0 2 0 -0.169925 206 204
11425521435 12853711615 2 0 2 0 -0.169925 233 231
11433831675 12863060635 2 0 5 0 -0.169925 232 230
6583459687 13166919375 4 4 3 2 -1.000000 205 205
7850335591 13247441311 3 0 3 0 -0.754888 206 203
6632333055 13264666111 9 9 8 7 -1.000000 203 203
8846336319 13269504479 1 0 5 0 -0.584963 203 202
5279083759 13362680767 4 0 4 0 -1.339850 214 210
11911714587 13400678911 2 0 2 0 -0.169925 210 208
6012160239 13527360539 2 0 2 0 -1.169925 242 240
6022759071 13551207911 2 0 3 0 -1.169925 237 235
1410123943 13552475391 17 8 3 2 -3.264663 228 217
6058060479 13630636079 2 0 4 0 -1.169925 246 244
9707448319 13635702439 1 7 3 1 -0.490225 206 212
10784977147 13649736703 4 0 2 0 -0.339850 234 230
8101778715 13671751583 3 0 2 0 -0.754888 221 217
9002256379 13687614823 13 0 2 0 -0.604513 232 219
1898974207 13688052735 11 1 12 1 -2.849625 227 203
6083704575 13688335295 2 0 6 0 -1.169925 208 205
5425672039 13733732351 4 0 3 0 -1.339850 212 201
8152774747 13757807387 3 0 6 0 -0.754888 229 226
9239932671 13859899007 1 0 7 0 -0.584963 216 213
7842612255 13942421787 6 8 2 1 -0.830075 208 210
9322079871 13983119807 1 0 6 0 -0.584963 223 222
6995485119 13990970239 7 7 6 5 -1.000000 225 225
7044668415 14089336831 11 11 10 9 -1.000000 205 204
13600465639 14135212123 1 18 2 1 -0.055637 207 224
11425521435 14265793567 3 11 2 1 -0.320300 233 241
6345654015 14277721535 2 0 6 0 -1.169925 207 205
7188480703 14376961407 7 7 6 5 -1.000000 206 205
13153370623 14401883775 1 23 7 1 -0.130825 206 228
1898974207 14420335391 5 0 5 0 -2.924813 227 208
9626513407 14439770111 1 0 11 0 -0.584963 220 210
9640529055 14460793583 1 0 4 0 -0.584963 208 201
6022759071 14470943215 9 0 4 0 -1.264663 237 228
12235060455 14500812391 4 7 7 4 -0.245112 345 345
9707448319 14561172479 1 0 10 0 -0.584963 206 205
4317213543 14570595711 10 7 3 2 -1.754888 213 210
9743830575 14615745863 1 0 3 0 -0.584963 210 209
6012160239 14642560767 30 9 4 3 -1.284213 242 221
7330581999 14661163999 5 5 4 3 -1.000000 218 213
5822257479 14737589247 14 10 3 2 -1.339850 209 205
11879947431 14833185391 4 12 3 2 -0.320300 220 228
12580018503 14909651559 4 7 5 3 -0.245112 205 205
6632333055 14922749375 2 0 6 0 -1.169925 203 201
12697550367 15048948583 6 9 3 2 -0.245112 205 208
656055295 15149668671 24 6 6 5 -4.529325 225 201
4490002279 15153757695 12 9 3 2 -1.754888 209 206
6012160239 15218280607 4 0 4 0 -1.339850 242 238
1410123943 15246534815 11 0 3 0 -3.434588 228 215
14509045503 15285249583 9 14 4 3 -0.075187 204 209
10199539711 15299309567 1 0 12 0 -0.584963 222 221
10207318975 15310978463 1 0 5 0 -0.584963 208 207
6824868351 15355953791 2 0 7 0 -1.169925 230 228
10240078383 15360117575 1 0 3 0 -0.584963 213 211
10271872239 15407808359 1 0 3 0 -0.584963 210 208
7729160191 15458320383 14 14 13 12 -1.000000 207 205
8152774747 15477533311 5 0 2 0 -0.924813 229 224
4317213543 15559517979 13 3 2 1 -1.849625 213 203
14876659047 15672529695 1 6 3 1 -0.075187 202 207
13942421787 15685224511 2 0 2 0 -0.169925 210 208
7850335591 15700671183 4 4 3 2 -1.000000 206 206
6995485119 15739841519 2 0 4 0 -1.169925 225 223
10496077671 15744116507 1 0 2 0 -0.584963 210 209
10558167519 15837251279 1 0 4 0 -0.584963 214 213
7044668415 15850503935 2 0 8 0 -1.169925 205 202
14135212123 15902113639 2 0 2 0 -0.169925 224 222
8386248751 15920769115 5 0 2 0 -0.924813 218 211
14172374811 15943921663 2 0 2 0 -0.169925 216 214
10656975679 15985463519 1 0 5 0 -0.584963 234 232
10661687143 15992530715 1 0 2 0 -0.584963 221 220
10662163071 15993244607 1 0 6 0 -0.584963 205 204
14312909563 16102023259 2 0 5 0 -0.169925 219 217
15300965535 16119535707 6 11 2 1 -0.075187 207 212
7188480703 16174081583 2 0 4 0 -1.169925 206 203
10820939775 16231409663 1 0 11 0 -0.584963 203 202
8120521215 16241042431 10 10 9 8 -1.000000 215 215
8138163135 16276326271 7 7 6 5 -1.000000 208 207
14505962235 16319207515 2 0 5 0 -0.169925 210 208
15507788443 16337423215 1 6 2 1 -0.075187 201 206
7284070171 16389157887 12 10 2 1 -1.169925 223 219
4317213543 16391920175 5 0 3 0 -1.924813 213 208
9239932671 16426546971 9 11 2 1 -0.830075 216 216
7330581999 16493809499 2 0 2 0 -1.169925 218 211
6583459687 16664382335 4 0 3 0 -1.339850 205 201
1827397567 16670963135 14 0 9 0 -3.189475 273 252
11119276783 16678915175 1 0 3 0 -0.584963 213 201
11251599519 16877399279 1 0 4 0 -0.584963 205 203
11300988463 16951482695 1 0 3 0 -0.584963 229 227
4490002279 17047977407 5 0 3 0 -1.924813 209 204
11386056319 17079084479 1 0 6 0 -0.584963 208 203
16217833471 17085454191 1 6 4 1 -0.075187 206 211
