1827397567 2741096351 1 0 5 0 -0.584963 273 270
2788008987 3136510111 2 0 2 0 -0.169925 282 280
1827397567 3654795135 7 7 6 5 -1.000000 273 270
1827397567 3902850079 8 1 5 1 -1.094738 273 263
1827397567 4111644527 2 0 4 0 -1.169925 273 268
2788008987 4704765167 3 0 2 0 -0.754888 282 276
3654795135 5482192703 1 0 6 0 -0.584963 270 269
1827397567 5854275119 8 0 4 0 -1.679700 273 262
4167011775 6250517663 1 0 5 0 -0.584963 268 253
2788008987 6273020223 8 6 2 1 -1.169925 282 277
1827397567 7805700159 13 6 7 5 -2.094738 273 263
1827397567 8781412679 9 0 3 0 -2.264663 273 258
1827397567 11113975423 13 0 6 0 -2.604513 273 253
12235060455 14500812391 4 7 7 4 -0.245112 345 345
1827397567 16670963135 14 0 9 0 -3.189475 273 252
12235060455 18352590683 1 0 2 0 -0.584963 345 341
12235060455 20136615963 40 8 2 1 -0.718800 345 310
12235060455 20646664519 3 0 5 0 -0.754888 345 339
20136615963 21213883483 3 8 6 3 -0.075187 310 315
14500812391 21751218587 1 0 2 0 -0.584963 345 344
1827397567 22227950847 21 8 6 5 -3.604513 273 253
20136615963 22653692959 2 0 2 0 -0.169925 310 308
20218447131 22745753023 2 0 2 0 -0.169925 257 255
21407990427 23440029087 7 29 2 1 -0.130825 261 283
23440029087 23759827611 13 1 2 1 -0.019550 283 271
21213883483 23865618919 2 0 2 0 -0.169925 315 313
20218447131 23962604007 3 6 2 1 -0.245112 257 260
21407990427 24083989231 2 0 2 0 -0.169925 261 259
14500812391 24470120911 3 0 3 0 -0.754888 345 342
1827397567 25006444703 15 0 5 0 -3.774438 273 251
23440029087 25030929499 15 8 2 1 -0.094738 283 276
23962604007 25244554015 1 6 3 1 -0.075187 260 265
12235060455 26130934783 7 0 3 0 -1.094738 345 335
24902787007 26592966399 16 9 6 5 -0.094738 287 280
23440029087 26729806063 14 0 4 0 -0.189475 283 269
25030929499 28159795687 2 0 2 0 -0.169925 276 274
22227950847 33341926271 1 0 7 0 -0.584963 253 252
20136615963 33980539439 3 0 2 0 -0.754888 310 306
20218447131 34118629535 3 0 2 0 -0.754888 257 254
26592966399 34980046495 1 14 5 1 -0.395487 280 292
32060507419 36068070847 2 0 2 0 -0.169925 254 252
21407990427 36125983847 3 0 2 0 -0.754888 261 258
24902787007 37354180511 1 0 5 0 -0.584963 287 285
12235060455 39196402175 8 0 3 0 -1.679700 345 287
26592966399 39889449599 1 0 7 0 -0.584963 280 278
23440029087 40094709095 15 0 3 0 -0.774438 283 268
29049057279 43573585919 1 0 11 0 -0.584963 263 258
12235060455 45307385919 35 1 3 1 -1.888725 345 261
20218447131 45491506047 9 7 2 1 -1.169925 257 255
23440029087 48167978463 25 1 6 1 -1.039100 283 259
24902787007 49805574015 7 7 6 5 -1.000000 287 286
22227950847 50012889407 2 0 6 0 -1.169925 253 251
20136615963 50970809159 4 0 2 0 -1.339850 310 259
12235060455 52261869567 18 11 3 2 -2.094738 345 288
24902787007 53185932799 8 1 6 1 -1.094738 287 279
23440029087 53459612127 19 5 6 4 -1.189475 283 269
21407990427 54188975771 4 0 10 0 -1.339850 261 257
12235060455 54430253727 49 6 3 2 -2.153388 345 252
24902787007 56031270767 2 0 4 0 -1.169925 287 282
29049057279 58098114559 13 13 12 11 -1.000000 263 259
12235060455 58794603263 9 0 3 0 -2.264663 345 286
26592966399 59834174399 2 0 6 0 -1.169925 280 275
23440029087 60142063643 16 0 2 0 -1.359400 283 267
53953732251 60697948783 2 0 2 0 -0.169925 259 257
21407990427 60962597743 6 0 2 0 -1.509775 261 253
12235060455 64509930343 40 0 7 0 -2.398500 345 255
29049057279 65360378879 2 0 10 0 -1.169925 263 257
45880738975 68821108463 1 0 4 0 -0.584963 261 259
50173247487 75259871231 1 0 15 0 -0.584963 290 289
54093105151 81139657727 1 0 10 0 -0.584963 253 252
54516371871 81774557807 1 0 4 0 -0.584963 273 266
62287752831 85153952959 8 38 6 5 -0.451125 251 281
58098114559 87147171839 1 0 12 0 -0.584963 259 256
29049057279 98040568319 3 0 9 0 -1.754888 263 254
50173247487 100346494975 17 17 16 15 -1.000000 290 290
70141259775 105211889663 1 0 11 0 -0.584963 287 271
54093105151 108186210303 12 12 11 10 -1.000000 253 251
54516371871 109032743743 6 6 5 4 -1.000000 273 266
72908092143 109362138215 1 0 3 0 -0.584963 270 269
97397273883 109571933119 2 0 2 0 -0.169925 258 256
85153952959 110733782811 31 3 2 1 -0.378950 281 253
79655628135 111889387119 1 7 3 1 -0.490225 271 277
50173247487 112889806847 2 0 14 0 -1.169925 290 288
79655628135 119483442203 1 0 2 0 -0.584963 271 270
85153952959 121244593179 7 1 2 1 -0.509775 281 275
110733782811 124575505663 2 0 2 0 -0.169925 253 251
100346494975 125291645607 1 9 3 1 -0.320300 290 298
83987887551 125981831327 1 0 5 0 -0.584963 337 328
85153952959 127730929439 1 0 5 0 -0.584963 281 280
85327963695 127991945543 1 0 3 0 -0.584963 286 285
58098114559 130720757759 2 0 11 0 -1.169925 259 255
85153952959 131240038887 29 4 3 2 -0.624063 281 256
79655628135 134418872479 3 0 3 0 -0.754888 271 268
85327963695 134839251271 5 9 3 2 -0.660150 286 290
85153952959 136400167327 8 0 5 0 -0.679700 281 273
97243604607 136594583151 1 7 4 1 -0.490225 253 259
122327205147 137618105791 2 0 2 0 -0.169925 259 253
70141259775 140282519551 13 13 12 11 -1.000000 287 272
99870534687 140284537063 1 7 3 1 -0.490225 319 323
112312195399 142145122303 4 0 3 0 -0.339850 258 253
126766784283 142612632319 2 0 2 0 -0.169925 282 280
95145648879 142718473319 1 0 3 0 -0.584963 266 263
96380998047 144571497071 1 0 4 0 -0.584963 269 268
72908092143 145816184287 5 5 4 3 -1.000000 270 270
97243604607 145865406911 1 0 6 0 -0.584963 253 252
29049057279 147060852479 4 0 8 0 -2.339850 263 253
99110267391 148665401087 1 0 8 0 -0.584963 254 253
83987887551 149311800091 7 9 2 1 -0.830075 337 328
99870534687 149805802031 1 0 4 0 -0.584963 319 316
100346494975 150519742463 1 0 16 0 -0.584963 290 287
103626328575 155439492863 1 0 8 0 -0.584963 263 262
138679406235 156014332015 2 0 2 0 -0.169925 275 273
123967182063 156895964799 12 8 4 3 -0.339850 266 258
139892364379 157378909927 2 0 2 0 -0.169925 256 254
70141259775 157817834495 2 0 10 0 -1.169925 287 270
79655628135 159311256271 4 4 3 2 -1.000000 271 270
150463664319 160675797787 7 0 2 0 -0.094738 281 274
85327963695 161989806079 5 0 4 0 -0.924813 286 280
72908092143 164043207323 2 0 2 0 -1.169925 270 268
103626328575 167903007771 10 43 2 1 -0.696237 263 296
149311800091 167975775103 2 0 2 0 -0.169925 328 326
150394116763 169193381359 2 0 2 0 -0.169925 288 286
50173247487 169334710271 3 0 13 0 -1.754888 290 285
163190644479 171921008175 9 14 4 3 -0.075187 258 263
165251128959 174091724335 8 13 4 3 -0.075187 262 267
150463664319 180760272511 9 0 6 0 -0.264663 281 272
72908092143 184548608239 4 0 9 0 -1.339850 270 266
123967182063 185950773095 1 0 3 0 -0.584963 266 261
167837713435 188817427615 2 0 2 0 -0.169925 253 251
167903007771 188890883743 2 0 2 0 -0.169925 296 294
83987887551 188972746991 2 0 4 0 -1.169925 337 324
95145648879 190291297759 5 5 4 3 -1.000000 266 263
127439445759 191159168639 1 0 7 0 -0.584963 267 266
96380998047 192761996095 6 6 5 4 -1.000000 269 269
97243604607 194487209215 8 8 7 6 -1.000000 253 253
58098114559 196081136639 3 0 10 0 -1.754888 259 254
174456050331 196263056623 2 0 2 0 -0.169925 254 252
99110267391 198220534783 10 10 9 8 -1.000000 254 253
132889026727 199333540091 1 0 2 0 -0.584963 278 276
99870534687 199741069375 6 6 5 4 -1.000000 319 311
112434548271 199883641371 5 7 2 1 -0.830075 251 251
133679720959 200519581439 1 0 8 0 -0.584963 252 251
79655628135 201628308719 4 0 3 0 -1.339850 271 266
173968283419 203409463039 14 29 2 1 -0.225562 252 267
171921008175 203758231911 5 8 3 2 -0.245112 263 266
122327205147 206427158687 3 0 2 0 -0.754888 259 252
167903007771 207252657151 34 1 2 1 -0.303763 296 263
139209209503 208813814255 1 0 4 0 -0.584963 258 257
139869168255 209803752383 1 0 6 0 -0.584963 272 271
140282519551 210423779327 1 0 12 0 -0.584963 272 271
196281297639 212462794911 25 6 3 2 -0.114288 299 280
112312195399 213217683455 5 0 3 0 -0.924813 258 252
142306803135 213460204703 1 0 5 0 -0.584963 253 252
126766784283 213918948479 3 0 2 0 -0.754888 282 275
95145648879 214077709979 2 0 2 0 -1.169925 266 253
153335491615 215384833215 6 12 5 4 -0.490225 291 295
144460775535 216691163303 1 0 3 0 -0.584963 297 295
96380998047 216857245607 2 0 3 0 -1.169925 269 267
145816184287 218724276431 1 0 4 0 -0.584963 270 268
97243604607 218798110367 2 0 5 0 -1.169925 253 251
146991002727 220486504091 1 0 2 0 -0.584963 274 273
29049057279 220591278719 5 0 7 0 -2.924813 263 252
132889026727 224250232603 3 0 2 0 -0.754888 278 274
149785324783 224677987175 1 0 3 0 -0.584963 268 267
99870534687 224708703047 2 0 3 0 -1.169925 319 309
150164453871 225246680807 1 0 3 0 -0.584963 307 306
100346494975 225779613695 2 0 15 0 -1.169925 290 285
127439445759 226559014683 9 11 2 1 -0.830075 267 269
152861085543 229291628315 1 0 2 0 -0.584963 259 256
153958842111 230938263167 1 0 7 0 -0.584963 263 259
212357842335 232514771455 2 24 5 2 -0.130825 269 291
103626328575 233159239295 2 0 7 0 -1.169925 263 261
138679406235 234021498023 3 0 2 0 -0.754888 275 270
156895964799 235343947199 1 0 6 0 -0.584963 258 256
165318458671 235385071039 6 0 4 0 -0.509775 279 273
139892364379 236068364891 3 0 9 0 -0.754888 256 253
70141259775 236726751743 3 0 9 0 -1.754888 287 269
150164453871 237296914759 5 9 3 2 -0.660150 307 311
95145648879 240837423727 4 0 7 0 -1.339850 266 251
85327963695 242984709119 6 0 4 0 -1.509775 286 279
163190644479 244785966719 1 0 7 0 -0.584963 258 257
217718073435 244932832615 2 0 2 0 -0.169925 279 277
218620186875 245947710235 2 0 5 0 -0.169925 275 273
219121970203 246512216479 2 0 2 0 -0.169925 294 292
219676971675 247136593135 2 0 2 0 -0.169925 291 289
165251128959 247876693439 1 0 6 0 -0.584963 262 261
123967182063 247934364127 5 5 4 3 -1.000000 266 261
146991002727 248047317103 3 0 3 0 -0.754888 274 271
220702496859 248290308967 2 0 2 0 -0.169925 260 258
219121970203 249875447919 19 5 2 1 -0.189475 294 280
146991002727 251431492327 16 1 7 1 -0.774438 274 259
149311800091 251963662655 3 0 2 0 -0.754888 328 325
132889026727 252281511679 5 0 3 0 -0.924813 278 272
150394116763 253790072039 3 0 2 0 -0.754888 288 285
50173247487 254002065407 4 0 12 0 -2.339850 290 283
226559014683 254878891519 2 0 2 0 -0.169925 269 267
144460775535 256819156507 5 7 2 1 -0.830075 297 298
171921008175 257881512263 1 0 3 0 -0.584963 263 262
152861085543 257953081855 3 0 3 0 -0.754888 259 253
219121970203 263243270235 10 1 6 1 -0.264663 294 285
139892364379 265576910503 5 0 2 0 -0.924813 256 251
133679720959 267359441919 10 10 9 8 -1.000000 252 252
219676971675 267510618351 23 2 2 1 -0.284213 291 270
79655628135 268837744959 9 6 3 2 -1.754888 271 267
70141259775 269951037183 26 9 8 7 -1.944363 287 255
150164453871 270601221823 11 1 4 1 -0.849625 307 297
180717613927 271076420891 1 0 2 0 -0.584963 272 271
181486015903 272229023855 1 0 4 0 -0.584963 256 251
