1000 (1584, 310, 40, True, True, 102)
2000 (3169, 620, 80, True, True, 219)
3000 (4754, 930, 120, True, True, 337)
4000 (6339, 1240, 160, True, True, 455)
5000 (7924, 1550, 200, True, True, 573)
6000 (9509, 1860, 240, True, True, 691)
7000 (11094, 2170, 280, True, True, 809)
8000 (12679, 2480, 320, True, True, 928)
9000 (14264, 2790, 360, True, True, 1046)
10000 (15849, 3100, 400, True, True, 1164)
11000 (17434, 3410, 440, True, True, 1282)
12000 (19019, 3720, 480, True, True, 1400)
13000 (20604, 4030, 520, True, True, 1519)
14000 (22189, 4340, 560, True, True, 1637)
15000 (23774, 4650, 600, True, True, 1755)
16000 (25359, 4960, 640, True, True, 1874)
17000 (26944, 5270, 680, True, True, 1992)
18000 (28529, 5580, 720, True, True, 2111)
19000 (30114, 5890, 760, True, True, 2229)
20000 (31699, 6200, 800, True, True, 2348)
