 j0   L   x   t      |V|        C(t-1,L-1)   R=|V|/C    L*R   (t position)
 300  10   0   10            1              1  1.0000   10.00  
 300  10   0   13          182            220  0.8273    8.27  
 300  10   0   16          871           5005  0.1740    1.74  top
 300  10   3   10            1              1  1.0000   10.00  
 300  10   3   14          715            715  1.0000   10.00  
 300  10   3   16         4885           5005  0.9760    9.76  
 300  10   3   19        17953          48620  0.3693    3.69  top
 300  10  10   10            1              1  1.0000   10.00  
 300  10  10   18        24310          24310  1.0000   10.00  
 300  10  10   23       496782         497420  0.9987    9.99  
 300  10  10   26      1212835        2042975  0.5937    5.94  top
 300  20   0   20            1              1  1.0000   20.00  
 300  20   0   26       136851         177100  0.7727   15.45  
 300  20   0   29      3285934        6906900  0.4757    9.51  
 300  20   0   32     12484390      141120525  0.0885    1.77  top
 300  20   3   20            1              1  1.0000   20.00  
 300  20   3   27       655034         657800  0.9958   19.92  
 300  20   3   32    114083793      141120525  0.8084   16.17  
 300  20   3   35    406090646     1855967520  0.2188    4.38  top
 300  20  10   20            1              1  1.0000   20.00  
 300  20  10   31     54627300       54627300  1.0000   20.00  
 300  20  10   39  34299443581    35345263800  0.9704   19.41  
 300  20  10   42 101845594816   244662670200  0.4163    8.33  top
 300  40   0   40            1              1  1.0000   40.00  
 300  40   0   51  29472173849    37353738800  0.7890   31.56  
 300  40   0   60 865824697916941 2794563003870330  0.3098   12.39  
 300  40   0   63 5507844457062274 59678358445158600  0.0923    3.69  top
 300  40   3   40            1              1  1.0000   40.00  
 300  40   3   53 627833062564   635013559600  0.9887   39.55  
 300  40   3   63 38063498606406957 59678358445158600  0.6378   25.51  
 300  40   3   66 235412711423219720 1002596421878664480  0.2348    9.39  top
 300  40  10   40            1              1  1.0000   40.00  
 300  40  10   56 29749237390395 29749251314475  1.0000   40.00  
 300  40  10   70 28557624673241412566 31627280033224861216  0.9029   36.12  
 300  40  10   73 159095118336027011284 345720487753213109040  0.4602   18.41  top
 300  80   0   80            1              1  1.0000   80.00  
 300  80   0  103 31477618093960907636461 41571245487672105055200  0.7572   60.58  
 300  80   0  124 719296824129896317283153242277196 5107484729061237622167885742514820  0.1408   11.27  
 300  80   0  127 2430053493303951264662647206195478 102527676799841680296987160603674000  0.0237    1.90  top
 300  80   3   80            1              1  1.0000   80.00  
 300  80   3  105 729385576330328225877223 742185302773239315585504  0.9828   78.62  
 300  80   3  127 35869779750813165679786048718392640 102527676799841680296987160603674000  0.3499   27.99  
 300  80   3  130 120655267664646132263404525940965741 1828256793482238093393785743858493760  0.0660    5.28  top
 300  80  10   80            1              1  1.0000   80.00  
 300  80  10  108 44966919690508495415220468 44967231325075215370570440  1.0000   80.00  
 300  80  10  134 46590745657172509497602315179079470897 72016874098995226972746170750136043200  0.6469   51.76  
 300  80  10  137 153734253070829906610375066815024379887 1009220746942993946271525627285911932800  0.1523   12.19  top
