 D     N    |T|/3^D        DFA(low-first)  DFA(high-first)   log3(3^D/(N+1))
 8      8  1.372e-03         23              24          6.00
 8     64  9.907e-03        106             114          4.20
 8    512  7.819e-02        237             324          2.32
10     10  1.863e-04         32              34          7.82
10    100  1.710e-03        256             261          5.80
10   1000  1.695e-02        731             862          3.71
12     12  2.446e-05         43              45          9.67
12    144  2.728e-04        556             561          7.47
12   1728  3.253e-03       1356            1924          5.21
14     14  3.136e-06         57              59          11.54
14    196  4.119e-05       1045            1050          9.19
14   2744  5.739e-04       3260            3925          6.79
