 a   states  beta       dim_H C(1,2^a)
 2        2  1.618034  0.438018   (0s)
 4        5  1.324718  0.255959   (0s)
 6       14  1.357193  0.278004   (0s)
 8       35  1.400925  0.306871   (0s)
10       77  1.266705  0.215198   (0s)
12      181  1.307425  0.243998   (0s)
14      442  1.341047  0.267110   (0s)
16     1079  1.333331  0.261858   (1s)
18     2531  1.330119  0.259662   (2s)
20     6089  1.333986  0.262305   (4s)
22    14863  1.334540  0.262683   (12s)
24    35495  1.331597  0.260673   (32s)
26    83926  1.334983  0.262985   (82s)
28   201743  1.333141  0.261728   (220s)
30   494324  1.333385  0.261895   (596s)
