# Kmax=24 n=1500000 eta=1/54 Zmax=117 b0=97
K 2 n 1500000 danger 95234 mom 1.5381885589e+06 1.5846602199e+06 1.6420224194e+06 1.7139394429e+06 1.8056491566e+06 1.9247671747e+06 2.2959138389e+06 3.0065602116e+06 4.4877245361e+06 1.5842683129e+07 hist 0 0 0 0 0 0 0 0 0 0 0 0 0 0 0 0 0 0 0 0 0 0 0 0 0 0 0 0 0 0 0 0 0 0 0 0 0 0 0 0 0 0 0 0 0 0 0 0 0 0 0 0 0 0 0 0 0 0 0 0 0 0 0 0 0 0 0 0 0 0 0 0 0 0 0 0 0 0 0 0 0 0 0 0 0 0 0 0 0 0 0 0 0 0 0 0 0 0 0 0 0 0 0 0 0 0 0 0 0 0 0 0 0 0 0 0 0 0 0 0 0 0 0 0 0 0 0 0 0 0 0 0 0 0 0 0 0 0 0 0 0 0 0 0 0 0 0 0 0 0 0 0 0 0 0 0 0 0 0 0 0 0 0 0 0 0 0 0 0 0 0 0 0 0 0 0 0 0 0 0 0 0 0 0 0 0 0 0 0 0 0 0 0 0 0 0 0 0 0 274659 850442 47725 6628 30288 8916 10520 4851 14605 10899 506 6541 416 22120 9030 1866 0 0 0 0 6941 13783 19 14307 663 26793 2096 14173 2418 387 226 5693 7240 220 2853 3324 196 0 3422 0 0 386 1353 0 894 7430 391 0 10526 659 0 0 0 0 3562 0 22387 627 137 503 0 0 1348 4784 0 194 610 456 452 704 224 394 11281 218 0 0 419 5678 350 4632 3391 259 1204 117 191 0 690 0 0 122 356 0 195 304 103 0 0 0 0 666 2447 203 0 0 0 84 0 327 0 0 51 183 0 111 58 59 0 398 0 0 0 0 0 0 0 0 0 0 0 0 0 1379 0 0 0 0 0 0 0 0 0 189 0 0 0 0 652 0 0 0 0 0 107 325 0 0 41 199 31 136 57 0 0 0 0 0 0 0 0 0 0 0 0 0 0 0 0 0 0 0 0 0 0 0 0 0 0 0 0 0 0 0 0 0 0 0 0 0 0 0 0
K 4 n 1500000 danger 36631 mom 1.5786749621e+06 1.6748569704e+06 1.7950689213e+06 1.9494106509e+06 2.1542575873e+06 2.4375959284e+06 3.4895643346e+06 6.4857353738e+06 1.8318488584e+07 4.7005870494e+08 hist 0 0 0 0 0 0 0 0 0 0 0 0 0 0 0 0 0 0 0 0 0 0 0 0 0 0 0 0 0 0 0 0 0 0 0 0 0 0 0 0 0 0 0 0 0 0 0 0 0 0 0 0 0 0 0 0 0 0 0 0 0 0 0 0 0 0 0 0 0 0 0 0 0 0 0 0 0 0 0 0 0 0 0 0 0 0 0 0 0 0 0 0 0 0 0 0 0 0 0 0 0 0 0 0 0 0 0 0 0 0 0 0 0 0 0 0 0 0 0 0 0 0 0 0 0 0 0 0 0 0 0 0 0 0 0 0 0 0 0 0 0 0 0 0 0 0 0 0 0 0 0 0 0 0 0 0 0 0 0 0 0 0 0 0 0 0 0 0 0 0 0 0 0 0 0 0 0 0 0 0 0 0 0 0 0 0 0 0 0 0 0 0 0 0 0 0 0 0 0 928 764671 59564 61312 33182 34671 41232 44847 39945 28035 25680 35312 17421 27876 34622 16740 24724 7905 14429 15040 6788 7692 6711 12964 11704 4116 5753 6913 16196 4973 4803 3286 5641 3432 3732 1836 11175 2743 2762 5394 6619 2951 2206 1995 2082 2402 1572 2047 1858 755 3040 1286 828 729 1021 978 436 545 742 570 562 627 258 245 230 305 1121 320 115 297 246 194 476 575 144 132 202 340 145 323 193 143 108 76 46 96 49 81 118 35 52 21 24 161 40 18 17 31 9 37 22 11 11 30 2 61 8 11 3 22 3 20 31 5 11 26 2 5 16 19 6 3 0 0 2 4 0 0 1 4 3 1 1 4 2 6 0 1 0 3 0 0 1 0 1 3 0 0 3 0 1 2 0 0 0 3 1 0 1 0 0 0 0 0 0 0 0 0 0 0 0 0 0 0 0 0 0 0 0 0 0 0 0 0 0 0 0 0 0 0 0 0 0 0 0 0 0 0 0 0 0
K 6 n 1500000 danger 14817 mom 1.6207153497e+06 1.7701080048e+06 1.9597917604e+06 2.2085011963e+06 2.5483181598e+06 3.0382520539e+06 5.0791590968e+06 1.2642932445e+07 5.6986772223e+07 3.9394347200e+09 hist 0 0 0 0 0 0 0 0 0 0 0 0 0 0 0 0 0 0 0 0 0 0 0 0 0 0 0 0 0 0 0 0 0 0 0 0 0 0 0 0 0 0 0 0 0 0 0 0 0 0 0 0 0 0 0 0 0 0 0 0 0 0 0 0 0 0 0 0 0 0 0 0 0 0 0 0 0 0 0 0 0 0 0 0 0 0 0 0 0 0 0 0 0 0 0 0 0 0 0 0 0 0 0 0 0 0 0 0 0 0 0 0 0 0 0 0 0 0 0 0 0 0 0 0 0 0 0 0 0 0 0 0 0 0 0 0 0 0 0 0 0 0 0 0 0 0 0 0 0 0 0 0 0 0 0 0 0 0 0 0 0 0 0 0 0 0 0 0 0 0 0 0 0 0 0 0 0 0 0 0 0 0 0 0 0 0 0 0 0 0 0 0 0 0 0 0 0 0 0 161 481915 106708 72404 80549 94335 71812 55661 55053 60331 53899 39739 34581 32251 21911 22723 21070 14707 14394 21084 12836 12989 9265 8968 11275 7937 9199 8947 7112 5633 5612 4493 4549 3720 4329 2632 2795 2274 1895 1785 1650 1530 1091 899 1372 963 748 798 768 803 525 598 458 539 487 334 282 292 244 281 174 174 210 126 87 117 85 74 50 75 80 49 41 46 37 48 41 34 22 34 30 19 7 14 10 11 11 11 12 9 11 1 5 6 3 4 2 6 1 3 2 2 2 2 2 0 2 2 1 2 0 1 1 0 0 1 0 1 1 0 1 1 0 1 0 0 0 0 0 0 0 0 0 0 0 0 0 0 0 0 0 0 0 0 0 0 0 0 0 0 0 0 0 0 0 0 0 0 0 0 0 0 0 0 0 0 0 0 0 0 0 0 0 0 0 0 0 0 0 0 0 0 0 0 0 0 0 0 0 0 0 0 0 0 0 0 0 0 0 0 0
K 8 n 1500000 danger 6198 mom 1.6642603986e+06 1.8709788557e+06 2.1385402578e+06 2.4974174294e+06 3.0016405777e+06 3.7552051529e+06 7.1877307277e+06 2.2381601463e+07 1.3378401027e+08 1.4724870607e+10 hist 0 0 0 0 0 0 0 0 0 0 0 0 0 0 0 0 0 0 0 0 0 0 0 0 0 0 0 0 0 0 0 0 0 0 0 0 0 0 0 0 0 0 0 0 0 0 0 0 0 0 0 0 0 0 0 0 0 0 0 0 0 0 0 0 0 0 0 0 0 0 0 0 0 0 0 0 0 0 0 0 0 0 0 0 0 0 0 0 0 0 0 0 0 0 0 0 0 0 0 0 0 0 0 0 0 0 0 0 0 0 0 0 0 0 0 0 0 0 0 0 0 0 0 0 0 0 0 0 0 0 0 0 0 0 0 0 0 0 0 0 0 0 0 0 0 0 0 0 0 0 0 0 0 0 0 0 0 0 0 0 0 0 0 0 0 0 0 0 0 0 0 0 0 0 0 0 0 0 0 0 0 0 0 0 0 0 0 0 0 0 0 0 0 0 0 0 0 0 0 18 299389 112199 119065 119414 96151 98607 92108 76277 64087 56290 42167 40875 32357 32059 26295 22544 19464 18436 16018 15725 13327 11407 10136 8767 7855 6614 5647 4782 4060 3573 3087 2518 2504 2000 1696 1521 1445 1279 1115 924 840 748 596 540 475 410 381 268 248 234 180 176 160 114 107 116 69 83 49 68 43 41 31 35 30 18 17 14 7 14 9 7 11 3 9 3 5 5 5 6 2 1 2 0 4 1 2 1 1 1 3 2 0 1 0 0 0 1 0 1 0 0 0 0 0 0 0 0 0 0 0 0 0 0 0 0 0 0 0 0 0 0 0 0 0 0 0 0 0 0 0 0 0 0 0 0 0 0 0 0 0 0 0 0 0 0 0 0 0 0 0 0 0 0 0 0 0 0 0 0 0 0 0 0 0 0 0 0 0 0 0 0 0 0 0 0 0 0 0 0 0 0 0 0 0 0 0 0 0 0 0 0 0 0 0 0 0 0 0 0
K 10 n 1500000 danger 2421 mom 1.7091011577e+06 1.9773608127e+06 2.3319597356e+06 2.8188352373e+06 3.5213511367e+06 4.6047765759e+06 9.9081038698e+06 3.7022422710e+07 2.8036974991e+08 4.9263518186e+10 hist 0 0 0 0 0 0 0 0 0 0 0 0 0 0 0 0 0 0 0 0 0 0 0 0 0 0 0 0 0 0 0 0 0 0 0 0 0 0 0 0 0 0 0 0 0 0 0 0 0 0 0 0 0 0 0 0 0 0 0 0 0 0 0 0 0 0 0 0 0 0 0 0 0 0 0 0 0 0 0 0 0 0 0 0 0 0 0 0 0 0 0 0 0 0 0 0 0 0 0 0 0 0 0 0 0 0 0 0 0 0 0 0 0 0 0 0 0 0 0 0 0 0 0 0 0 0 0 0 0 0 0 0 0 0 0 0 0 0 0 0 0 0 0 0 0 0 0 0 0 0 0 0 0 0 0 0 0 0 0 0 0 0 0 0 0 0 0 0 0 0 0 0 0 0 0 0 0 0 0 0 0 0 0 0 0 0 0 0 0 0 0 0 0 0 0 0 0 0 0 1 181484 117928 137904 127060 126220 117292 101987 88908 71856 62945 51665 46709 38087 32282 28724 25491 22101 18492 15694 13619 11628 9868 7949 6969 5773 4847 4148 3332 2859 2535 2163 1739 1595 1301 1070 906 793 675 537 443 390 342 255 240 190 159 160 111 87 79 75 62 51 36 23 23 23 18 9 5 12 16 12 6 4 8 3 1 3 2 2 2 3 0 2 2 1 1 0 0 0 1 1 0 0 1 0 0 0 0 0 0 0 0 0 0 0 0 0 0 0 0 0 0 0 0 0 0 0 0 0 0 0 0 0 0 0 0 0 0 0 0 0 0 0 0 0 0 0 0 0 0 0 0 0 0 0 0 0 0 0 0 0 0 0 0 0 0 0 0 0 0 0 0 0 0 0 0 0 0 0 0 0 0 0 0 0 0 0 0 0 0 0 0 0 0 0 0 0 0 0 0 0 0 0 0 0 0 0 0 0 0 0 0 0 0 0 0 0 0
K 12 n 1500000 danger 943 mom 1.7553825716e+06 2.0900770804e+06 2.5429221911e+06 3.1811475530e+06 4.1306027589e+06 5.6518361558e+06 1.3903394548e+07 6.7876221830e+07 7.7186769039e+08 3.2297544765e+11 hist 0 0 0 0 0 0 0 0 0 0 0 0 0 0 0 0 0 0 0 0 0 0 0 0 0 0 0 0 0 0 0 0 0 0 0 0 0 0 0 0 0 0 0 0 0 0 0 0 0 0 0 0 0 0 0 0 0 0 0 0 0 0 0 0 0 0 0 0 0 0 0 0 0 0 0 0 0 0 0 0 0 0 0 0 0 0 0 0 0 0 0 0 0 0 0 0 0 0 0 0 0 0 0 0 0 0 0 0 0 0 0 0 0 0 0 0 0 0 0 0 0 0 0 0 0 0 0 0 0 0 0 0 0 0 0 0 0 0 0 0 0 0 0 0 0 0 0 0 0 0 0 0 0 0 0 0 0 0 0 0 0 0 0 0 0 0 0 0 0 0 0 0 0 0 0 0 0 0 0 0 0 0 0 0 0 0 0 0 0 0 0 0 0 0 0 0 0 0 0 0 108897 113481 134221 142693 141575 130777 115455 98592 83075 71266 59034 49562 41844 35700 29831 25044 21125 17475 14311 11719 9719 8039 6465 5435 4348 3696 2949 2541 2006 1634 1386 1136 897 746 607 476 436 337 296 231 166 149 121 107 76 57 52 33 29 20 20 22 20 17 10 6 6 6 4 1 4 2 2 3 2 3 2 0 1 1 0 0 0 0 0 0 0 0 0 1 0 0 0 0 0 0 0 0 0 0 0 0 0 0 0 0 0 0 0 0 0 0 0 0 0 0 0 0 0 0 0 0 0 0 0 0 0 0 0 0 0 0 0 0 0 0 0 0 0 0 0 0 0 0 0 0 0 0 0 0 0 0 0 0 0 0 0 0 0 0 0 0 0 0 0 0 0 0 0 0 0 0 0 0 0 0 0 0 0 0 0 0 0 0 0 0 0 0 0 0 0 0 0 0 0 0 0 0 0 0 0 0 0 0 0 0 0 0 0 0
K 14 n 1500000 danger 370 mom 1.8029418073e+06 2.2089291642e+06 2.7716039215e+06 3.5857775351e+06 4.8331769776e+06 6.8999603375e+06 1.8862246050e+07 1.0230100359e+08 1.1997541008e+09 4.8206817915e+11 hist 0 0 0 0 0 0 0 0 0 0 0 0 0 0 0 0 0 0 0 0 0 0 0 0 0 0 0 0 0 0 0 0 0 0 0 0 0 0 0 0 0 0 0 0 0 0 0 0 0 0 0 0 0 0 0 0 0 0 0 0 0 0 0 0 0 0 0 0 0 0 0 0 0 0 0 0 0 0 0 0 0 0 0 0 0 0 0 0 0 0 0 0 0 0 0 0 0 0 0 0 0 0 0 0 0 0 0 0 0 0 0 0 0 0 0 0 0 0 0 0 0 0 0 0 0 0 0 0 0 0 0 0 0 0 0 0 0 0 0 0 0 0 0 0 0 0 0 0 0 0 0 0 0 0 0 0 0 0 0 0 0 0 0 0 0 0 0 0 0 0 0 0 0 0 0 0 0 0 0 0 0 0 0 0 0 0 0 0 0 0 0 0 0 0 0 0 0 0 0 0 64096 98308 130169 149442 152435 144386 128061 110422 93650 77616 64621 53737 44131 36499 29903 24149 19516 15862 12577 10127 8103 6462 5184 4265 3259 2612 2176 1733 1352 1071 836 692 526 454 305 286 195 167 133 112 65 60 44 36 33 40 22 7 14 8 5 6 5 5 4 4 1 4 2 2 1 1 0 0 0 0 0 0 1 0 0 0 0 0 0 0 0 0 0 0 0 0 0 0 0 0 0 0 0 0 0 0 0 0 0 0 0 0 0 0 0 0 0 0 0 0 0 0 0 0 0 0 0 0 0 0 0 0 0 0 0 0 0 0 0 0 0 0 0 0 0 0 0 0 0 0 0 0 0 0 0 0 0 0 0 0 0 0 0 0 0 0 0 0 0 0 0 0 0 0 0 0 0 0 0 0 0 0 0 0 0 0 0 0 0 0 0 0 0 0 0 0 0 0 0 0 0 0 0 0 0 0 0 0 0 0 0 0 0 0
K 16 n 1500000 danger 160 mom 1.8518277791e+06 2.3343758407e+06 3.0199090761e+06 4.0389295176e+06 5.6484915751e+06 8.4162499897e+06 2.6127974153e+07 1.8056787432e+08 2.8867777318e+09 2.0046667209e+12 hist 0 0 0 0 0 0 0 0 0 0 0 0 0 0 0 0 0 0 0 0 0 0 0 0 0 0 0 0 0 0 0 0 0 0 0 0 0 0 0 0 0 0 0 0 0 0 0 0 0 0 0 0 0 0 0 0 0 0 0 0 0 0 0 0 0 0 0 0 0 0 0 0 0 0 0 0 0 0 0 0 0 0 0 0 0 0 0 0 0 0 0 0 0 0 0 0 0 0 0 0 0 0 0 0 0 0 0 0 0 0 0 0 0 0 0 0 0 0 0 0 0 0 0 0 0 0 0 0 0 0 0 0 0 0 0 0 0 0 0 0 0 0 0 0 0 0 0 0 0 0 0 0 0 0 0 0 0 0 0 0 0 0 0 0 0 0 0 0 0 0 0 0 0 0 0 0 0 0 0 0 0 0 0 0 0 0 0 0 0 0 0 0 0 0 0 0 0 0 0 0 37310 80387 122615 151089 161603 155937 140982 121211 102540 85028 69556 56424 45515 36169 29244 22725 17887 14108 11083 8596 6802 5259 4055 3180 2447 1864 1495 1128 906 655 513 396 304 222 192 120 103 82 60 48 37 30 18 16 10 5 14 8 4 3 2 4 1 1 5 0 1 0 0 0 0 0 0 1 0 0 0 0 0 0 0 0 0 0 0 0 0 0 0 0 0 0 0 0 0 0 0 0 0 0 0 0 0 0 0 0 0 0 0 0 0 0 0 0 0 0 0 0 0 0 0 0 0 0 0 0 0 0 0 0 0 0 0 0 0 0 0 0 0 0 0 0 0 0 0 0 0 0 0 0 0 0 0 0 0 0 0 0 0 0 0 0 0 0 0 0 0 0 0 0 0 0 0 0 0 0 0 0 0 0 0 0 0 0 0 0 0 0 0 0 0 0 0 0 0 0 0 0 0 0 0 0 0 0 0 0 0 0 0 0
K 18 n 1500000 danger 65 mom 1.9022359026e+06 2.4672513410e+06 3.2905513780e+06 4.5481249433e+06 6.5945854918e+06 1.0234804363e+07 3.5374592748e+07 2.8438317229e+08 5.2139857429e+09 4.2472795409e+12 hist 0 0 0 0 0 0 0 0 0 0 0 0 0 0 0 0 0 0 0 0 0 0 0 0 0 0 0 0 0 0 0 0 0 0 0 0 0 0 0 0 0 0 0 0 0 0 0 0 0 0 0 0 0 0 0 0 0 0 0 0 0 0 0 0 0 0 0 0 0 0 0 0 0 0 0 0 0 0 0 0 0 0 0 0 0 0 0 0 0 0 0 0 0 0 0 0 0 0 0 0 0 0 0 0 0 0 0 0 0 0 0 0 0 0 0 0 0 0 0 0 0 0 0 0 0 0 0 0 0 0 0 0 0 0 0 0 0 0 0 0 0 0 0 0 0 0 0 0 0 0 0 0 0 0 0 0 0 0 0 0 0 0 0 0 0 0 0 0 0 0 0 0 0 0 0 0 0 0 0 0 0 0 0 0 0 0 0 0 0 0 0 0 0 0 0 0 0 0 0 0 21465 62953 111944 149598 168227 167109 152827 133282 110280 91183 73784 58211 46216 35950 27780 21300 16366 12421 9631 7348 5317 4229 3129 2392 1822 1313 1056 710 531 426 299 242 167 122 90 71 57 35 31 21 9 14 8 14 2 3 4 2 4 1 2 0 0 0 0 1 0 1 0 0 0 0 0 0 0 0 0 0 0 0 0 0 0 0 0 0 0 0 0 0 0 0 0 0 0 0 0 0 0 0 0 0 0 0 0 0 0 0 0 0 0 0 0 0 0 0 0 0 0 0 0 0 0 0 0 0 0 0 0 0 0 0 0 0 0 0 0 0 0 0 0 0 0 0 0 0 0 0 0 0 0 0 0 0 0 0 0 0 0 0 0 0 0 0 0 0 0 0 0 0 0 0 0 0 0 0 0 0 0 0 0 0 0 0 0 0 0 0 0 0 0 0 0 0 0 0 0 0 0 0 0 0 0 0 0 0 0 0 0 0
K 20 n 1500000 danger 28 mom 1.9541895916e+06 2.6080352180e+06 3.5858600555e+06 5.1214626194e+06 7.6958130877e+06 1.2422281104e+07 4.6794683977e+07 3.9789842674e+08 7.3267921617e+09 5.9639376776e+12 hist 0 0 0 0 0 0 0 0 0 0 0 0 0 0 0 0 0 0 0 0 0 0 0 0 0 0 0 0 0 0 0 0 0 0 0 0 0 0 0 0 0 0 0 0 0 0 0 0 0 0 0 0 0 0 0 0 0 0 0 0 0 0 0 0 0 0 0 0 0 0 0 0 0 0 0 0 0 0 0 0 0 0 0 0 0 0 0 0 0 0 0 0 0 0 0 0 0 0 0 0 0 0 0 0 0 0 0 0 0 0 0 0 0 0 0 0 0 0 0 0 0 0 0 0 0 0 0 0 0 0 0 0 0 0 0 0 0 0 0 0 0 0 0 0 0 0 0 0 0 0 0 0 0 0 0 0 0 0 0 0 0 0 0 0 0 0 0 0 0 0 0 0 0 0 0 0 0 0 0 0 0 0 0 0 0 0 0 0 0 0 0 0 0 0 0 0 0 0 0 0 12084 47997 99634 145913 172428 177894 164221 143293 118980 96787 77109 59905 45765 35120 26586 19609 14812 11173 8177 5960 4541 3277 2370 1766 1288 889 653 488 348 294 179 115 96 54 58 40 25 17 12 15 6 6 1 6 3 2 1 1 0 0 1 1 0 0 0 0 0 0 0 0 0 0 0 0 0 0 0 0 0 0 0 0 0 0 0 0 0 0 0 0 0 0 0 0 0 0 0 0 0 0 0 0 0 0 0 0 0 0 0 0 0 0 0 0 0 0 0 0 0 0 0 0 0 0 0 0 0 0 0 0 0 0 0 0 0 0 0 0 0 0 0 0 0 0 0 0 0 0 0 0 0 0 0 0 0 0 0 0 0 0 0 0 0 0 0 0 0 0 0 0 0 0 0 0 0 0 0 0 0 0 0 0 0 0 0 0 0 0 0 0 0 0 0 0 0 0 0 0 0 0 0 0 0 0 0 0 0 0 0 0
K 24 n 1500000 danger 5 mom 2.0624629946e+06 2.9138725893e+06 4.2567565510e+06 6.4902419765e+06 1.0483746061e+07 1.8418370387e+07 9.1223002947e+07 1.3128706126e+09 4.2853893789e+10 8.6707675333e+13 hist 0 0 0 0 0 0 0 0 0 0 0 0 0 0 0 0 0 0 0 0 0 0 0 0 0 0 0 0 0 0 0 0 0 0 0 0 0 0 0 0 0 0 0 0 0 0 0 0 0 0 0 0 0 0 0 0 0 0 0 0 0 0 0 0 0 0 0 0 0 0 0 0 0 0 0 0 0 0 0 0 0 0 0 0 0 0 0 0 0 0 0 0 0 0 0 0 0 0 0 0 0 0 0 0 0 0 0 0 0 0 0 0 0 0 0 0 0 0 0 0 0 0 0 0 0 0 0 0 0 0 0 0 0 0 0 0 0 0 0 0 0 0 0 0 0 0 0 0 0 0 0 0 0 0 0 0 0 0 0 0 0 0 0 0 0 0 0 0 0 0 0 0 0 0 0 0 0 0 0 0 0 0 0 0 0 0 0 0 0 0 0 0 0 0 0 0 0 0 0 0 3561 25896 74720 133253 177502 194183 186341 163480 134410 106636 81501 61352 45153 32663 23528 16699 11941 8244 5797 4053 2863 1952 1361 889 667 433 275 202 130 103 68 42 35 21 15 4 7 7 5 3 1 1 0 1 0 0 1 1 0 0 0 0 0 0 0 0 0 0 0 0 0 0 0 0 0 0 0 0 0 0 0 0 0 0 0 0 0 0 0 0 0 0 0 0 0 0 0 0 0 0 0 0 0 0 0 0 0 0 0 0 0 0 0 0 0 0 0 0 0 0 0 0 0 0 0 0 0 0 0 0 0 0 0 0 0 0 0 0 0 0 0 0 0 0 0 0 0 0 0 0 0 0 0 0 0 0 0 0 0 0 0 0 0 0 0 0 0 0 0 0 0 0 0 0 0 0 0 0 0 0 0 0 0 0 0 0 0 0 0 0 0 0 0 0 0 0 0 0 0 0 0 0 0 0 0 0 0 0 0 0
