# Kmax=24 n=1500000 eta=1/54 Zmax=117 b0=97
K 2 n 1500000 danger 94921 mom 1.5381081518e+06 1.5844661855e+06 1.6416598360e+06 1.7133151008e+06 1.8046022468e+06 1.9230176776e+06 2.2909213512e+06 2.9918286614e+06 4.4434024072e+06 1.5436239355e+07 hist 0 0 0 0 0 0 0 0 0 0 0 0 0 0 0 0 0 0 0 0 0 0 0 0 0 0 0 0 0 0 0 0 0 0 0 0 0 0 0 0 0 0 0 0 0 0 0 0 0 0 0 0 0 0 0 0 0 0 0 0 0 0 0 0 0 0 0 0 0 0 0 0 0 0 0 0 0 0 0 0 0 0 0 0 0 0 0 0 0 0 0 0 0 0 0 0 0 0 0 0 0 0 0 0 0 0 0 0 0 0 0 0 0 0 0 0 0 0 0 0 0 0 0 0 0 0 0 0 0 0 0 0 0 0 0 0 0 0 0 0 0 0 0 0 0 0 0 0 0 0 0 0 0 0 0 0 0 0 0 0 0 0 0 0 0 0 0 0 0 0 0 0 0 0 0 0 0 0 0 0 0 0 0 0 0 0 0 0 0 0 0 0 0 0 0 0 0 0 0 274535 850227 48120 6327 30459 8985 10979 4798 14692 11054 559 6460 455 22388 8782 1883 0 0 0 0 6877 13807 22 14026 710 26268 2060 14142 2586 399 217 5756 7135 194 2914 3461 209 0 3593 0 0 391 1398 0 894 7383 435 0 10667 658 0 0 0 0 3504 0 22068 643 102 480 0 0 1324 4672 0 183 657 455 458 651 235 377 11142 227 0 0 445 5697 337 4731 3197 287 1317 147 213 0 705 0 0 91 360 0 245 320 112 0 0 0 0 670 2502 219 0 0 0 89 0 363 0 0 52 164 0 108 56 62 0 405 0 0 0 0 0 0 0 0 0 0 0 0 0 1333 0 0 0 0 0 0 0 0 0 194 0 0 0 0 678 0 0 0 0 0 93 332 0 0 51 150 28 129 35 0 0 0 0 0 0 0 0 0 0 0 0 0 0 0 0 0 0 0 0 0 0 0 0 0 0 0 0 0 0 0 0 0 0 0 0 0 0 0 0
K 4 n 1500000 danger 36862 mom 1.5785781390e+06 1.6745849701e+06 1.7944651136e+06 1.9481539054e+06 2.1516763041e+06 2.4322604733e+06 3.4656832958e+06 6.3698812227e+06 1.7697469271e+07 4.4423971652e+08 hist 0 0 0 0 0 0 0 0 0 0 0 0 0 0 0 0 0 0 0 0 0 0 0 0 0 0 0 0 0 0 0 0 0 0 0 0 0 0 0 0 0 0 0 0 0 0 0 0 0 0 0 0 0 0 0 0 0 0 0 0 0 0 0 0 0 0 0 0 0 0 0 0 0 0 0 0 0 0 0 0 0 0 0 0 0 0 0 0 0 0 0 0 0 0 0 0 0 0 0 0 0 0 0 0 0 0 0 0 0 0 0 0 0 0 0 0 0 0 0 0 0 0 0 0 0 0 0 0 0 0 0 0 0 0 0 0 0 0 0 0 0 0 0 0 0 0 0 0 0 0 0 0 0 0 0 0 0 0 0 0 0 0 0 0 0 0 0 0 0 0 0 0 0 0 0 0 0 0 0 0 0 0 0 0 0 0 0 0 0 0 0 0 0 0 0 0 0 0 0 894 764906 59432 61345 32768 35022 41139 45050 40162 27881 25885 35317 17292 27705 34980 16698 24952 7768 14409 14943 6597 7945 6641 12914 11814 4199 5767 6698 15740 5015 4942 3255 5603 3428 3765 1888 11257 2632 2629 5357 6504 3029 2209 2035 2107 2411 1614 2026 1869 723 3074 1340 781 776 1059 1004 514 548 731 553 592 565 251 224 263 286 1128 371 78 292 300 187 441 605 150 148 173 322 150 301 175 103 91 88 48 70 62 95 121 30 62 24 22 155 26 24 14 20 8 25 27 16 5 37 0 66 7 10 4 23 2 18 34 3 12 16 4 5 13 17 2 5 1 0 1 3 0 0 1 1 1 1 1 4 0 8 0 0 0 4 0 0 2 0 1 4 0 0 1 0 0 5 0 0 1 2 0 1 0 0 0 0 0 0 0 0 0 0 0 0 0 0 0 0 0 0 0 0 0 0 0 0 0 0 0 0 0 0 0 0 0 0 0 0 0 0 0 0 0 0 0
K 6 n 1500000 danger 14740 mom 1.6206239127e+06 1.7698660125e+06 1.9592798525e+06 2.2074472543e+06 2.5460238340e+06 3.0327515642e+06 5.0376354496e+06 1.2272047291e+07 5.3778150772e+07 3.8867926673e+09 hist 0 0 0 0 0 0 0 0 0 0 0 0 0 0 0 0 0 0 0 0 0 0 0 0 0 0 0 0 0 0 0 0 0 0 0 0 0 0 0 0 0 0 0 0 0 0 0 0 0 0 0 0 0 0 0 0 0 0 0 0 0 0 0 0 0 0 0 0 0 0 0 0 0 0 0 0 0 0 0 0 0 0 0 0 0 0 0 0 0 0 0 0 0 0 0 0 0 0 0 0 0 0 0 0 0 0 0 0 0 0 0 0 0 0 0 0 0 0 0 0 0 0 0 0 0 0 0 0 0 0 0 0 0 0 0 0 0 0 0 0 0 0 0 0 0 0 0 0 0 0 0 0 0 0 0 0 0 0 0 0 0 0 0 0 0 0 0 0 0 0 0 0 0 0 0 0 0 0 0 0 0 0 0 0 0 0 0 0 0 0 0 0 0 0 0 0 0 0 0 186 482079 106884 72340 80063 94583 71993 55635 54866 60408 54125 39734 34876 32280 21934 22388 20965 14900 14333 21156 12621 12814 9332 8982 11219 7854 9040 8854 7229 5597 5659 4515 4739 3686 4420 2472 2765 2423 1894 1824 1593 1500 1081 842 1431 950 790 822 743 844 512 589 499 535 449 347 284 285 231 215 180 166 200 115 93 99 70 64 81 68 83 42 50 46 41 50 44 37 23 31 37 21 16 14 7 9 8 10 11 8 10 4 3 4 3 4 6 8 3 2 1 4 1 4 1 0 1 0 1 1 1 0 1 0 0 1 0 0 1 0 0 0 0 1 0 0 0 1 0 0 0 0 0 0 0 0 0 0 0 0 0 0 0 0 0 0 0 0 0 0 0 0 0 0 0 0 0 0 0 0 0 0 0 0 0 0 0 0 0 0 0 0 0 0 0 0 0 0 0 0 0 0 0 0 0 0 0 0 0 0 0 0 0 0 0 0 0 0 0 0 0
K 8 n 1500000 danger 6037 mom 1.6641185311e+06 1.8706250492e+06 2.1378618771e+06 2.4962313110e+06 2.9996539161e+06 3.7520190492e+06 7.1863049322e+06 2.2631223957e+07 1.4127408461e+08 1.8571907046e+10 hist 0 0 0 0 0 0 0 0 0 0 0 0 0 0 0 0 0 0 0 0 0 0 0 0 0 0 0 0 0 0 0 0 0 0 0 0 0 0 0 0 0 0 0 0 0 0 0 0 0 0 0 0 0 0 0 0 0 0 0 0 0 0 0 0 0 0 0 0 0 0 0 0 0 0 0 0 0 0 0 0 0 0 0 0 0 0 0 0 0 0 0 0 0 0 0 0 0 0 0 0 0 0 0 0 0 0 0 0 0 0 0 0 0 0 0 0 0 0 0 0 0 0 0 0 0 0 0 0 0 0 0 0 0 0 0 0 0 0 0 0 0 0 0 0 0 0 0 0 0 0 0 0 0 0 0 0 0 0 0 0 0 0 0 0 0 0 0 0 0 0 0 0 0 0 0 0 0 0 0 0 0 0 0 0 0 0 0 0 0 0 0 0 0 0 0 0 0 0 0 21 299309 112424 119088 119904 96488 98480 91958 76450 63992 56018 41923 40471 32857 31770 26715 22669 19099 18563 15746 15531 13301 11272 10273 8841 7755 6760 5600 4919 4053 3589 3008 2540 2404 2080 1795 1557 1459 1179 1085 1017 798 723 631 508 440 369 358 284 249 197 184 172 146 126 101 116 93 74 61 66 46 43 30 28 22 20 23 20 9 12 9 9 9 10 7 4 3 7 3 4 1 3 4 1 3 0 0 2 0 1 2 2 1 0 2 0 0 0 0 0 0 0 0 1 0 0 0 0 0 0 0 0 0 0 0 0 0 0 0 0 0 0 0 0 0 0 0 0 0 0 0 0 0 0 0 0 0 0 0 0 0 0 0 0 0 0 0 0 0 0 0 0 0 0 0 0 0 0 0 0 0 0 0 0 0 0 0 0 0 0 0 0 0 0 0 0 0 0 0 0 0 0 0 0 0 0 0 0 0 0 0 0 0 0 0 0 0 0 0 0
K 10 n 1500000 danger 2406 mom 1.7091560707e+06 1.9776121673e+06 2.3328122389e+06 2.8215924548e+06 3.5308083242e+06 4.6408042499e+06 1.0611107750e+07 5.4197723672e+07 7.3486874063e+08 3.8521472232e+11 hist 0 0 0 0 0 0 0 0 0 0 0 0 0 0 0 0 0 0 0 0 0 0 0 0 0 0 0 0 0 0 0 0 0 0 0 0 0 0 0 0 0 0 0 0 0 0 0 0 0 0 0 0 0 0 0 0 0 0 0 0 0 0 0 0 0 0 0 0 0 0 0 0 0 0 0 0 0 0 0 0 0 0 0 0 0 0 0 0 0 0 0 0 0 0 0 0 0 0 0 0 0 0 0 0 0 0 0 0 0 0 0 0 0 0 0 0 0 0 0 0 0 0 0 0 0 0 0 0 0 0 0 0 0 0 0 0 0 0 0 0 0 0 0 0 0 0 0 0 0 0 0 0 0 0 0 0 0 0 0 0 0 0 0 0 0 0 0 0 0 0 0 0 0 0 0 0 0 0 0 0 0 0 0 0 0 0 0 0 0 0 0 0 0 0 0 0 0 0 0 1 181730 118238 137191 127587 125742 118067 102147 88063 71938 62877 51384 46799 38530 32136 28858 25096 21806 18521 15934 13566 11583 9988 8083 6860 5823 4708 4092 3460 3045 2415 2088 1880 1541 1338 1071 1005 751 655 534 463 361 334 258 210 205 166 134 120 108 86 69 54 53 43 30 24 20 19 13 13 15 9 11 8 2 7 1 8 4 3 4 2 1 2 2 3 0 1 0 0 0 0 0 1 0 0 0 1 0 0 0 0 0 0 0 1 0 0 0 0 0 0 0 0 0 0 0 0 0 0 0 0 0 0 0 0 0 0 0 0 0 0 0 0 0 0 0 0 0 0 0 0 0 0 0 0 0 0 0 0 0 0 0 0 0 0 0 0 0 0 0 0 0 0 0 0 0 0 0 0 0 0 0 0 0 0 0 0 0 0 0 0 0 0 0 0 0 0 0 0 0 0 0 0 0 0 0 0 0 0 0 0 0 0 0 0 0 0 0 0
K 12 n 1500000 danger 1000 mom 1.7554845831e+06 2.0904458534e+06 2.5439815802e+06 3.1840970323e+06 4.1393058690e+06 5.6804777478e+06 1.4340265155e+07 7.6693464350e+07 9.7094705738e+08 4.4022702343e+11 hist 0 0 0 0 0 0 0 0 0 0 0 0 0 0 0 0 0 0 0 0 0 0 0 0 0 0 0 0 0 0 0 0 0 0 0 0 0 0 0 0 0 0 0 0 0 0 0 0 0 0 0 0 0 0 0 0 0 0 0 0 0 0 0 0 0 0 0 0 0 0 0 0 0 0 0 0 0 0 0 0 0 0 0 0 0 0 0 0 0 0 0 0 0 0 0 0 0 0 0 0 0 0 0 0 0 0 0 0 0 0 0 0 0 0 0 0 0 0 0 0 0 0 0 0 0 0 0 0 0 0 0 0 0 0 0 0 0 0 0 0 0 0 0 0 0 0 0 0 0 0 0 0 0 0 0 0 0 0 0 0 0 0 0 0 0 0 0 0 0 0 0 0 0 0 0 0 0 0 0 0 0 0 0 0 0 0 0 0 0 0 0 0 0 0 0 0 0 0 0 0 108788 113734 133534 142533 142797 131312 115019 98078 82760 71338 59361 49324 42210 35421 29714 24953 20858 17523 14402 11926 9780 7799 6467 5419 4496 3671 3048 2517 1977 1720 1355 1143 869 802 629 523 371 345 266 218 199 149 124 96 85 60 52 43 40 21 26 16 23 9 6 6 11 5 7 1 4 3 1 0 4 1 2 1 1 1 0 1 0 1 0 0 0 0 0 1 0 0 0 0 0 0 0 0 0 0 0 0 0 0 0 0 0 0 0 0 0 0 0 0 0 0 0 0 0 0 0 0 0 0 0 0 0 0 0 0 0 0 0 0 0 0 0 0 0 0 0 0 0 0 0 0 0 0 0 0 0 0 0 0 0 0 0 0 0 0 0 0 0 0 0 0 0 0 0 0 0 0 0 0 0 0 0 0 0 0 0 0 0 0 0 0 0 0 0 0 0 0 0 0 0 0 0 0 0 0 0 0 0 0 0 0 0 0 0 0
K 14 n 1500000 danger 420 mom 1.8030641924e+06 2.2094355038e+06 2.7732589318e+06 3.5909440284e+06 4.8496398976e+06 6.9550555445e+06 1.9594579602e+07 1.1403969160e+08 1.4104423793e+09 5.5905560934e+11 hist 0 0 0 0 0 0 0 0 0 0 0 0 0 0 0 0 0 0 0 0 0 0 0 0 0 0 0 0 0 0 0 0 0 0 0 0 0 0 0 0 0 0 0 0 0 0 0 0 0 0 0 0 0 0 0 0 0 0 0 0 0 0 0 0 0 0 0 0 0 0 0 0 0 0 0 0 0 0 0 0 0 0 0 0 0 0 0 0 0 0 0 0 0 0 0 0 0 0 0 0 0 0 0 0 0 0 0 0 0 0 0 0 0 0 0 0 0 0 0 0 0 0 0 0 0 0 0 0 0 0 0 0 0 0 0 0 0 0 0 0 0 0 0 0 0 0 0 0 0 0 0 0 0 0 0 0 0 0 0 0 0 0 0 0 0 0 0 0 0 0 0 0 0 0 0 0 0 0 0 0 0 0 0 0 0 0 0 0 0 0 0 0 0 0 0 0 0 0 0 0 64108 98234 130599 149071 153299 143865 128453 109565 93514 77917 64561 53663 44148 36187 29961 24189 19740 15960 12537 10026 8048 6499 5201 4173 3393 2627 2136 1708 1336 1124 875 716 510 410 337 291 209 145 132 113 90 68 47 38 32 26 28 20 13 9 10 8 6 4 3 4 2 1 3 3 2 0 1 1 0 0 0 0 1 0 0 0 0 0 0 0 0 0 0 0 0 0 0 0 0 0 0 0 0 0 0 0 0 0 0 0 0 0 0 0 0 0 0 0 0 0 0 0 0 0 0 0 0 0 0 0 0 0 0 0 0 0 0 0 0 0 0 0 0 0 0 0 0 0 0 0 0 0 0 0 0 0 0 0 0 0 0 0 0 0 0 0 0 0 0 0 0 0 0 0 0 0 0 0 0 0 0 0 0 0 0 0 0 0 0 0 0 0 0 0 0 0 0 0 0 0 0 0 0 0 0 0 0 0 0 0 0 0 0 0
K 16 n 1500000 danger 179 mom 1.8519982728e+06 2.3350966377e+06 3.0223071285e+06 4.0464408161e+06 5.6718980387e+06 8.4896997921e+06 2.6776537203e+07 1.7883899695e+08 2.4287182736e+09 1.0156598186e+12 hist 0 0 0 0 0 0 0 0 0 0 0 0 0 0 0 0 0 0 0 0 0 0 0 0 0 0 0 0 0 0 0 0 0 0 0 0 0 0 0 0 0 0 0 0 0 0 0 0 0 0 0 0 0 0 0 0 0 0 0 0 0 0 0 0 0 0 0 0 0 0 0 0 0 0 0 0 0 0 0 0 0 0 0 0 0 0 0 0 0 0 0 0 0 0 0 0 0 0 0 0 0 0 0 0 0 0 0 0 0 0 0 0 0 0 0 0 0 0 0 0 0 0 0 0 0 0 0 0 0 0 0 0 0 0 0 0 0 0 0 0 0 0 0 0 0 0 0 0 0 0 0 0 0 0 0 0 0 0 0 0 0 0 0 0 0 0 0 0 0 0 0 0 0 0 0 0 0 0 0 0 0 0 0 0 0 0 0 0 0 0 0 0 0 0 0 0 0 0 0 0 37019 80056 122737 152208 161775 155514 141241 121173 102182 84310 69618 56323 45570 36680 28713 23066 18126 14033 10942 8642 6614 5350 4007 3168 2518 1897 1557 1147 869 656 506 435 293 229 183 171 112 67 61 53 33 32 25 18 17 7 12 1 11 5 1 7 2 2 1 0 2 1 1 1 0 0 0 0 0 0 0 0 0 0 0 0 0 0 0 0 0 0 0 0 0 0 0 0 0 0 0 0 0 0 0 0 0 0 0 0 0 0 0 0 0 0 0 0 0 0 0 0 0 0 0 0 0 0 0 0 0 0 0 0 0 0 0 0 0 0 0 0 0 0 0 0 0 0 0 0 0 0 0 0 0 0 0 0 0 0 0 0 0 0 0 0 0 0 0 0 0 0 0 0 0 0 0 0 0 0 0 0 0 0 0 0 0 0 0 0 0 0 0 0 0 0 0 0 0 0 0 0 0 0 0 0 0 0 0 0 0 0 0 0
K 18 n 1500000 danger 87 mom 1.9024962302e+06 2.4683333132e+06 3.2942109939e+06 4.5603166852e+06 6.6376396722e+06 1.0402134214e+07 3.8887186381e+07 3.9007081134e+08 9.0988734954e+09 1.0681908991e+13 hist 0 0 0 0 0 0 0 0 0 0 0 0 0 0 0 0 0 0 0 0 0 0 0 0 0 0 0 0 0 0 0 0 0 0 0 0 0 0 0 0 0 0 0 0 0 0 0 0 0 0 0 0 0 0 0 0 0 0 0 0 0 0 0 0 0 0 0 0 0 0 0 0 0 0 0 0 0 0 0 0 0 0 0 0 0 0 0 0 0 0 0 0 0 0 0 0 0 0 0 0 0 0 0 0 0 0 0 0 0 0 0 0 0 0 0 0 0 0 0 0 0 0 0 0 0 0 0 0 0 0 0 0 0 0 0 0 0 0 0 0 0 0 0 0 0 0 0 0 0 0 0 0 0 0 0 0 0 0 0 0 0 0 0 0 0 0 0 0 0 0 0 0 0 0 0 0 0 0 0 0 0 0 0 0 0 0 0 0 0 0 0 0 0 0 0 0 0 0 0 0 21199 62866 111568 150715 168465 167433 151998 132670 110749 91220 73223 58551 45849 35849 28175 21375 16379 12524 9461 7347 5472 4153 3125 2367 1891 1376 997 742 603 407 282 266 169 125 93 72 57 46 30 24 15 17 13 11 6 8 4 3 3 2 2 1 0 0 0 0 1 0 0 1 0 0 0 0 0 0 0 0 0 0 0 0 0 0 0 0 0 0 0 0 0 0 0 0 0 0 0 0 0 0 0 0 0 0 0 0 0 0 0 0 0 0 0 0 0 0 0 0 0 0 0 0 0 0 0 0 0 0 0 0 0 0 0 0 0 0 0 0 0 0 0 0 0 0 0 0 0 0 0 0 0 0 0 0 0 0 0 0 0 0 0 0 0 0 0 0 0 0 0 0 0 0 0 0 0 0 0 0 0 0 0 0 0 0 0 0 0 0 0 0 0 0 0 0 0 0 0 0 0 0 0 0 0 0 0 0 0 0 0 0
K 20 n 1500000 danger 39 mom 1.9544891703e+06 2.6092778338e+06 3.5900904439e+06 5.1357507718e+06 7.7472113370e+06 1.2626450688e+07 5.1341858191e+07 5.4675002255e+08 1.3338002965e+10 1.7846553155e+13 hist 0 0 0 0 0 0 0 0 0 0 0 0 0 0 0 0 0 0 0 0 0 0 0 0 0 0 0 0 0 0 0 0 0 0 0 0 0 0 0 0 0 0 0 0 0 0 0 0 0 0 0 0 0 0 0 0 0 0 0 0 0 0 0 0 0 0 0 0 0 0 0 0 0 0 0 0 0 0 0 0 0 0 0 0 0 0 0 0 0 0 0 0 0 0 0 0 0 0 0 0 0 0 0 0 0 0 0 0 0 0 0 0 0 0 0 0 0 0 0 0 0 0 0 0 0 0 0 0 0 0 0 0 0 0 0 0 0 0 0 0 0 0 0 0 0 0 0 0 0 0 0 0 0 0 0 0 0 0 0 0 0 0 0 0 0 0 0 0 0 0 0 0 0 0 0 0 0 0 0 0 0 0 0 0 0 0 0 0 0 0 0 0 0 0 0 0 0 0 0 0 11991 47764 99540 146895 173002 176914 164268 142776 119086 96599 76866 59853 46093 35238 26466 19843 14787 11068 8142 6230 4384 3174 2499 1807 1325 910 691 456 362 250 187 142 103 73 54 37 36 21 10 19 7 11 5 5 4 3 1 1 0 0 0 1 0 0 1 0 0 0 0 0 0 0 0 0 0 0 0 0 0 0 0 0 0 0 0 0 0 0 0 0 0 0 0 0 0 0 0 0 0 0 0 0 0 0 0 0 0 0 0 0 0 0 0 0 0 0 0 0 0 0 0 0 0 0 0 0 0 0 0 0 0 0 0 0 0 0 0 0 0 0 0 0 0 0 0 0 0 0 0 0 0 0 0 0 0 0 0 0 0 0 0 0 0 0 0 0 0 0 0 0 0 0 0 0 0 0 0 0 0 0 0 0 0 0 0 0 0 0 0 0 0 0 0 0 0 0 0 0 0 0 0 0 0 0 0 0 0 0 0 0
K 24 n 1500000 danger 5 mom 2.0626820031e+06 2.9148403249e+06 4.2602146648e+06 6.5018371204e+06 1.0519670773e+07 1.8502353131e+07 8.7922940525e+07 9.9982894689e+08 2.3436666981e+10 2.8023513841e+13 hist 0 0 0 0 0 0 0 0 0 0 0 0 0 0 0 0 0 0 0 0 0 0 0 0 0 0 0 0 0 0 0 0 0 0 0 0 0 0 0 0 0 0 0 0 0 0 0 0 0 0 0 0 0 0 0 0 0 0 0 0 0 0 0 0 0 0 0 0 0 0 0 0 0 0 0 0 0 0 0 0 0 0 0 0 0 0 0 0 0 0 0 0 0 0 0 0 0 0 0 0 0 0 0 0 0 0 0 0 0 0 0 0 0 0 0 0 0 0 0 0 0 0 0 0 0 0 0 0 0 0 0 0 0 0 0 0 0 0 0 0 0 0 0 0 0 0 0 0 0 0 0 0 0 0 0 0 0 0 0 0 0 0 0 0 0 0 0 0 0 0 0 0 0 0 0 0 0 0 0 0 0 0 0 0 0 0 0 0 0 0 0 0 0 0 0 0 0 0 0 0 3550 25798 74806 133315 178109 193823 185673 163636 134308 106682 82135 60998 45019 32608 23355 16735 12069 8383 5846 4080 2792 1952 1333 932 624 428 337 207 121 105 80 36 39 21 21 16 9 8 3 3 1 1 1 0 1 1 0 0 0 0 0 0 0 0 0 0 0 0 0 0 0 0 0 0 0 0 0 0 0 0 0 0 0 0 0 0 0 0 0 0 0 0 0 0 0 0 0 0 0 0 0 0 0 0 0 0 0 0 0 0 0 0 0 0 0 0 0 0 0 0 0 0 0 0 0 0 0 0 0 0 0 0 0 0 0 0 0 0 0 0 0 0 0 0 0 0 0 0 0 0 0 0 0 0 0 0 0 0 0 0 0 0 0 0 0 0 0 0 0 0 0 0 0 0 0 0 0 0 0 0 0 0 0 0 0 0 0 0 0 0 0 0 0 0 0 0 0 0 0 0 0 0 0 0 0 0 0 0 0 0
