# Kmax=24 n=1500000 eta=1/54 Zmax=117 b0=97
K 2 n 1500000 danger 94340 mom 1.5380594863e+06 1.5843425166e+06 1.6414322924e+06 1.7129566905e+06 1.8040975011e+06 1.9223819378e+06 2.2904074910e+06 2.9935587475e+06 4.4553057091e+06 1.5603555768e+07 hist 0 0 0 0 0 0 0 0 0 0 0 0 0 0 0 0 0 0 0 0 0 0 0 0 0 0 0 0 0 0 0 0 0 0 0 0 0 0 0 0 0 0 0 0 0 0 0 0 0 0 0 0 0 0 0 0 0 0 0 0 0 0 0 0 0 0 0 0 0 0 0 0 0 0 0 0 0 0 0 0 0 0 0 0 0 0 0 0 0 0 0 0 0 0 0 0 0 0 0 0 0 0 0 0 0 0 0 0 0 0 0 0 0 0 0 0 0 0 0 0 0 0 0 0 0 0 0 0 0 0 0 0 0 0 0 0 0 0 0 0 0 0 0 0 0 0 0 0 0 0 0 0 0 0 0 0 0 0 0 0 0 0 0 0 0 0 0 0 0 0 0 0 0 0 0 0 0 0 0 0 0 0 0 0 0 0 0 0 0 0 0 0 0 0 0 0 0 0 0 273862 850547 47516 6517 30600 9031 10592 4908 14545 11092 537 6532 441 22413 9090 1849 0 0 0 0 7065 14128 25 14174 649 26874 2110 14194 2567 425 219 5942 7180 216 2901 3273 189 0 3457 0 0 386 1302 0 901 7295 441 0 10619 647 0 0 0 0 3482 0 22159 654 139 495 0 0 1362 4634 0 183 653 444 411 639 208 409 11035 225 0 0 390 5675 349 4580 3337 301 1210 126 184 0 703 0 0 89 340 0 212 274 122 0 0 0 0 669 2500 242 0 0 0 87 0 335 0 0 46 156 0 118 57 54 0 362 0 0 0 0 0 0 0 0 0 0 0 0 0 1373 0 0 0 0 0 0 0 0 0 214 0 0 0 0 664 0 0 0 0 0 82 347 0 0 53 169 20 126 51 0 0 0 0 0 0 0 0 0 0 0 0 0 0 0 0 0 0 0 0 0 0 0 0 0 0 0 0 0 0 0 0 0 0 0 0 0 0 0 0
K 4 n 1500000 danger 36834 mom 1.5786432145e+06 1.6747827705e+06 1.7949314526e+06 1.9491621360e+06 2.1537851221e+06 2.4366429856e+06 3.4855586148e+06 6.4742844479e+06 1.8362694940e+07 4.8641282023e+08 hist 0 0 0 0 0 0 0 0 0 0 0 0 0 0 0 0 0 0 0 0 0 0 0 0 0 0 0 0 0 0 0 0 0 0 0 0 0 0 0 0 0 0 0 0 0 0 0 0 0 0 0 0 0 0 0 0 0 0 0 0 0 0 0 0 0 0 0 0 0 0 0 0 0 0 0 0 0 0 0 0 0 0 0 0 0 0 0 0 0 0 0 0 0 0 0 0 0 0 0 0 0 0 0 0 0 0 0 0 0 0 0 0 0 0 0 0 0 0 0 0 0 0 0 0 0 0 0 0 0 0 0 0 0 0 0 0 0 0 0 0 0 0 0 0 0 0 0 0 0 0 0 0 0 0 0 0 0 0 0 0 0 0 0 0 0 0 0 0 0 0 0 0 0 0 0 0 0 0 0 0 0 0 0 0 0 0 0 0 0 0 0 0 0 0 0 0 0 0 0 869 764431 59541 61153 32784 35136 41042 45495 39990 28060 25888 35664 17364 27943 34693 16725 24664 7865 14265 15042 6595 7980 6656 12749 11567 4145 5869 6914 15907 5162 4828 3368 5449 3347 3781 1825 11039 2712 2758 5288 6613 3089 2076 1990 2163 2299 1622 2043 1851 716 3104 1337 786 816 1058 945 502 529 752 499 555 647 282 226 249 280 1115 338 116 331 273 203 449 574 160 122 215 340 153 331 175 130 110 100 45 77 53 90 133 31 50 16 26 139 27 19 20 38 14 29 40 12 4 45 0 62 6 8 2 13 6 14 32 4 10 20 4 5 8 23 1 6 1 0 4 7 0 0 1 1 0 1 1 5 1 12 0 0 0 0 0 0 1 0 1 6 0 0 0 0 0 3 0 0 1 2 0 2 1 0 0 0 0 0 0 0 0 0 0 0 0 0 0 0 0 0 0 0 0 0 0 0 0 0 0 0 0 0 0 0 0 0 0 0 0 0 0 0 0 0 0
K 6 n 1500000 danger 14954 mom 1.6207748849e+06 1.7702627377e+06 1.9600854362e+06 2.2089347464e+06 2.5486264301e+06 3.0370819247e+06 5.0466550784e+06 1.2275104675e+07 5.4031635703e+07 4.2226157645e+09 hist 0 0 0 0 0 0 0 0 0 0 0 0 0 0 0 0 0 0 0 0 0 0 0 0 0 0 0 0 0 0 0 0 0 0 0 0 0 0 0 0 0 0 0 0 0 0 0 0 0 0 0 0 0 0 0 0 0 0 0 0 0 0 0 0 0 0 0 0 0 0 0 0 0 0 0 0 0 0 0 0 0 0 0 0 0 0 0 0 0 0 0 0 0 0 0 0 0 0 0 0 0 0 0 0 0 0 0 0 0 0 0 0 0 0 0 0 0 0 0 0 0 0 0 0 0 0 0 0 0 0 0 0 0 0 0 0 0 0 0 0 0 0 0 0 0 0 0 0 0 0 0 0 0 0 0 0 0 0 0 0 0 0 0 0 0 0 0 0 0 0 0 0 0 0 0 0 0 0 0 0 0 0 0 0 0 0 0 0 0 0 0 0 0 0 0 0 0 0 0 182 480961 106813 72552 80346 95165 71598 55632 55368 60443 54181 39697 34844 32246 22066 22291 20681 14964 14347 21072 12750 13007 9196 8986 11218 7752 9130 8964 7123 5512 5505 4572 4690 3746 4440 2560 2738 2337 1928 1830 1613 1567 1073 877 1403 919 813 804 758 867 517 661 484 552 513 325 274 276 209 226 178 160 214 109 108 107 81 77 71 96 79 51 44 40 38 59 28 47 18 27 26 27 7 22 9 9 6 9 8 9 15 7 5 6 2 1 3 5 1 2 3 4 2 2 4 1 3 1 0 2 0 1 0 0 0 0 0 0 0 0 0 0 0 1 0 0 0 0 0 0 1 0 0 0 0 0 0 0 0 0 0 0 0 0 0 0 0 0 0 0 0 0 0 0 0 0 0 0 0 0 0 0 0 0 0 0 0 0 0 0 0 0 0 0 0 0 0 0 0 0 0 0 0 0 0 0 0 0 0 0 0 0 0 0 0 0 0 0 0 0 0
K 8 n 1500000 danger 6151 mom 1.6641998879e+06 1.8708647146e+06 2.1383716116e+06 2.4970331687e+06 2.9999520446e+06 3.7468587060e+06 7.0252592944e+06 1.9798409944e+07 9.5826278717e+07 6.9730690502e+09 hist 0 0 0 0 0 0 0 0 0 0 0 0 0 0 0 0 0 0 0 0 0 0 0 0 0 0 0 0 0 0 0 0 0 0 0 0 0 0 0 0 0 0 0 0 0 0 0 0 0 0 0 0 0 0 0 0 0 0 0 0 0 0 0 0 0 0 0 0 0 0 0 0 0 0 0 0 0 0 0 0 0 0 0 0 0 0 0 0 0 0 0 0 0 0 0 0 0 0 0 0 0 0 0 0 0 0 0 0 0 0 0 0 0 0 0 0 0 0 0 0 0 0 0 0 0 0 0 0 0 0 0 0 0 0 0 0 0 0 0 0 0 0 0 0 0 0 0 0 0 0 0 0 0 0 0 0 0 0 0 0 0 0 0 0 0 0 0 0 0 0 0 0 0 0 0 0 0 0 0 0 0 0 0 0 0 0 0 0 0 0 0 0 0 0 0 0 0 0 0 28 298573 112309 119627 120136 95844 98681 92374 76558 63980 56392 42374 39927 32973 31547 26480 22658 19315 18724 15572 15564 13462 11132 9885 8587 7811 6784 5682 4980 4079 3625 3067 2553 2430 1971 1715 1573 1498 1222 1127 1030 860 718 621 528 433 404 363 268 247 201 191 175 140 124 105 95 114 100 58 56 55 28 38 29 26 23 15 27 12 11 8 8 7 11 6 8 5 5 9 5 1 5 1 2 0 1 0 0 0 1 1 0 1 0 0 0 1 0 0 0 0 0 0 0 0 0 0 0 0 0 0 0 0 0 0 0 0 0 0 0 0 0 0 0 0 0 0 0 0 0 0 0 0 0 0 0 0 0 0 0 0 0 0 0 0 0 0 0 0 0 0 0 0 0 0 0 0 0 0 0 0 0 0 0 0 0 0 0 0 0 0 0 0 0 0 0 0 0 0 0 0 0 0 0 0 0 0 0 0 0 0 0 0 0 0 0 0 0 0 0
K 10 n 1500000 danger 2519 mom 1.7090318233e+06 1.9773050870e+06 2.3321588659e+06 2.8197971902e+06 3.5236457475e+06 4.6065011667e+06 9.7601254670e+06 3.3093549712e+07 2.0197404512e+08 2.2921257529e+10 hist 0 0 0 0 0 0 0 0 0 0 0 0 0 0 0 0 0 0 0 0 0 0 0 0 0 0 0 0 0 0 0 0 0 0 0 0 0 0 0 0 0 0 0 0 0 0 0 0 0 0 0 0 0 0 0 0 0 0 0 0 0 0 0 0 0 0 0 0 0 0 0 0 0 0 0 0 0 0 0 0 0 0 0 0 0 0 0 0 0 0 0 0 0 0 0 0 0 0 0 0 0 0 0 0 0 0 0 0 0 0 0 0 0 0 0 0 0 0 0 0 0 0 0 0 0 0 0 0 0 0 0 0 0 0 0 0 0 0 0 0 0 0 0 0 0 0 0 0 0 0 0 0 0 0 0 0 0 0 0 0 0 0 0 0 0 0 0 0 0 0 0 0 0 0 0 0 0 0 0 0 0 0 0 0 0 0 0 0 0 0 0 0 0 0 0 0 0 0 0 1 180511 118565 138173 127673 126013 118120 102039 88553 72163 62329 51425 46698 38564 32358 28463 25065 21955 18550 15719 13448 11645 9930 8070 6696 5728 4825 4050 3402 2894 2562 2170 1819 1586 1353 1088 913 795 602 539 429 397 322 260 267 207 173 144 130 97 79 79 67 53 45 25 24 25 13 12 19 8 11 16 11 3 7 7 2 3 5 0 0 3 0 2 1 0 0 1 0 0 0 1 0 0 0 0 0 0 0 0 0 0 0 0 0 0 0 0 0 0 0 0 0 0 0 0 0 0 0 0 0 0 0 0 0 0 0 0 0 0 0 0 0 0 0 0 0 0 0 0 0 0 0 0 0 0 0 0 0 0 0 0 0 0 0 0 0 0 0 0 0 0 0 0 0 0 0 0 0 0 0 0 0 0 0 0 0 0 0 0 0 0 0 0 0 0 0 0 0 0 0 0 0 0 0 0 0 0 0 0 0 0 0 0 0 0 0 0 0
K 12 n 1500000 danger 1012 mom 1.7553402898e+06 2.0900649309e+06 2.5431189182e+06 3.1817615508e+06 4.1307350784e+06 5.6420319949e+06 1.3428353828e+07 5.4358389958e+07 4.1331552852e+08 6.8948541132e+10 hist 0 0 0 0 0 0 0 0 0 0 0 0 0 0 0 0 0 0 0 0 0 0 0 0 0 0 0 0 0 0 0 0 0 0 0 0 0 0 0 0 0 0 0 0 0 0 0 0 0 0 0 0 0 0 0 0 0 0 0 0 0 0 0 0 0 0 0 0 0 0 0 0 0 0 0 0 0 0 0 0 0 0 0 0 0 0 0 0 0 0 0 0 0 0 0 0 0 0 0 0 0 0 0 0 0 0 0 0 0 0 0 0 0 0 0 0 0 0 0 0 0 0 0 0 0 0 0 0 0 0 0 0 0 0 0 0 0 0 0 0 0 0 0 0 0 0 0 0 0 0 0 0 0 0 0 0 0 0 0 0 0 0 0 0 0 0 0 0 0 0 0 0 0 0 0 0 0 0 0 0 0 0 0 0 0 0 0 0 0 0 0 0 0 0 0 0 0 0 0 0 108065 114314 134262 143141 141969 131046 114779 98712 83257 70849 59452 49178 41739 35664 29786 25111 20788 17305 14500 11724 9692 8011 6459 5230 4424 3694 3026 2554 2093 1721 1335 1088 901 783 603 470 415 322 276 250 183 161 128 110 86 58 55 41 29 28 22 24 22 8 18 8 5 5 3 2 4 2 2 2 1 1 0 1 1 1 0 1 0 0 0 0 0 0 0 0 0 0 0 0 0 0 0 0 0 0 0 0 0 0 0 0 0 0 0 0 0 0 0 0 0 0 0 0 0 0 0 0 0 0 0 0 0 0 0 0 0 0 0 0 0 0 0 0 0 0 0 0 0 0 0 0 0 0 0 0 0 0 0 0 0 0 0 0 0 0 0 0 0 0 0 0 0 0 0 0 0 0 0 0 0 0 0 0 0 0 0 0 0 0 0 0 0 0 0 0 0 0 0 0 0 0 0 0 0 0 0 0 0 0 0 0 0 0 0 0
K 14 n 1500000 danger 396 mom 1.8029425858e+06 2.2090425855e+06 2.7720530883e+06 3.5866662638e+06 4.8323908612e+06 6.8806300234e+06 1.8090746109e+07 8.1699289412e+07 6.7574390504e+08 1.2552068032e+11 hist 0 0 0 0 0 0 0 0 0 0 0 0 0 0 0 0 0 0 0 0 0 0 0 0 0 0 0 0 0 0 0 0 0 0 0 0 0 0 0 0 0 0 0 0 0 0 0 0 0 0 0 0 0 0 0 0 0 0 0 0 0 0 0 0 0 0 0 0 0 0 0 0 0 0 0 0 0 0 0 0 0 0 0 0 0 0 0 0 0 0 0 0 0 0 0 0 0 0 0 0 0 0 0 0 0 0 0 0 0 0 0 0 0 0 0 0 0 0 0 0 0 0 0 0 0 0 0 0 0 0 0 0 0 0 0 0 0 0 0 0 0 0 0 0 0 0 0 0 0 0 0 0 0 0 0 0 0 0 0 0 0 0 0 0 0 0 0 0 0 0 0 0 0 0 0 0 0 0 0 0 0 0 0 0 0 0 0 0 0 0 0 0 0 0 0 0 0 0 0 0 63561 98474 131110 149190 153410 143477 128012 110300 93925 77907 64201 53548 43989 36585 29566 24099 19763 15748 12573 10107 7972 6552 5221 4280 3315 2770 2093 1697 1332 1068 841 674 548 437 352 251 221 173 159 103 78 65 42 53 35 31 20 18 8 12 6 9 2 4 4 2 1 1 1 2 1 0 1 0 0 0 0 0 0 0 0 0 0 0 0 0 0 0 0 0 0 0 0 0 0 0 0 0 0 0 0 0 0 0 0 0 0 0 0 0 0 0 0 0 0 0 0 0 0 0 0 0 0 0 0 0 0 0 0 0 0 0 0 0 0 0 0 0 0 0 0 0 0 0 0 0 0 0 0 0 0 0 0 0 0 0 0 0 0 0 0 0 0 0 0 0 0 0 0 0 0 0 0 0 0 0 0 0 0 0 0 0 0 0 0 0 0 0 0 0 0 0 0 0 0 0 0 0 0 0 0 0 0 0 0 0 0 0 0 0
K 16 n 1500000 danger 169 mom 1.8518710230e+06 2.3346707642e+06 3.0209704045e+06 4.0417236323e+06 5.6535930075e+06 8.4163175441e+06 2.5675747194e+07 1.6804207540e+08 2.5747388352e+09 1.7092726550e+12 hist 0 0 0 0 0 0 0 0 0 0 0 0 0 0 0 0 0 0 0 0 0 0 0 0 0 0 0 0 0 0 0 0 0 0 0 0 0 0 0 0 0 0 0 0 0 0 0 0 0 0 0 0 0 0 0 0 0 0 0 0 0 0 0 0 0 0 0 0 0 0 0 0 0 0 0 0 0 0 0 0 0 0 0 0 0 0 0 0 0 0 0 0 0 0 0 0 0 0 0 0 0 0 0 0 0 0 0 0 0 0 0 0 0 0 0 0 0 0 0 0 0 0 0 0 0 0 0 0 0 0 0 0 0 0 0 0 0 0 0 0 0 0 0 0 0 0 0 0 0 0 0 0 0 0 0 0 0 0 0 0 0 0 0 0 0 0 0 0 0 0 0 0 0 0 0 0 0 0 0 0 0 0 0 0 0 0 0 0 0 0 0 0 0 0 0 0 0 0 0 0 36888 80690 122640 151101 161863 156677 140542 121766 102797 84229 68960 56432 45438 36140 28886 23155 17874 14073 11123 8517 6775 5315 4072 3176 2554 1896 1422 1122 899 691 526 377 331 260 166 135 118 75 82 48 47 38 20 9 19 7 10 3 4 4 1 0 1 1 2 1 0 0 0 1 0 0 1 0 0 0 0 0 0 0 0 0 0 0 0 0 0 0 0 0 0 0 0 0 0 0 0 0 0 0 0 0 0 0 0 0 0 0 0 0 0 0 0 0 0 0 0 0 0 0 0 0 0 0 0 0 0 0 0 0 0 0 0 0 0 0 0 0 0 0 0 0 0 0 0 0 0 0 0 0 0 0 0 0 0 0 0 0 0 0 0 0 0 0 0 0 0 0 0 0 0 0 0 0 0 0 0 0 0 0 0 0 0 0 0 0 0 0 0 0 0 0 0 0 0 0 0 0 0 0 0 0 0 0 0 0 0 0 0 0
K 18 n 1500000 danger 65 mom 1.9022666439e+06 2.4675967868e+06 3.2919666754e+06 4.5521949658e+06 6.6027507926e+06 1.0235415216e+07 3.4352140589e+07 2.4451918550e+08 3.8353297273e+09 2.5031513970e+12 hist 0 0 0 0 0 0 0 0 0 0 0 0 0 0 0 0 0 0 0 0 0 0 0 0 0 0 0 0 0 0 0 0 0 0 0 0 0 0 0 0 0 0 0 0 0 0 0 0 0 0 0 0 0 0 0 0 0 0 0 0 0 0 0 0 0 0 0 0 0 0 0 0 0 0 0 0 0 0 0 0 0 0 0 0 0 0 0 0 0 0 0 0 0 0 0 0 0 0 0 0 0 0 0 0 0 0 0 0 0 0 0 0 0 0 0 0 0 0 0 0 0 0 0 0 0 0 0 0 0 0 0 0 0 0 0 0 0 0 0 0 0 0 0 0 0 0 0 0 0 0 0 0 0 0 0 0 0 0 0 0 0 0 0 0 0 0 0 0 0 0 0 0 0 0 0 0 0 0 0 0 0 0 0 0 0 0 0 0 0 0 0 0 0 0 0 0 0 0 0 0 21390 63472 111583 150194 168024 167305 152818 133066 111111 90667 73017 58195 45884 35905 27912 21277 16415 12461 9625 7316 5492 4130 3213 2372 1783 1324 1024 745 548 458 336 237 156 137 114 79 60 39 30 21 17 11 14 8 4 3 0 2 2 1 0 0 1 0 1 1 0 0 0 0 0 0 0 0 0 0 0 0 0 0 0 0 0 0 0 0 0 0 0 0 0 0 0 0 0 0 0 0 0 0 0 0 0 0 0 0 0 0 0 0 0 0 0 0 0 0 0 0 0 0 0 0 0 0 0 0 0 0 0 0 0 0 0 0 0 0 0 0 0 0 0 0 0 0 0 0 0 0 0 0 0 0 0 0 0 0 0 0 0 0 0 0 0 0 0 0 0 0 0 0 0 0 0 0 0 0 0 0 0 0 0 0 0 0 0 0 0 0 0 0 0 0 0 0 0 0 0 0 0 0 0 0 0 0 0 0 0 0 0 0
K 20 n 1500000 danger 21 mom 1.9541524835e+06 2.6082333319e+06 3.5871893118e+06 5.1262553168e+06 7.7083031459e+06 1.2439831761e+07 4.5927207834e+07 3.5812188732e+08 5.8984815678e+09 4.0947275768e+12 hist 0 0 0 0 0 0 0 0 0 0 0 0 0 0 0 0 0 0 0 0 0 0 0 0 0 0 0 0 0 0 0 0 0 0 0 0 0 0 0 0 0 0 0 0 0 0 0 0 0 0 0 0 0 0 0 0 0 0 0 0 0 0 0 0 0 0 0 0 0 0 0 0 0 0 0 0 0 0 0 0 0 0 0 0 0 0 0 0 0 0 0 0 0 0 0 0 0 0 0 0 0 0 0 0 0 0 0 0 0 0 0 0 0 0 0 0 0 0 0 0 0 0 0 0 0 0 0 0 0 0 0 0 0 0 0 0 0 0 0 0 0 0 0 0 0 0 0 0 0 0 0 0 0 0 0 0 0 0 0 0 0 0 0 0 0 0 0 0 0 0 0 0 0 0 0 0 0 0 0 0 0 0 0 0 0 0 0 0 0 0 0 0 0 0 0 0 0 0 0 0 12130 48041 99411 146066 173382 177570 164689 142908 119644 96167 76234 59332 46132 35332 26573 19636 14775 11150 8203 5905 4492 3311 2412 1761 1295 866 673 560 376 266 201 130 114 78 50 33 30 15 19 17 6 3 3 3 0 3 0 0 1 1 0 1 0 0 0 0 0 0 0 0 0 0 0 0 0 0 0 0 0 0 0 0 0 0 0 0 0 0 0 0 0 0 0 0 0 0 0 0 0 0 0 0 0 0 0 0 0 0 0 0 0 0 0 0 0 0 0 0 0 0 0 0 0 0 0 0 0 0 0 0 0 0 0 0 0 0 0 0 0 0 0 0 0 0 0 0 0 0 0 0 0 0 0 0 0 0 0 0 0 0 0 0 0 0 0 0 0 0 0 0 0 0 0 0 0 0 0 0 0 0 0 0 0 0 0 0 0 0 0 0 0 0 0 0 0 0 0 0 0 0 0 0 0 0 0 0 0 0 0 0
K 24 n 1500000 danger 4 mom 2.0624197374e+06 2.9139672009e+06 4.2576707800e+06 6.4932556008e+06 1.0483964738e+07 1.8332171649e+07 8.3455366279e+07 8.7259764878e+08 1.9495950477e+10 2.3196524670e+13 hist 0 0 0 0 0 0 0 0 0 0 0 0 0 0 0 0 0 0 0 0 0 0 0 0 0 0 0 0 0 0 0 0 0 0 0 0 0 0 0 0 0 0 0 0 0 0 0 0 0 0 0 0 0 0 0 0 0 0 0 0 0 0 0 0 0 0 0 0 0 0 0 0 0 0 0 0 0 0 0 0 0 0 0 0 0 0 0 0 0 0 0 0 0 0 0 0 0 0 0 0 0 0 0 0 0 0 0 0 0 0 0 0 0 0 0 0 0 0 0 0 0 0 0 0 0 0 0 0 0 0 0 0 0 0 0 0 0 0 0 0 0 0 0 0 0 0 0 0 0 0 0 0 0 0 0 0 0 0 0 0 0 0 0 0 0 0 0 0 0 0 0 0 0 0 0 0 0 0 0 0 0 0 0 0 0 0 0 0 0 0 0 0 0 0 0 0 0 0 0 0 3623 25874 74054 133592 177711 194832 186455 164004 133975 105930 81839 61076 45225 32483 23416 16699 11740 8319 5863 4136 2878 1929 1285 917 690 458 326 214 154 91 68 43 25 29 14 10 8 6 4 1 1 0 1 1 0 1 0 0 0 0 0 0 0 0 0 0 0 0 0 0 0 0 0 0 0 0 0 0 0 0 0 0 0 0 0 0 0 0 0 0 0 0 0 0 0 0 0 0 0 0 0 0 0 0 0 0 0 0 0 0 0 0 0 0 0 0 0 0 0 0 0 0 0 0 0 0 0 0 0 0 0 0 0 0 0 0 0 0 0 0 0 0 0 0 0 0 0 0 0 0 0 0 0 0 0 0 0 0 0 0 0 0 0 0 0 0 0 0 0 0 0 0 0 0 0 0 0 0 0 0 0 0 0 0 0 0 0 0 0 0 0 0 0 0 0 0 0 0 0 0 0 0 0 0 0 0 0 0 0 0
