# Kmax=24 n=1500000 eta=1/54 Zmax=117 b0=97
K 2 n 1500000 danger 93944 mom 1.5378712580e+06 1.5839192660e+06 1.6407111404e+06 1.7118521165e+06 1.8024918581e+06 1.9201116402e+06 2.2860224213e+06 2.9851256701e+06 4.4387367244e+06 1.5532172702e+07 hist 0 0 0 0 0 0 0 0 0 0 0 0 0 0 0 0 0 0 0 0 0 0 0 0 0 0 0 0 0 0 0 0 0 0 0 0 0 0 0 0 0 0 0 0 0 0 0 0 0 0 0 0 0 0 0 0 0 0 0 0 0 0 0 0 0 0 0 0 0 0 0 0 0 0 0 0 0 0 0 0 0 0 0 0 0 0 0 0 0 0 0 0 0 0 0 0 0 0 0 0 0 0 0 0 0 0 0 0 0 0 0 0 0 0 0 0 0 0 0 0 0 0 0 0 0 0 0 0 0 0 0 0 0 0 0 0 0 0 0 0 0 0 0 0 0 0 0 0 0 0 0 0 0 0 0 0 0 0 0 0 0 0 0 0 0 0 0 0 0 0 0 0 0 0 0 0 0 0 0 0 0 0 0 0 0 0 0 0 0 0 0 0 0 0 0 0 0 0 0 274957 850431 47820 6492 30593 8979 10431 4936 14491 11195 520 6652 438 22586 9047 1961 0 0 0 0 6978 13705 30 14054 683 26718 2144 13887 2516 441 202 5813 7169 200 2885 3400 204 0 3498 0 0 366 1309 0 917 7424 419 0 10325 664 0 0 0 0 3528 0 22059 654 117 459 0 0 1348 4679 0 190 704 477 414 647 210 368 11248 225 0 0 448 5444 330 4640 3137 274 1239 135 208 0 636 0 0 105 331 0 205 296 106 0 0 0 0 675 2460 225 0 0 0 111 0 351 0 0 40 169 0 94 55 59 0 362 0 0 0 0 0 0 0 0 0 0 0 0 0 1310 0 0 0 0 0 0 0 0 0 216 0 0 0 0 680 0 0 0 0 0 107 349 0 0 41 159 14 133 49 0 0 0 0 0 0 0 0 0 0 0 0 0 0 0 0 0 0 0 0 0 0 0 0 0 0 0 0 0 0 0 0 0 0 0 0 0 0 0 0
K 4 n 1500000 danger 36328 mom 1.5783735909e+06 1.6740606677e+06 1.7934227386e+06 1.9462078729e+06 2.1479706921e+06 2.4246734836e+06 3.4233165416e+06 6.0612725045e+06 1.5228819578e+07 2.7926707954e+08 hist 0 0 0 0 0 0 0 0 0 0 0 0 0 0 0 0 0 0 0 0 0 0 0 0 0 0 0 0 0 0 0 0 0 0 0 0 0 0 0 0 0 0 0 0 0 0 0 0 0 0 0 0 0 0 0 0 0 0 0 0 0 0 0 0 0 0 0 0 0 0 0 0 0 0 0 0 0 0 0 0 0 0 0 0 0 0 0 0 0 0 0 0 0 0 0 0 0 0 0 0 0 0 0 0 0 0 0 0 0 0 0 0 0 0 0 0 0 0 0 0 0 0 0 0 0 0 0 0 0 0 0 0 0 0 0 0 0 0 0 0 0 0 0 0 0 0 0 0 0 0 0 0 0 0 0 0 0 0 0 0 0 0 0 0 0 0 0 0 0 0 0 0 0 0 0 0 0 0 0 0 0 0 0 0 0 0 0 0 0 0 0 0 0 0 0 0 0 0 0 926 764529 59573 61215 32950 35073 41178 45186 39956 28289 25976 35422 17136 27960 34837 16710 25053 7817 14280 15051 6762 7904 6496 13038 11708 4074 5857 6879 15720 5131 4823 3243 5685 3425 3756 1732 11184 2717 2688 5168 6565 3077 2147 1969 2115 2300 1564 2054 1814 700 3032 1279 794 781 1063 921 471 521 769 524 566 584 273 234 251 287 1103 324 107 288 283 197 443 564 168 129 207 339 143 316 192 134 94 59 43 86 56 73 112 29 37 32 31 151 27 9 28 28 9 31 29 10 10 33 1 67 3 12 3 27 0 22 30 3 10 17 2 3 17 24 2 5 1 3 3 3 0 1 0 3 1 0 0 3 1 8 0 0 0 1 0 0 0 0 0 4 0 0 1 0 2 0 0 0 0 0 1 0 0 0 0 0 0 0 0 0 0 0 0 0 0 0 0 0 0 0 0 0 0 0 0 0 0 0 0 0 0 0 0 0 0 0 0 0 0 0 0 0 0 0 0
K 6 n 1500000 danger 14735 mom 1.6203849071e+06 1.7692537942e+06 1.9580875795e+06 2.2053478350e+06 2.5424878664e+06 3.0269049406e+06 5.0211406784e+06 1.2189179224e+07 5.2440271935e+07 3.3564446705e+09 hist 0 0 0 0 0 0 0 0 0 0 0 0 0 0 0 0 0 0 0 0 0 0 0 0 0 0 0 0 0 0 0 0 0 0 0 0 0 0 0 0 0 0 0 0 0 0 0 0 0 0 0 0 0 0 0 0 0 0 0 0 0 0 0 0 0 0 0 0 0 0 0 0 0 0 0 0 0 0 0 0 0 0 0 0 0 0 0 0 0 0 0 0 0 0 0 0 0 0 0 0 0 0 0 0 0 0 0 0 0 0 0 0 0 0 0 0 0 0 0 0 0 0 0 0 0 0 0 0 0 0 0 0 0 0 0 0 0 0 0 0 0 0 0 0 0 0 0 0 0 0 0 0 0 0 0 0 0 0 0 0 0 0 0 0 0 0 0 0 0 0 0 0 0 0 0 0 0 0 0 0 0 0 0 0 0 0 0 0 0 0 0 0 0 0 0 0 0 0 0 158 481752 106863 72081 80504 94725 72084 56248 54917 60769 53769 39649 34657 32293 22137 22425 21052 14916 14444 20966 12713 12873 9233 9010 11310 7951 8945 8941 7072 5513 5519 4461 4569 3731 4241 2490 2782 2282 1873 1800 1547 1567 1048 849 1389 936 779 784 726 869 539 600 485 550 501 315 265 257 232 220 175 163 226 115 108 104 77 79 71 86 95 54 52 38 39 43 22 40 17 32 27 10 15 18 12 10 7 8 6 6 8 6 5 3 1 4 3 6 3 4 4 5 2 2 3 0 1 0 2 1 0 0 1 0 0 0 1 0 1 0 2 0 0 1 0 0 0 0 0 0 0 0 0 0 0 0 0 0 0 0 0 0 0 0 0 0 0 0 0 0 0 0 0 0 0 0 0 0 0 0 0 0 0 0 0 0 0 0 0 0 0 0 0 0 0 0 0 0 0 0 0 0 0 0 0 0 0 0 0 0 0 0 0 0 0 0 0 0 0 0 0
K 8 n 1500000 danger 6095 mom 1.6638328897e+06 1.8698616250e+06 2.1362999119e+06 2.4932522079e+06 2.9937369279e+06 3.7383378120e+06 7.0483623540e+06 2.0464558220e+07 1.0472551830e+08 8.2032490036e+09 hist 0 0 0 0 0 0 0 0 0 0 0 0 0 0 0 0 0 0 0 0 0 0 0 0 0 0 0 0 0 0 0 0 0 0 0 0 0 0 0 0 0 0 0 0 0 0 0 0 0 0 0 0 0 0 0 0 0 0 0 0 0 0 0 0 0 0 0 0 0 0 0 0 0 0 0 0 0 0 0 0 0 0 0 0 0 0 0 0 0 0 0 0 0 0 0 0 0 0 0 0 0 0 0 0 0 0 0 0 0 0 0 0 0 0 0 0 0 0 0 0 0 0 0 0 0 0 0 0 0 0 0 0 0 0 0 0 0 0 0 0 0 0 0 0 0 0 0 0 0 0 0 0 0 0 0 0 0 0 0 0 0 0 0 0 0 0 0 0 0 0 0 0 0 0 0 0 0 0 0 0 0 0 0 0 0 0 0 0 0 0 0 0 0 0 0 0 0 0 0 26 298795 112356 119019 119873 96429 98764 93045 76109 64044 56479 42355 40492 32586 31448 26668 22865 19493 18597 15654 15719 13205 10989 10086 8683 7679 6574 5641 4775 3997 3514 3121 2509 2380 2010 1657 1527 1425 1184 1064 1069 838 670 600 564 464 385 383 297 224 215 195 171 184 116 100 100 69 59 65 54 51 35 35 27 25 13 15 14 12 11 14 7 12 9 4 11 5 9 6 7 4 0 2 5 2 2 0 1 1 0 0 2 0 0 0 0 0 1 0 0 0 0 0 0 0 0 0 0 0 0 0 0 0 0 0 0 0 0 0 0 0 0 0 0 0 0 0 0 0 0 0 0 0 0 0 0 0 0 0 0 0 0 0 0 0 0 0 0 0 0 0 0 0 0 0 0 0 0 0 0 0 0 0 0 0 0 0 0 0 0 0 0 0 0 0 0 0 0 0 0 0 0 0 0 0 0 0 0 0 0 0 0 0 0 0 0 0 0 0 0
K 10 n 1500000 danger 2424 mom 1.7086842057e+06 1.9762684600e+06 2.3298049075e+06 2.8149779505e+06 3.5143219090e+06 4.5893268259e+06 9.7174369077e+06 3.3174484162e+07 2.0371357632e+08 2.1759790404e+10 hist 0 0 0 0 0 0 0 0 0 0 0 0 0 0 0 0 0 0 0 0 0 0 0 0 0 0 0 0 0 0 0 0 0 0 0 0 0 0 0 0 0 0 0 0 0 0 0 0 0 0 0 0 0 0 0 0 0 0 0 0 0 0 0 0 0 0 0 0 0 0 0 0 0 0 0 0 0 0 0 0 0 0 0 0 0 0 0 0 0 0 0 0 0 0 0 0 0 0 0 0 0 0 0 0 0 0 0 0 0 0 0 0 0 0 0 0 0 0 0 0 0 0 0 0 0 0 0 0 0 0 0 0 0 0 0 0 0 0 0 0 0 0 0 0 0 0 0 0 0 0 0 0 0 0 0 0 0 0 0 0 0 0 0 0 0 0 0 0 0 0 0 0 0 0 0 0 0 0 0 0 0 0 0 0 0 0 0 0 0 0 0 0 0 0 0 0 0 0 0 3 180867 118143 137719 127668 126022 118234 102539 88368 71996 62801 52003 46566 38752 32286 28486 25358 21830 18366 15837 13634 11365 9758 8016 6736 5661 4721 4065 3231 2892 2373 2185 1821 1571 1284 1075 920 766 684 517 457 369 362 280 230 186 154 121 127 99 83 71 66 32 35 28 19 29 19 14 11 17 11 12 9 9 5 6 2 3 1 4 0 4 2 0 0 2 0 0 1 1 0 0 0 0 0 0 0 0 0 0 0 0 0 0 0 0 0 0 0 0 0 0 0 0 0 0 0 0 0 0 0 0 0 0 0 0 0 0 0 0 0 0 0 0 0 0 0 0 0 0 0 0 0 0 0 0 0 0 0 0 0 0 0 0 0 0 0 0 0 0 0 0 0 0 0 0 0 0 0 0 0 0 0 0 0 0 0 0 0 0 0 0 0 0 0 0 0 0 0 0 0 0 0 0 0 0 0 0 0 0 0 0 0 0 0 0 0 0 0
K 12 n 1500000 danger 958 mom 1.7548854956e+06 2.0887729470e+06 2.5403297541e+06 3.1764348982e+06 4.1217448043e+06 5.6309342933e+06 1.3564226177e+07 5.8553200853e+07 5.1076626790e+08 1.2226842734e+11 hist 0 0 0 0 0 0 0 0 0 0 0 0 0 0 0 0 0 0 0 0 0 0 0 0 0 0 0 0 0 0 0 0 0 0 0 0 0 0 0 0 0 0 0 0 0 0 0 0 0 0 0 0 0 0 0 0 0 0 0 0 0 0 0 0 0 0 0 0 0 0 0 0 0 0 0 0 0 0 0 0 0 0 0 0 0 0 0 0 0 0 0 0 0 0 0 0 0 0 0 0 0 0 0 0 0 0 0 0 0 0 0 0 0 0 0 0 0 0 0 0 0 0 0 0 0 0 0 0 0 0 0 0 0 0 0 0 0 0 0 0 0 0 0 0 0 0 0 0 0 0 0 0 0 0 0 0 0 0 0 0 0 0 0 0 0 0 0 0 0 0 0 0 0 0 0 0 0 0 0 0 0 0 0 0 0 0 0 0 0 0 0 0 0 0 0 0 0 0 0 0 108604 113641 134134 142960 142652 131362 115114 98432 83468 71023 58988 49460 41985 35346 29823 24957 20946 17391 14477 11814 9411 7840 6321 5298 4257 3691 3010 2404 2072 1694 1375 1068 872 757 655 496 416 335 266 227 178 154 112 104 68 49 49 43 36 22 32 21 15 14 12 9 4 6 6 2 9 3 2 2 3 0 0 0 1 1 0 0 0 0 0 1 0 0 0 0 0 0 0 0 0 0 0 0 0 0 0 0 0 0 0 0 0 0 0 0 0 0 0 0 0 0 0 0 0 0 0 0 0 0 0 0 0 0 0 0 0 0 0 0 0 0 0 0 0 0 0 0 0 0 0 0 0 0 0 0 0 0 0 0 0 0 0 0 0 0 0 0 0 0 0 0 0 0 0 0 0 0 0 0 0 0 0 0 0 0 0 0 0 0 0 0 0 0 0 0 0 0 0 0 0 0 0 0 0 0 0 0 0 0 0 0 0 0 0 0
K 14 n 1500000 danger 392 mom 1.8024666762e+06 2.2076110289e+06 2.7687202735e+06 3.5795405427e+06 4.8176710812e+06 6.8509500959e+06 1.8004205790e+07 8.2735857670e+07 7.2176121329e+08 1.6064716967e+11 hist 0 0 0 0 0 0 0 0 0 0 0 0 0 0 0 0 0 0 0 0 0 0 0 0 0 0 0 0 0 0 0 0 0 0 0 0 0 0 0 0 0 0 0 0 0 0 0 0 0 0 0 0 0 0 0 0 0 0 0 0 0 0 0 0 0 0 0 0 0 0 0 0 0 0 0 0 0 0 0 0 0 0 0 0 0 0 0 0 0 0 0 0 0 0 0 0 0 0 0 0 0 0 0 0 0 0 0 0 0 0 0 0 0 0 0 0 0 0 0 0 0 0 0 0 0 0 0 0 0 0 0 0 0 0 0 0 0 0 0 0 0 0 0 0 0 0 0 0 0 0 0 0 0 0 0 0 0 0 0 0 0 0 0 0 0 0 0 0 0 0 0 0 0 0 0 0 0 0 0 0 0 0 0 0 0 0 0 0 0 0 0 0 0 0 0 0 0 0 0 0 64029 98442 130787 149317 153102 143945 128050 110427 93798 77893 64817 53353 44177 36175 29528 24282 19724 15742 12719 9707 8086 6483 5211 4048 3247 2675 2037 1682 1307 1057 891 672 527 447 347 274 221 164 122 96 86 58 45 38 39 34 19 16 10 15 5 7 6 1 4 1 2 3 0 1 0 1 0 0 1 0 0 0 0 0 0 0 0 0 0 0 0 0 0 0 0 0 0 0 0 0 0 0 0 0 0 0 0 0 0 0 0 0 0 0 0 0 0 0 0 0 0 0 0 0 0 0 0 0 0 0 0 0 0 0 0 0 0 0 0 0 0 0 0 0 0 0 0 0 0 0 0 0 0 0 0 0 0 0 0 0 0 0 0 0 0 0 0 0 0 0 0 0 0 0 0 0 0 0 0 0 0 0 0 0 0 0 0 0 0 0 0 0 0 0 0 0 0 0 0 0 0 0 0 0 0 0 0 0 0 0 0 0 0 0
K 16 n 1500000 danger 148 mom 1.8513823465e+06 2.3331176513e+06 3.0170014751e+06 4.0317181694e+06 5.6258323973e+06 8.3243724522e+06 2.3924128145e+07 1.1926492104e+08 1.0781693554e+09 2.3210561887e+11 hist 0 0 0 0 0 0 0 0 0 0 0 0 0 0 0 0 0 0 0 0 0 0 0 0 0 0 0 0 0 0 0 0 0 0 0 0 0 0 0 0 0 0 0 0 0 0 0 0 0 0 0 0 0 0 0 0 0 0 0 0 0 0 0 0 0 0 0 0 0 0 0 0 0 0 0 0 0 0 0 0 0 0 0 0 0 0 0 0 0 0 0 0 0 0 0 0 0 0 0 0 0 0 0 0 0 0 0 0 0 0 0 0 0 0 0 0 0 0 0 0 0 0 0 0 0 0 0 0 0 0 0 0 0 0 0 0 0 0 0 0 0 0 0 0 0 0 0 0 0 0 0 0 0 0 0 0 0 0 0 0 0 0 0 0 0 0 0 0 0 0 0 0 0 0 0 0 0 0 0 0 0 0 0 0 0 0 0 0 0 0 0 0 0 0 0 0 0 0 0 0 37456 80332 122466 151340 161768 156696 140647 121411 102748 84996 69511 55902 45353 36130 29058 22924 18025 14004 11001 8634 6631 5101 4006 3144 2472 1901 1419 1111 867 694 494 435 311 229 193 150 101 70 60 61 38 23 21 18 9 12 8 2 4 3 2 3 3 1 0 0 1 0 0 0 0 0 0 0 0 0 0 0 0 0 0 0 0 0 0 0 0 0 0 0 0 0 0 0 0 0 0 0 0 0 0 0 0 0 0 0 0 0 0 0 0 0 0 0 0 0 0 0 0 0 0 0 0 0 0 0 0 0 0 0 0 0 0 0 0 0 0 0 0 0 0 0 0 0 0 0 0 0 0 0 0 0 0 0 0 0 0 0 0 0 0 0 0 0 0 0 0 0 0 0 0 0 0 0 0 0 0 0 0 0 0 0 0 0 0 0 0 0 0 0 0 0 0 0 0 0 0 0 0 0 0 0 0 0 0 0 0 0 0 0
K 18 n 1500000 danger 59 mom 1.9019051125e+06 2.4662956039e+06 3.2882700686e+06 4.5419729227e+06 6.5719497279e+06 1.0125841805e+07 3.2055000657e+07 1.7753244628e+08 1.7316409624e+09 3.9296522594e+11 hist 0 0 0 0 0 0 0 0 0 0 0 0 0 0 0 0 0 0 0 0 0 0 0 0 0 0 0 0 0 0 0 0 0 0 0 0 0 0 0 0 0 0 0 0 0 0 0 0 0 0 0 0 0 0 0 0 0 0 0 0 0 0 0 0 0 0 0 0 0 0 0 0 0 0 0 0 0 0 0 0 0 0 0 0 0 0 0 0 0 0 0 0 0 0 0 0 0 0 0 0 0 0 0 0 0 0 0 0 0 0 0 0 0 0 0 0 0 0 0 0 0 0 0 0 0 0 0 0 0 0 0 0 0 0 0 0 0 0 0 0 0 0 0 0 0 0 0 0 0 0 0 0 0 0 0 0 0 0 0 0 0 0 0 0 0 0 0 0 0 0 0 0 0 0 0 0 0 0 0 0 0 0 0 0 0 0 0 0 0 0 0 0 0 0 0 0 0 0 0 0 21418 63156 111670 150218 168069 167056 152906 133273 111453 90999 73108 58139 45493 36261 27916 21270 16356 12476 9574 7192 5382 4081 3197 2257 1779 1302 1046 745 557 418 308 221 177 133 100 92 52 40 35 16 14 9 11 5 6 5 2 4 2 0 1 0 0 0 0 0 0 0 0 0 0 0 0 0 0 0 0 0 0 0 0 0 0 0 0 0 0 0 0 0 0 0 0 0 0 0 0 0 0 0 0 0 0 0 0 0 0 0 0 0 0 0 0 0 0 0 0 0 0 0 0 0 0 0 0 0 0 0 0 0 0 0 0 0 0 0 0 0 0 0 0 0 0 0 0 0 0 0 0 0 0 0 0 0 0 0 0 0 0 0 0 0 0 0 0 0 0 0 0 0 0 0 0 0 0 0 0 0 0 0 0 0 0 0 0 0 0 0 0 0 0 0 0 0 0 0 0 0 0 0 0 0 0 0 0 0 0 0 0 0
K 20 n 1500000 danger 27 mom 1.9539030850e+06 2.6071593437e+06 3.5836041739e+06 5.1147544571e+06 7.6689823313e+06 1.2287375892e+07 4.2550426255e+07 2.5873253992e+08 2.7168838646e+09 6.7921256955e+11 hist 0 0 0 0 0 0 0 0 0 0 0 0 0 0 0 0 0 0 0 0 0 0 0 0 0 0 0 0 0 0 0 0 0 0 0 0 0 0 0 0 0 0 0 0 0 0 0 0 0 0 0 0 0 0 0 0 0 0 0 0 0 0 0 0 0 0 0 0 0 0 0 0 0 0 0 0 0 0 0 0 0 0 0 0 0 0 0 0 0 0 0 0 0 0 0 0 0 0 0 0 0 0 0 0 0 0 0 0 0 0 0 0 0 0 0 0 0 0 0 0 0 0 0 0 0 0 0 0 0 0 0 0 0 0 0 0 0 0 0 0 0 0 0 0 0 0 0 0 0 0 0 0 0 0 0 0 0 0 0 0 0 0 0 0 0 0 0 0 0 0 0 0 0 0 0 0 0 0 0 0 0 0 0 0 0 0 0 0 0 0 0 0 0 0 0 0 0 0 0 0 12026 48024 99552 146030 172954 177069 165050 143554 119612 96558 76314 59214 46246 35042 26589 19943 14742 10889 8202 6040 4439 3164 2336 1744 1300 929 645 475 381 254 186 145 105 69 52 38 23 15 17 6 8 6 6 3 3 1 0 0 0 0 0 0 0 0 0 0 0 0 0 0 0 0 0 0 0 0 0 0 0 0 0 0 0 0 0 0 0 0 0 0 0 0 0 0 0 0 0 0 0 0 0 0 0 0 0 0 0 0 0 0 0 0 0 0 0 0 0 0 0 0 0 0 0 0 0 0 0 0 0 0 0 0 0 0 0 0 0 0 0 0 0 0 0 0 0 0 0 0 0 0 0 0 0 0 0 0 0 0 0 0 0 0 0 0 0 0 0 0 0 0 0 0 0 0 0 0 0 0 0 0 0 0 0 0 0 0 0 0 0 0 0 0 0 0 0 0 0 0 0 0 0 0 0 0 0 0 0 0 0 0
K 24 n 1500000 danger 1 mom 2.0621585981e+06 2.9128678814e+06 4.2537970302e+06 6.4793302032e+06 1.0428567177e+07 1.8080426121e+07 7.6183277234e+07 6.0608459765e+08 8.8541574545e+09 4.7907623374e+12 hist 0 0 0 0 0 0 0 0 0 0 0 0 0 0 0 0 0 0 0 0 0 0 0 0 0 0 0 0 0 0 0 0 0 0 0 0 0 0 0 0 0 0 0 0 0 0 0 0 0 0 0 0 0 0 0 0 0 0 0 0 0 0 0 0 0 0 0 0 0 0 0 0 0 0 0 0 0 0 0 0 0 0 0 0 0 0 0 0 0 0 0 0 0 0 0 0 0 0 0 0 0 0 0 0 0 0 0 0 0 0 0 0 0 0 0 0 0 0 0 0 0 0 0 0 0 0 0 0 0 0 0 0 0 0 0 0 0 0 0 0 0 0 0 0 0 0 0 0 0 0 0 0 0 0 0 0 0 0 0 0 0 0 0 0 0 0 0 0 0 0 0 0 0 0 0 0 0 0 0 0 0 0 0 0 0 0 0 0 0 0 0 0 0 0 0 0 0 0 0 0 3586 25906 74340 133456 177893 194923 185769 163722 134586 106082 81690 61375 45037 32401 23576 16612 11802 8422 5819 3914 2850 1937 1320 913 648 454 323 208 149 96 54 37 30 23 20 8 6 4 8 0 0 0 1 0 0 0 0 0 0 0 0 0 0 0 0 0 0 0 0 0 0 0 0 0 0 0 0 0 0 0 0 0 0 0 0 0 0 0 0 0 0 0 0 0 0 0 0 0 0 0 0 0 0 0 0 0 0 0 0 0 0 0 0 0 0 0 0 0 0 0 0 0 0 0 0 0 0 0 0 0 0 0 0 0 0 0 0 0 0 0 0 0 0 0 0 0 0 0 0 0 0 0 0 0 0 0 0 0 0 0 0 0 0 0 0 0 0 0 0 0 0 0 0 0 0 0 0 0 0 0 0 0 0 0 0 0 0 0 0 0 0 0 0 0 0 0 0 0 0 0 0 0 0 0 0 0 0 0 0 0
