# Kmax=24 n=1500000 eta=1/108 Zmax=117 b0=97
K 2 n 1500000 danger 47288 mom 1.5189954436e+06 1.5420912149e+06 1.5705811330e+06 1.6062858147e+06 1.6518112563e+06 1.7109515606e+06 1.8953704781e+06 2.2490973889e+06 2.9878911432e+06 8.6676292957e+06 hist 0 0 0 0 0 0 0 0 0 0 0 0 0 0 0 0 0 0 0 0 0 0 0 0 0 0 0 0 0 0 0 0 0 0 0 0 0 0 0 0 0 0 0 0 0 0 0 0 0 0 0 0 0 0 0 0 0 0 0 0 0 0 0 0 0 0 0 0 0 0 0 0 0 0 0 0 0 0 0 0 0 0 0 0 0 0 0 0 0 0 0 0 0 0 0 0 0 0 0 0 0 0 0 0 0 0 0 0 0 0 0 0 0 0 0 0 0 0 0 0 0 0 0 0 0 0 0 0 0 0 0 0 0 0 0 0 0 0 0 0 0 0 0 0 0 0 0 0 0 0 0 0 0 0 0 0 0 0 0 0 0 0 0 0 0 0 0 0 0 0 0 0 0 0 0 0 0 0 0 0 0 0 0 0 0 0 0 0 0 0 0 0 0 0 0 0 0 0 0 681021 628266 25480 3370 16123 4731 5028 2447 7860 5899 180 3565 0 11782 3897 841 0 0 0 0 3526 6940 0 7564 128 14448 960 7083 354 0 0 2888 3506 66 1531 1588 0 0 1640 0 0 208 707 0 424 3664 238 0 5519 102 0 0 0 0 1716 0 11815 112 0 424 0 108 706 2000 0 99 343 0 207 185 54 201 5786 0 105 98 0 2987 48 2265 1647 0 635 21 97 0 336 0 0 60 149 0 107 162 45 0 0 0 0 349 1303 6 0 0 0 62 0 182 0 0 21 99 0 61 28 13 0 209 0 0 0 0 0 0 0 0 0 0 0 0 0 694 0 0 0 0 0 0 0 0 0 89 0 0 0 0 362 0 0 0 0 0 35 163 0 0 24 97 13 72 26 0 0 0 0 0 0 0 0 0 0 0 0 0 0 0 0 0 0 0 0 0 0 0 0 0 0 0 0 0 0 0 0 0 0 0 0 0 0 0 0
K 4 n 1500000 danger 14702 mom 1.5391032236e+06 1.5862950569e+06 1.6444836498e+06 1.7181345320e+06 1.8144137912e+06 1.9454074706e+06 2.4167569855e+06 3.6921116768e+06 8.4292419571e+06 1.7425605824e+08 hist 0 0 0 0 0 0 0 0 0 0 0 0 0 0 0 0 0 0 0 0 0 0 0 0 0 0 0 0 0 0 0 0 0 0 0 0 0 0 0 0 0 0 0 0 0 0 0 0 0 0 0 0 0 0 0 0 0 0 0 0 0 0 0 0 0 0 0 0 0 0 0 0 0 0 0 0 0 0 0 0 0 0 0 0 0 0 0 0 0 0 0 0 0 0 0 0 0 0 0 0 0 0 0 0 0 0 0 0 0 0 0 0 0 0 0 0 0 0 0 0 0 0 0 0 0 0 0 0 0 0 0 0 0 0 0 0 0 0 0 0 0 0 0 0 0 0 0 0 0 0 0 0 0 0 0 0 0 0 0 0 0 0 0 0 0 0 0 0 0 0 0 0 0 0 0 0 0 0 0 0 0 0 0 0 0 0 0 0 0 0 0 0 0 0 0 0 0 0 0 3877 1085954 39236 40618 20640 22524 26627 28474 25082 15669 12609 18820 8087 15756 19244 6116 13420 2925 7292 6801 2273 3824 2629 6589 6584 1275 2128 3425 9988 1684 2009 1677 2359 1391 1669 436 6568 923 1111 2994 3991 1269 690 765 662 1056 498 858 641 157 1693 450 200 287 497 279 178 193 258 231 220 252 68 48 110 95 649 90 27 127 142 96 230 338 55 56 86 191 65 156 102 65 36 20 12 47 10 25 65 4 31 7 1 105 8 7 13 10 0 17 9 3 0 16 0 20 4 1 1 12 0 6 19 1 9 12 0 1 7 10 0 5 0 1 2 0 1 0 0 0 2 0 0 1 0 7 0 0 0 0 0 0 1 0 0 0 0 0 0 0 0 0 0 1 0 1 0 1 0 0 0 0 0 0 0 0 0 0 0 0 0 0 0 0 0 0 0 0 0 0 0 0 0 0 0 0 0 0 0 0 0 0 0 0 0 0 0 0 0 0 0
K 6 n 1500000 danger 5692 mom 1.5597407086e+06 1.6317432737e+06 1.7206351268e+06 1.8337595178e+06 1.9834200764e+06 2.1915262321e+06 2.9925924560e+06 5.5001587956e+06 1.6697077547e+07 5.3000864019e+08 hist 0 0 0 0 0 0 0 0 0 0 0 0 0 0 0 0 0 0 0 0 0 0 0 0 0 0 0 0 0 0 0 0 0 0 0 0 0 0 0 0 0 0 0 0 0 0 0 0 0 0 0 0 0 0 0 0 0 0 0 0 0 0 0 0 0 0 0 0 0 0 0 0 0 0 0 0 0 0 0 0 0 0 0 0 0 0 0 0 0 0 0 0 0 0 0 0 0 0 0 0 0 0 0 0 0 0 0 0 0 0 0 0 0 0 0 0 0 0 0 0 0 0 0 0 0 0 0 0 0 0 0 0 0 0 0 0 0 0 0 0 0 0 0 0 0 0 0 0 0 0 0 0 0 0 0 0 0 0 0 0 0 0 0 0 0 0 0 0 0 0 0 0 0 0 0 0 0 0 0 0 0 0 0 0 0 0 0 0 0 0 0 0 0 0 0 0 0 0 0 1919 874682 93975 55882 65059 74793 46772 31341 29259 36003 27605 19057 16903 14467 8152 10522 10029 5120 6026 13070 4263 6114 3164 3690 6259 3106 4628 4651 2884 1922 2153 1502 1757 1228 2092 679 1086 762 575 631 526 520 262 271 712 282 259 360 338 435 196 265 189 268 181 93 88 116 77 89 62 47 110 45 36 31 31 24 17 38 37 17 12 17 9 23 14 21 7 12 11 9 4 4 4 4 1 7 3 5 7 2 2 1 1 2 2 2 1 0 1 1 2 1 0 2 1 0 0 0 1 0 0 0 0 0 0 0 0 0 0 0 0 0 0 0 0 0 0 0 0 0 0 0 0 0 0 0 0 0 0 0 0 0 0 0 0 0 0 0 0 0 0 0 0 0 0 0 0 0 0 0 0 0 0 0 0 0 0 0 0 0 0 0 0 0 0 0 0 0 0 0 0 0 0 0 0 0 0 0 0 0 0 0 0 0 0 0 0 0 0
K 8 n 1500000 danger 1953 mom 1.5807022114e+06 1.6782440973e+06 1.7992029789e+06 1.9542644695e+06 2.1619545073e+06 2.4568935882e+06 3.6738507069e+06 8.1821793562e+06 3.3815336555e+07 1.9214154038e+09 hist 0 0 0 0 0 0 0 0 0 0 0 0 0 0 0 0 0 0 0 0 0 0 0 0 0 0 0 0 0 0 0 0 0 0 0 0 0 0 0 0 0 0 0 0 0 0 0 0 0 0 0 0 0 0 0 0 0 0 0 0 0 0 0 0 0 0 0 0 0 0 0 0 0 0 0 0 0 0 0 0 0 0 0 0 0 0 0 0 0 0 0 0 0 0 0 0 0 0 0 0 0 0 0 0 0 0 0 0 0 0 0 0 0 0 0 0 0 0 0 0 0 0 0 0 0 0 0 0 0 0 0 0 0 0 0 0 0 0 0 0 0 0 0 0 0 0 0 0 0 0 0 0 0 0 0 0 0 0 0 0 0 0 0 0 0 0 0 0 0 0 0 0 0 0 0 0 0 0 0 0 0 0 0 0 0 0 0 0 0 0 0 0 0 0 0 0 0 0 0 1056 704931 126518 125910 109316 64555 66987 59019 38557 30391 25318 15905 18801 12603 16000 10399 9430 7367 8599 6066 7778 5209 3856 3604 2992 2998 2026 1977 1468 1229 1085 882 707 933 618 586 542 605 384 408 432 269 212 188 162 122 104 161 88 80 78 56 73 52 34 29 35 20 28 20 21 17 12 14 7 8 6 7 8 5 4 3 4 2 2 1 5 4 1 1 3 0 1 1 1 1 0 1 2 0 0 0 0 0 0 0 0 0 0 0 0 0 0 0 0 0 0 0 0 0 0 0 0 0 0 0 0 0 0 0 0 0 0 0 0 0 0 0 0 0 0 0 0 0 0 0 0 0 0 0 0 0 0 0 0 0 0 0 0 0 0 0 0 0 0 0 0 0 0 0 0 0 0 0 0 0 0 0 0 0 0 0 0 0 0 0 0 0 0 0 0 0 0 0 0 0 0 0 0 0 0 0 0 0 0 0 0 0 0 0 0
K 10 n 1500000 danger 671 mom 1.6020843387e+06 1.7260930018e+06 1.8807568150e+06 2.0803669753e+06 2.3499071045e+06 2.7364554231e+06 4.3620345014e+06 1.0509903943e+07 4.5676995476e+07 2.5928468343e+09 hist 0 0 0 0 0 0 0 0 0 0 0 0 0 0 0 0 0 0 0 0 0 0 0 0 0 0 0 0 0 0 0 0 0 0 0 0 0 0 0 0 0 0 0 0 0 0 0 0 0 0 0 0 0 0 0 0 0 0 0 0 0 0 0 0 0 0 0 0 0 0 0 0 0 0 0 0 0 0 0 0 0 0 0 0 0 0 0 0 0 0 0 0 0 0 0 0 0 0 0 0 0 0 0 0 0 0 0 0 0 0 0 0 0 0 0 0 0 0 0 0 0 0 0 0 0 0 0 0 0 0 0 0 0 0 0 0 0 0 0 0 0 0 0 0 0 0 0 0 0 0 0 0 0 0 0 0 0 0 0 0 0 0 0 0 0 0 0 0 0 0 0 0 0 0 0 0 0 0 0 0 0 0 0 0 0 0 0 0 0 0 0 0 0 0 0 0 0 0 0 389 566611 182948 169787 112632 98752 77673 54841 42861 30943 26569 19753 20902 15325 11611 11917 10684 8163 6439 5194 4593 3458 2999 2286 1921 1534 1304 1265 964 880 801 647 619 456 381 286 241 219 180 159 142 99 107 69 56 49 47 39 30 29 21 14 15 16 17 8 8 6 7 2 6 5 3 5 3 0 3 1 2 1 2 1 0 0 0 0 0 0 0 0 0 0 0 0 0 0 0 0 0 0 0 0 0 0 0 0 0 0 0 0 0 0 0 0 0 0 0 0 0 0 0 0 0 0 0 0 0 0 0 0 0 0 0 0 0 0 0 0 0 0 0 0 0 0 0 0 0 0 0 0 0 0 0 0 0 0 0 0 0 0 0 0 0 0 0 0 0 0 0 0 0 0 0 0 0 0 0 0 0 0 0 0 0 0 0 0 0 0 0 0 0 0 0 0 0 0 0 0 0 0 0 0 0 0 0 0 0 0 0 0 0
K 12 n 1500000 danger 243 mom 1.6238096645e+06 1.7752750808e+06 1.9656811176e+06 2.2137157311e+06 2.5526319935e+06 3.0468431259e+06 5.2362934824e+06 1.4790999303e+07 8.5304719252e+07 1.0379556128e+10 hist 0 0 0 0 0 0 0 0 0 0 0 0 0 0 0 0 0 0 0 0 0 0 0 0 0 0 0 0 0 0 0 0 0 0 0 0 0 0 0 0 0 0 0 0 0 0 0 0 0 0 0 0 0 0 0 0 0 0 0 0 0 0 0 0 0 0 0 0 0 0 0 0 0 0 0 0 0 0 0 0 0 0 0 0 0 0 0 0 0 0 0 0 0 0 0 0 0 0 0 0 0 0 0 0 0 0 0 0 0 0 0 0 0 0 0 0 0 0 0 0 0 0 0 0 0 0 0 0 0 0 0 0 0 0 0 0 0 0 0 0 0 0 0 0 0 0 0 0 0 0 0 0 0 0 0 0 0 0 0 0 0 0 0 0 0 0 0 0 0 0 0 0 0 0 0 0 0 0 0 0 0 0 0 0 0 0 0 0 0 0 0 0 0 0 0 0 0 0 0 64 463162 229732 183282 143469 113042 80229 58428 45524 33541 30043 22408 18181 15467 13177 9886 7795 6706 4920 3910 3140 2396 2005 1690 1402 1197 944 868 637 527 411 322 277 249 178 155 117 93 66 58 59 46 32 25 28 27 10 8 11 10 10 8 5 8 1 4 2 4 0 2 0 1 0 0 0 0 0 0 1 0 0 0 0 0 0 0 0 0 0 0 0 0 0 0 0 0 0 0 0 0 0 0 0 0 0 0 0 0 0 0 0 0 0 0 0 0 0 0 0 0 0 0 0 0 0 0 0 0 0 0 0 0 0 0 0 0 0 0 0 0 0 0 0 0 0 0 0 0 0 0 0 0 0 0 0 0 0 0 0 0 0 0 0 0 0 0 0 0 0 0 0 0 0 0 0 0 0 0 0 0 0 0 0 0 0 0 0 0 0 0 0 0 0 0 0 0 0 0 0 0 0 0 0 0 0 0 0 0 0 0 0
K 14 n 1500000 danger 96 mom 1.6459485059e+06 1.8259852735e+06 2.0543612793e+06 2.3548903927e+06 2.7704320852e+06 3.3851305391e+06 6.1910362751e+06 1.8877736166e+07 1.1314221835e+08 1.3060193550e+10 hist 0 0 0 0 0 0 0 0 0 0 0 0 0 0 0 0 0 0 0 0 0 0 0 0 0 0 0 0 0 0 0 0 0 0 0 0 0 0 0 0 0 0 0 0 0 0 0 0 0 0 0 0 0 0 0 0 0 0 0 0 0 0 0 0 0 0 0 0 0 0 0 0 0 0 0 0 0 0 0 0 0 0 0 0 0 0 0 0 0 0 0 0 0 0 0 0 0 0 0 0 0 0 0 0 0 0 0 0 0 0 0 0 0 0 0 0 0 0 0 0 0 0 0 0 0 0 0 0 0 0 0 0 0 0 0 0 0 0 0 0 0 0 0 0 0 0 0 0 0 0 0 0 0 0 0 0 0 0 0 0 0 0 0 0 0 0 0 0 0 0 0 0 0 0 0 0 0 0 0 0 0 0 0 0 0 0 0 0 0 0 0 0 0 0 0 0 0 0 0 17 377461 259037 209338 165233 119599 86870 63840 48240 36982 28228 23266 18660 13999 10888 8537 6544 5016 3706 3004 2327 1895 1568 1237 958 770 588 456 381 283 240 156 135 104 90 71 45 46 43 29 17 17 15 13 14 8 8 3 5 7 1 2 1 0 1 0 0 0 0 1 0 0 0 0 0 0 0 0 0 0 0 0 0 0 0 0 0 0 0 0 0 0 0 0 0 0 0 0 0 0 0 0 0 0 0 0 0 0 0 0 0 0 0 0 0 0 0 0 0 0 0 0 0 0 0 0 0 0 0 0 0 0 0 0 0 0 0 0 0 0 0 0 0 0 0 0 0 0 0 0 0 0 0 0 0 0 0 0 0 0 0 0 0 0 0 0 0 0 0 0 0 0 0 0 0 0 0 0 0 0 0 0 0 0 0 0 0 0 0 0 0 0 0 0 0 0 0 0 0 0 0 0 0 0 0 0 0 0 0 0 0
K 16 n 1500000 danger 26 mom 1.6685128011e+06 1.8783313364e+06 2.1471269084e+06 2.5045724172e+06 3.0043092963e+06 3.7520311144e+06 7.2245257060e+06 2.3112278290e+07 1.4069961860e+08 1.5717241241e+10 hist 0 0 0 0 0 0 0 0 0 0 0 0 0 0 0 0 0 0 0 0 0 0 0 0 0 0 0 0 0 0 0 0 0 0 0 0 0 0 0 0 0 0 0 0 0 0 0 0 0 0 0 0 0 0 0 0 0 0 0 0 0 0 0 0 0 0 0 0 0 0 0 0 0 0 0 0 0 0 0 0 0 0 0 0 0 0 0 0 0 0 0 0 0 0 0 0 0 0 0 0 0 0 0 0 0 0 0 0 0 0 0 0 0 0 0 0 0 0 0 0 0 0 0 0 0 0 0 0 0 0 0 0 0 0 0 0 0 0 0 0 0 0 0 0 0 0 0 0 0 0 0 0 0 0 0 0 0 0 0 0 0 0 0 0 0 0 0 0 0 0 0 0 0 0 0 0 0 0 0 0 0 0 0 0 0 0 0 0 0 0 0 0 0 0 0 0 0 0 0 63 312919 273654 232642 180217 131238 93147 68280 50489 37755 29131 22263 16784 12748 9379 7077 5116 3944 3031 2353 1878 1387 1082 811 587 537 334 277 188 159 122 89 69 45 55 32 22 22 17 19 12 2 9 7 1 2 1 2 1 0 0 1 0 0 0 0 0 0 0 0 0 0 0 0 0 0 0 0 0 0 0 0 0 0 0 0 0 0 0 0 0 0 0 0 0 0 0 0 0 0 0 0 0 0 0 0 0 0 0 0 0 0 0 0 0 0 0 0 0 0 0 0 0 0 0 0 0 0 0 0 0 0 0 0 0 0 0 0 0 0 0 0 0 0 0 0 0 0 0 0 0 0 0 0 0 0 0 0 0 0 0 0 0 0 0 0 0 0 0 0 0 0 0 0 0 0 0 0 0 0 0 0 0 0 0 0 0 0 0 0 0 0 0 0 0 0 0 0 0 0 0 0 0 0 0 0 0 0 0 0 0
K 18 n 1500000 danger 9 mom 1.6913680633e+06 1.9320081343e+06 2.2435413369e+06 2.6625417028e+06 3.2557117836e+06 4.1558794884e+06 8.4555394022e+06 2.8908881298e+07 1.8492767323e+08 2.1047382120e+10 hist 0 0 0 0 0 0 0 0 0 0 0 0 0 0 0 0 0 0 0 0 0 0 0 0 0 0 0 0 0 0 0 0 0 0 0 0 0 0 0 0 0 0 0 0 0 0 0 0 0 0 0 0 0 0 0 0 0 0 0 0 0 0 0 0 0 0 0 0 0 0 0 0 0 0 0 0 0 0 0 0 0 0 0 0 0 0 0 0 0 0 0 0 0 0 0 0 0 0 0 0 0 0 0 0 0 0 0 0 0 0 0 0 0 0 0 0 0 0 0 0 0 0 0 0 0 0 0 0 0 0 0 0 0 0 0 0 0 0 0 0 0 0 0 0 0 0 0 0 0 0 0 0 0 0 0 0 0 0 0 0 0 0 0 0 0 0 0 0 0 0 0 0 0 0 0 0 0 0 0 0 0 0 0 0 0 0 0 0 0 0 0 0 0 0 0 0 0 0 0 59 263040 280219 251481 195217 141056 100272 72243 52005 38241 28406 20862 15275 11203 7974 5734 4257 3155 2451 1762 1314 980 761 532 389 266 206 163 110 89 76 47 36 30 24 19 14 8 8 5 2 2 5 1 0 0 1 0 0 0 0 0 0 0 0 0 0 0 0 0 0 0 0 0 0 0 0 0 0 0 0 0 0 0 0 0 0 0 0 0 0 0 0 0 0 0 0 0 0 0 0 0 0 0 0 0 0 0 0 0 0 0 0 0 0 0 0 0 0 0 0 0 0 0 0 0 0 0 0 0 0 0 0 0 0 0 0 0 0 0 0 0 0 0 0 0 0 0 0 0 0 0 0 0 0 0 0 0 0 0 0 0 0 0 0 0 0 0 0 0 0 0 0 0 0 0 0 0 0 0 0 0 0 0 0 0 0 0 0 0 0 0 0 0 0 0 0 0 0 0 0 0 0 0 0 0 0 0 0 0 0
K 20 n 1500000 danger 3 mom 1.7146047171e+06 1.9873455602e+06 2.3444631182e+06 2.8307554291e+06 3.5289846326e+06 4.6072577902e+06 1.0007243501e+07 3.8830848600e+07 3.0225472441e+08 5.3116080692e+10 hist 0 0 0 0 0 0 0 0 0 0 0 0 0 0 0 0 0 0 0 0 0 0 0 0 0 0 0 0 0 0 0 0 0 0 0 0 0 0 0 0 0 0 0 0 0 0 0 0 0 0 0 0 0 0 0 0 0 0 0 0 0 0 0 0 0 0 0 0 0 0 0 0 0 0 0 0 0 0 0 0 0 0 0 0 0 0 0 0 0 0 0 0 0 0 0 0 0 0 0 0 0 0 0 0 0 0 0 0 0 0 0 0 0 0 0 0 0 0 0 0 0 0 0 0 0 0 0 0 0 0 0 0 0 0 0 0 0 0 0 0 0 0 0 0 0 0 0 0 0 0 0 0 0 0 0 0 0 0 0 0 0 0 0 0 0 0 0 0 0 0 0 0 0 0 0 0 0 0 0 0 0 0 0 0 0 0 0 0 0 0 0 0 0 0 0 0 0 0 0 38 219565 283681 268946 210104 151036 106469 74938 52828 38221 27371 19231 13858 9592 6734 4802 3476 2602 1802 1327 980 676 485 319 252 178 132 98 68 50 41 29 30 10 9 8 4 1 4 2 0 0 2 1 0 0 0 0 0 0 0 0 0 0 0 0 0 0 0 0 0 0 0 0 0 0 0 0 0 0 0 0 0 0 0 0 0 0 0 0 0 0 0 0 0 0 0 0 0 0 0 0 0 0 0 0 0 0 0 0 0 0 0 0 0 0 0 0 0 0 0 0 0 0 0 0 0 0 0 0 0 0 0 0 0 0 0 0 0 0 0 0 0 0 0 0 0 0 0 0 0 0 0 0 0 0 0 0 0 0 0 0 0 0 0 0 0 0 0 0 0 0 0 0 0 0 0 0 0 0 0 0 0 0 0 0 0 0 0 0 0 0 0 0 0 0 0 0 0 0 0 0 0 0 0 0 0 0 0 0 0
K 24 n 1500000 danger 0 mom 1.7621160762e+06 2.1026863245e+06 2.5591237821e+06 3.1962198184e+06 4.1354898685e+06 5.6275350157e+06 1.3464382595e+07 5.7083259413e+07 4.5837641195e+08 7.8267219413e+10 hist 0 0 0 0 0 0 0 0 0 0 0 0 0 0 0 0 0 0 0 0 0 0 0 0 0 0 0 0 0 0 0 0 0 0 0 0 0 0 0 0 0 0 0 0 0 0 0 0 0 0 0 0 0 0 0 0 0 0 0 0 0 0 0 0 0 0 0 0 0 0 0 0 0 0 0 0 0 0 0 0 0 0 0 0 0 0 0 0 0 0 0 0 0 0 0 0 0 0 0 0 0 0 0 0 0 0 0 0 0 0 0 0 0 0 0 0 0 0 0 0 0 0 0 0 0 0 0 0 0 0 0 0 0 0 0 0 0 0 0 0 0 0 0 0 0 0 0 0 0 0 0 0 0 0 0 0 0 0 0 0 0 0 0 0 0 0 0 0 0 0 0 0 0 0 0 0 0 0 0 0 0 0 0 0 0 0 0 0 0 0 0 0 0 0 0 0 0 0 0 33 149605 283843 297372 238761 170483 116866 79029 53966 36206 24419 16335 10733 7168 4859 3313 2267 1548 1021 705 457 321 228 130 104 67 53 43 22 19 6 6 5 3 1 1 2 0 0 0 0 0 0 0 0 0 0 0 0 0 0 0 0 0 0 0 0 0 0 0 0 0 0 0 0 0 0 0 0 0 0 0 0 0 0 0 0 0 0 0 0 0 0 0 0 0 0 0 0 0 0 0 0 0 0 0 0 0 0 0 0 0 0 0 0 0 0 0 0 0 0 0 0 0 0 0 0 0 0 0 0 0 0 0 0 0 0 0 0 0 0 0 0 0 0 0 0 0 0 0 0 0 0 0 0 0 0 0 0 0 0 0 0 0 0 0 0 0 0 0 0 0 0 0 0 0 0 0 0 0 0 0 0 0 0 0 0 0 0 0 0 0 0 0 0 0 0 0 0 0 0 0 0 0 0 0 0 0 0 0 0
