# Kmax=24 n=1500000 eta=1/108 Zmax=117 b0=97
K 2 n 1500000 danger 47363 mom 1.5190524047e+06 1.5422234585e+06 1.5708155368e+06 1.6066630099e+06 1.6523944406e+06 1.7118415940e+06 1.8974767559e+06 2.2544001926e+06 3.0022027640e+06 8.7876384019e+06 hist 0 0 0 0 0 0 0 0 0 0 0 0 0 0 0 0 0 0 0 0 0 0 0 0 0 0 0 0 0 0 0 0 0 0 0 0 0 0 0 0 0 0 0 0 0 0 0 0 0 0 0 0 0 0 0 0 0 0 0 0 0 0 0 0 0 0 0 0 0 0 0 0 0 0 0 0 0 0 0 0 0 0 0 0 0 0 0 0 0 0 0 0 0 0 0 0 0 0 0 0 0 0 0 0 0 0 0 0 0 0 0 0 0 0 0 0 0 0 0 0 0 0 0 0 0 0 0 0 0 0 0 0 0 0 0 0 0 0 0 0 0 0 0 0 0 0 0 0 0 0 0 0 0 0 0 0 0 0 0 0 0 0 0 0 0 0 0 0 0 0 0 0 0 0 0 0 0 0 0 0 0 0 0 0 0 0 0 0 0 0 0 0 0 0 0 0 0 0 0 681832 627482 25267 3339 16107 4538 5039 2503 7795 5924 212 3526 0 11683 4050 916 0 0 0 0 3509 7107 0 7428 140 14441 962 7133 354 0 0 2940 3568 54 1518 1573 0 0 1697 0 0 182 691 0 457 3650 241 0 5484 77 0 0 0 0 1782 0 11756 106 0 416 3 120 745 2029 0 92 303 0 194 154 58 203 5966 0 111 103 0 2946 70 2280 1558 0 643 37 91 0 329 0 0 48 163 0 110 145 62 0 0 0 0 349 1378 5 0 0 0 36 0 191 0 0 27 109 0 48 24 26 0 187 0 0 0 0 0 0 0 0 0 0 0 0 0 677 0 0 0 0 0 0 0 0 0 105 0 0 0 0 324 0 0 0 0 0 49 174 0 0 35 88 26 76 24 0 0 0 0 0 0 0 0 0 0 0 0 0 0 0 0 0 0 0 0 0 0 0 0 0 0 0 0 0 0 0 0 0 0 0 0 0 0 0 0
K 4 n 1500000 danger 14845 mom 1.5391986279e+06 1.5865515051e+06 1.6450272372e+06 1.7192297529e+06 1.8166539087e+06 1.9501852037e+06 2.4416378206e+06 3.8389303068e+06 9.3526189129e+06 2.1406358233e+08 hist 0 0 0 0 0 0 0 0 0 0 0 0 0 0 0 0 0 0 0 0 0 0 0 0 0 0 0 0 0 0 0 0 0 0 0 0 0 0 0 0 0 0 0 0 0 0 0 0 0 0 0 0 0 0 0 0 0 0 0 0 0 0 0 0 0 0 0 0 0 0 0 0 0 0 0 0 0 0 0 0 0 0 0 0 0 0 0 0 0 0 0 0 0 0 0 0 0 0 0 0 0 0 0 0 0 0 0 0 0 0 0 0 0 0 0 0 0 0 0 0 0 0 0 0 0 0 0 0 0 0 0 0 0 0 0 0 0 0 0 0 0 0 0 0 0 0 0 0 0 0 0 0 0 0 0 0 0 0 0 0 0 0 0 0 0 0 0 0 0 0 0 0 0 0 0 0 0 0 0 0 0 0 0 0 0 0 0 0 0 0 0 0 0 0 0 0 0 0 0 3899 1086214 39479 40543 20504 22193 26707 28307 25212 15708 12353 18779 7973 15653 19303 6078 13371 2812 7283 6895 2374 3756 2674 6671 6549 1214 2060 3588 9917 1746 2031 1659 2310 1432 1733 460 6712 951 1144 2976 3932 1268 742 704 683 1058 504 888 670 143 1831 423 192 264 463 292 175 189 282 217 241 262 77 62 101 116 636 100 30 116 123 108 207 293 61 49 96 186 68 181 99 64 22 25 5 29 22 33 76 1 24 7 4 85 12 5 9 20 1 10 17 5 1 14 0 26 5 3 1 13 0 12 22 0 7 14 3 1 8 9 2 1 0 0 2 2 1 0 1 5 1 0 0 2 0 5 0 0 0 0 0 0 2 0 1 1 0 0 0 0 0 2 0 1 0 0 0 1 0 0 0 0 0 0 0 0 0 0 0 0 0 0 0 0 0 0 0 0 0 0 0 0 0 0 0 0 0 0 0 0 0 0 0 0 0 0 0 0 0 0 0
K 6 n 1500000 danger 5671 mom 1.5598491195e+06 1.6320363096e+06 1.7212772571e+06 1.8351693054e+06 1.9868229186e+06 2.2008775790e+06 3.0892083956e+06 6.7276592918e+06 3.3410167542e+07 3.8168828172e+09 hist 0 0 0 0 0 0 0 0 0 0 0 0 0 0 0 0 0 0 0 0 0 0 0 0 0 0 0 0 0 0 0 0 0 0 0 0 0 0 0 0 0 0 0 0 0 0 0 0 0 0 0 0 0 0 0 0 0 0 0 0 0 0 0 0 0 0 0 0 0 0 0 0 0 0 0 0 0 0 0 0 0 0 0 0 0 0 0 0 0 0 0 0 0 0 0 0 0 0 0 0 0 0 0 0 0 0 0 0 0 0 0 0 0 0 0 0 0 0 0 0 0 0 0 0 0 0 0 0 0 0 0 0 0 0 0 0 0 0 0 0 0 0 0 0 0 0 0 0 0 0 0 0 0 0 0 0 0 0 0 0 0 0 0 0 0 0 0 0 0 0 0 0 0 0 0 0 0 0 0 0 0 0 0 0 0 0 0 0 0 0 0 0 0 0 0 0 0 0 0 1848 874673 93488 56014 65629 74696 46973 31184 29224 35704 27841 19037 16522 14507 8111 10617 10099 4988 6139 13109 4314 5946 3233 3611 6300 3148 4534 4601 3020 1894 2281 1450 1851 1263 2129 707 1041 741 619 674 569 541 310 248 721 295 244 335 292 404 203 268 190 291 170 88 76 101 87 101 49 59 103 34 28 46 33 31 21 36 29 16 15 16 15 27 12 24 8 17 19 3 3 6 5 4 5 4 5 2 5 1 3 2 1 4 1 1 0 2 1 3 1 0 1 1 0 0 1 0 0 0 1 0 0 0 0 0 0 0 0 0 0 0 0 0 1 0 0 0 1 0 0 0 0 0 0 0 0 0 0 0 0 0 0 0 0 0 0 0 0 0 0 0 0 0 0 0 0 0 0 0 0 0 0 0 0 0 0 0 0 0 0 0 0 0 0 0 0 0 0 0 0 0 0 0 0 0 0 0 0 0 0 0 0 0 0 0 0 0 0
K 8 n 1500000 danger 1992 mom 1.5808563649e+06 1.6786804649e+06 1.8002416869e+06 1.9569420055e+06 2.1704107419e+06 2.4898912632e+06 4.3920180706e+06 2.6617479433e+07 5.2948200214e+08 3.7737894183e+11 hist 0 0 0 0 0 0 0 0 0 0 0 0 0 0 0 0 0 0 0 0 0 0 0 0 0 0 0 0 0 0 0 0 0 0 0 0 0 0 0 0 0 0 0 0 0 0 0 0 0 0 0 0 0 0 0 0 0 0 0 0 0 0 0 0 0 0 0 0 0 0 0 0 0 0 0 0 0 0 0 0 0 0 0 0 0 0 0 0 0 0 0 0 0 0 0 0 0 0 0 0 0 0 0 0 0 0 0 0 0 0 0 0 0 0 0 0 0 0 0 0 0 0 0 0 0 0 0 0 0 0 0 0 0 0 0 0 0 0 0 0 0 0 0 0 0 0 0 0 0 0 0 0 0 0 0 0 0 0 0 0 0 0 0 0 0 0 0 0 0 0 0 0 0 0 0 0 0 0 0 0 0 0 0 0 0 0 0 0 0 0 0 0 0 0 0 0 0 0 0 1009 704391 126394 126534 109765 64407 66715 59182 38321 30133 25173 15982 19045 12437 16012 10481 9078 7608 8501 6122 7621 5365 3846 3720 3065 3057 2175 1915 1480 1206 1214 922 721 946 647 517 531 561 381 427 401 262 204 194 187 129 124 134 77 86 78 53 53 53 38 28 43 32 38 27 30 13 12 14 9 13 8 4 6 5 2 4 5 4 0 1 6 2 1 3 1 0 1 1 0 0 2 0 1 0 0 0 0 0 1 1 0 0 1 0 0 0 0 0 0 0 0 0 0 0 0 0 0 0 0 0 0 0 0 0 0 1 0 0 0 0 0 0 0 0 0 0 0 0 0 0 0 0 0 0 0 0 0 0 0 0 0 0 0 0 0 0 0 0 0 0 0 0 0 0 0 0 0 0 0 0 0 0 0 0 0 0 0 0 0 0 0 0 0 0 0 0 0 0 0 0 0 0 0 0 0 0 0 0 0 0 0 0 0 0 0
K 10 n 1500000 danger 732 mom 1.6023502890e+06 1.7268955259e+06 1.8828727849e+06 2.0866465093e+06 2.3730553542e+06 2.8401855513e+06 7.1845745133e+06 9.9247386121e+07 2.9751089762e+09 3.4181863571e+12 hist 0 0 0 0 0 0 0 0 0 0 0 0 0 0 0 0 0 0 0 0 0 0 0 0 0 0 0 0 0 0 0 0 0 0 0 0 0 0 0 0 0 0 0 0 0 0 0 0 0 0 0 0 0 0 0 0 0 0 0 0 0 0 0 0 0 0 0 0 0 0 0 0 0 0 0 0 0 0 0 0 0 0 0 0 0 0 0 0 0 0 0 0 0 0 0 0 0 0 0 0 0 0 0 0 0 0 0 0 0 0 0 0 0 0 0 0 0 0 0 0 0 0 0 0 0 0 0 0 0 0 0 0 0 0 0 0 0 0 0 0 0 0 0 0 0 0 0 0 0 0 0 0 0 0 0 0 0 0 0 0 0 0 0 0 0 0 0 0 0 0 0 0 0 0 0 0 0 0 0 0 0 0 0 0 0 0 0 0 0 0 0 0 0 0 0 0 0 0 0 389 566078 182420 169869 113430 98798 77808 54309 43289 31078 26840 19725 20521 15027 11541 11813 10522 8323 6355 5192 4689 3761 2973 2387 2003 1555 1311 1335 953 825 782 655 605 458 356 321 260 250 160 158 144 103 81 69 68 66 60 49 42 27 28 15 18 17 8 17 6 8 9 5 3 3 9 4 3 2 3 0 0 2 0 0 0 0 1 0 1 0 1 0 1 0 0 0 0 0 0 0 0 0 0 1 0 0 0 0 0 1 0 0 0 0 0 0 1 0 0 0 0 0 0 0 0 0 0 0 0 0 0 0 0 0 0 0 0 0 0 0 0 0 0 0 0 0 0 0 0 0 0 0 0 0 0 0 0 0 0 0 0 0 0 0 0 0 0 0 0 0 0 0 0 0 0 0 0 0 0 0 0 0 0 0 0 0 0 0 0 0 0 0 0 0 0 0 0 0 0 0 0 0 0 0 0 0 0 0 0 0 0 0 0
K 12 n 1500000 danger 260 mom 1.6240856918e+06 1.7761307312e+06 1.9681287591e+06 2.2224001105e+06 2.5944959773e+06 3.2993364050e+06 1.7396808555e+07 6.7362735334e+08 3.7068098656e+10 1.2050832962e+14 hist 0 0 0 0 0 0 0 0 0 0 0 0 0 0 0 0 0 0 0 0 0 0 0 0 0 0 0 0 0 0 0 0 0 0 0 0 0 0 0 0 0 0 0 0 0 0 0 0 0 0 0 0 0 0 0 0 0 0 0 0 0 0 0 0 0 0 0 0 0 0 0 0 0 0 0 0 0 0 0 0 0 0 0 0 0 0 0 0 0 0 0 0 0 0 0 0 0 0 0 0 0 0 0 0 0 0 0 0 0 0 0 0 0 0 0 0 0 0 0 0 0 0 0 0 0 0 0 0 0 0 0 0 0 0 0 0 0 0 0 0 0 0 0 0 0 0 0 0 0 0 0 0 0 0 0 0 0 0 0 0 0 0 0 0 0 0 0 0 0 0 0 0 0 0 0 0 0 0 0 0 0 0 0 0 0 0 0 0 0 0 0 0 0 0 0 0 0 0 0 65 462268 229773 183026 143616 113711 80398 58746 45813 33529 29501 22202 18015 15291 13288 9950 7752 6767 4975 3960 3185 2519 2052 1705 1374 1160 985 853 629 557 422 379 261 235 168 150 117 103 83 92 65 44 34 29 24 19 20 22 9 11 4 6 6 12 4 3 0 1 1 2 1 0 0 0 0 3 0 1 0 0 0 1 0 0 0 0 1 0 0 0 0 1 0 0 0 0 0 0 0 0 0 0 0 0 0 0 0 0 1 0 0 0 0 0 0 0 0 0 0 0 0 0 0 0 0 0 0 0 0 0 0 0 0 0 0 0 0 0 0 0 0 0 0 0 0 0 0 0 0 0 0 0 0 0 0 0 0 0 0 0 0 0 0 0 0 0 0 0 0 0 0 0 0 0 0 0 0 0 0 0 0 0 0 0 0 0 0 0 0 0 0 0 0 0 0 0 0 0 0 0 0 0 0 0 0 0 0 0 0 0 0
K 14 n 1500000 danger 108 mom 1.6462606328e+06 1.8270032105e+06 2.0573785847e+06 2.3656069478e+06 2.8205188536e+06 3.6758697371e+06 1.9407113587e+07 7.1010644209e+08 3.8107418323e+10 1.2149604798e+14 hist 0 0 0 0 0 0 0 0 0 0 0 0 0 0 0 0 0 0 0 0 0 0 0 0 0 0 0 0 0 0 0 0 0 0 0 0 0 0 0 0 0 0 0 0 0 0 0 0 0 0 0 0 0 0 0 0 0 0 0 0 0 0 0 0 0 0 0 0 0 0 0 0 0 0 0 0 0 0 0 0 0 0 0 0 0 0 0 0 0 0 0 0 0 0 0 0 0 0 0 0 0 0 0 0 0 0 0 0 0 0 0 0 0 0 0 0 0 0 0 0 0 0 0 0 0 0 0 0 0 0 0 0 0 0 0 0 0 0 0 0 0 0 0 0 0 0 0 0 0 0 0 0 0 0 0 0 0 0 0 0 0 0 0 0 0 0 0 0 0 0 0 0 0 0 0 0 0 0 0 0 0 0 0 0 0 0 0 0 0 0 0 0 0 0 0 0 0 0 0 14 377027 258164 209637 165532 119855 87918 63885 47776 36919 27880 23045 18438 14165 10978 8656 6469 5004 3790 3048 2423 1913 1497 1269 980 802 585 493 353 288 234 209 129 125 116 89 58 45 39 23 22 19 18 9 10 14 9 6 5 4 2 1 2 0 0 1 2 0 0 1 1 0 0 0 0 1 0 0 0 0 0 2 0 0 0 0 0 0 0 0 0 0 0 0 1 0 0 0 0 0 0 0 0 0 0 0 0 0 0 0 0 0 0 0 0 0 0 0 0 0 0 0 0 0 0 0 0 0 0 0 0 0 0 0 0 0 0 0 0 0 0 0 0 0 0 0 0 0 0 0 0 0 0 0 0 0 0 0 0 0 0 0 0 0 0 0 0 0 0 0 0 0 0 0 0 0 0 0 0 0 0 0 0 0 0 0 0 0 0 0 0 0 0 0 0 0 0 0 0 0 0 0 0 0 0 0 0 0 0 0 0
K 16 n 1500000 danger 44 mom 1.6688530149e+06 1.8794576209e+06 2.1505095990e+06 2.5165017115e+06 3.0585251939e+06 4.0578893044e+06 2.0754062272e+07 7.2700866287e+08 3.8858365923e+10 1.2441673504e+14 hist 0 0 0 0 0 0 0 0 0 0 0 0 0 0 0 0 0 0 0 0 0 0 0 0 0 0 0 0 0 0 0 0 0 0 0 0 0 0 0 0 0 0 0 0 0 0 0 0 0 0 0 0 0 0 0 0 0 0 0 0 0 0 0 0 0 0 0 0 0 0 0 0 0 0 0 0 0 0 0 0 0 0 0 0 0 0 0 0 0 0 0 0 0 0 0 0 0 0 0 0 0 0 0 0 0 0 0 0 0 0 0 0 0 0 0 0 0 0 0 0 0 0 0 0 0 0 0 0 0 0 0 0 0 0 0 0 0 0 0 0 0 0 0 0 0 0 0 0 0 0 0 0 0 0 0 0 0 0 0 0 0 0 0 0 0 0 0 0 0 0 0 0 0 0 0 0 0 0 0 0 0 0 0 0 0 0 0 0 0 0 0 0 0 0 0 0 0 0 0 57 312550 272258 232541 181247 132097 93573 68120 50584 37319 28827 22208 16760 12758 9440 7132 5268 3912 3029 2343 1809 1449 1098 820 685 445 363 291 214 192 133 127 83 61 41 34 26 25 15 11 11 10 8 4 7 2 1 0 3 2 1 1 0 1 0 0 0 1 0 0 0 0 2 0 0 0 0 0 0 0 0 0 0 0 1 0 0 0 0 0 0 0 0 0 0 0 0 0 0 0 0 0 0 0 0 0 0 0 0 0 0 0 0 0 0 0 0 0 0 0 0 0 0 0 0 0 0 0 0 0 0 0 0 0 0 0 0 0 0 0 0 0 0 0 0 0 0 0 0 0 0 0 0 0 0 0 0 0 0 0 0 0 0 0 0 0 0 0 0 0 0 0 0 0 0 0 0 0 0 0 0 0 0 0 0 0 0 0 0 0 0 0 0 0 0 0 0 0 0 0 0 0 0 0 0 0 0 0 0 0 0
K 18 n 1500000 danger 15 mom 1.6917072037e+06 1.9331786254e+06 2.2471297481e+06 2.6751186909e+06 3.3117259856e+06 4.4668465230e+06 2.2067226498e+07 7.3605812067e+08 3.9063349703e+10 1.2490335283e+14 hist 0 0 0 0 0 0 0 0 0 0 0 0 0 0 0 0 0 0 0 0 0 0 0 0 0 0 0 0 0 0 0 0 0 0 0 0 0 0 0 0 0 0 0 0 0 0 0 0 0 0 0 0 0 0 0 0 0 0 0 0 0 0 0 0 0 0 0 0 0 0 0 0 0 0 0 0 0 0 0 0 0 0 0 0 0 0 0 0 0 0 0 0 0 0 0 0 0 0 0 0 0 0 0 0 0 0 0 0 0 0 0 0 0 0 0 0 0 0 0 0 0 0 0 0 0 0 0 0 0 0 0 0 0 0 0 0 0 0 0 0 0 0 0 0 0 0 0 0 0 0 0 0 0 0 0 0 0 0 0 0 0 0 0 0 0 0 0 0 0 0 0 0 0 0 0 0 0 0 0 0 0 0 0 0 0 0 0 0 0 0 0 0 0 0 0 0 0 0 0 30 262940 279169 251661 195882 141927 100228 72069 51698 37950 28223 20797 15388 11186 7973 5885 4299 3167 2434 1773 1354 1040 698 542 417 292 241 191 152 94 75 53 41 34 21 15 16 10 9 10 1 2 0 4 3 0 1 1 0 0 0 1 0 0 0 2 0 0 0 0 0 0 0 0 0 0 1 0 0 0 0 0 0 0 0 0 0 0 0 0 0 0 0 0 0 0 0 0 0 0 0 0 0 0 0 0 0 0 0 0 0 0 0 0 0 0 0 0 0 0 0 0 0 0 0 0 0 0 0 0 0 0 0 0 0 0 0 0 0 0 0 0 0 0 0 0 0 0 0 0 0 0 0 0 0 0 0 0 0 0 0 0 0 0 0 0 0 0 0 0 0 0 0 0 0 0 0 0 0 0 0 0 0 0 0 0 0 0 0 0 0 0 0 0 0 0 0 0 0 0 0 0 0 0 0 0 0 0 0 0 0
K 20 n 1500000 danger 7 mom 1.7149033653e+06 1.9884055067e+06 2.3478509706e+06 2.8431163696e+06 3.5853479036e+06 4.9223363380e+06 2.3758699350e+07 7.5018998138e+08 3.9303562640e+10 1.2502906267e+14 hist 0 0 0 0 0 0 0 0 0 0 0 0 0 0 0 0 0 0 0 0 0 0 0 0 0 0 0 0 0 0 0 0 0 0 0 0 0 0 0 0 0 0 0 0 0 0 0 0 0 0 0 0 0 0 0 0 0 0 0 0 0 0 0 0 0 0 0 0 0 0 0 0 0 0 0 0 0 0 0 0 0 0 0 0 0 0 0 0 0 0 0 0 0 0 0 0 0 0 0 0 0 0 0 0 0 0 0 0 0 0 0 0 0 0 0 0 0 0 0 0 0 0 0 0 0 0 0 0 0 0 0 0 0 0 0 0 0 0 0 0 0 0 0 0 0 0 0 0 0 0 0 0 0 0 0 0 0 0 0 0 0 0 0 0 0 0 0 0 0 0 0 0 0 0 0 0 0 0 0 0 0 0 0 0 0 0 0 0 0 0 0 0 0 0 0 0 0 0 0 35 218836 283318 269528 210595 151729 106151 74730 52833 37814 27289 19285 13801 9537 6908 4839 3462 2578 1816 1401 953 672 495 349 274 217 148 121 70 62 54 17 22 14 14 13 4 2 1 4 2 0 2 0 0 0 1 1 0 0 2 0 0 0 0 0 0 0 0 1 0 0 0 0 0 0 0 0 0 0 0 0 0 0 0 0 0 0 0 0 0 0 0 0 0 0 0 0 0 0 0 0 0 0 0 0 0 0 0 0 0 0 0 0 0 0 0 0 0 0 0 0 0 0 0 0 0 0 0 0 0 0 0 0 0 0 0 0 0 0 0 0 0 0 0 0 0 0 0 0 0 0 0 0 0 0 0 0 0 0 0 0 0 0 0 0 0 0 0 0 0 0 0 0 0 0 0 0 0 0 0 0 0 0 0 0 0 0 0 0 0 0 0 0 0 0 0 0 0 0 0 0 0 0 0 0 0 0 0 0 0
K 24 n 1500000 danger 4 mom 1.7624592092e+06 2.1039046068e+06 2.5630042216e+06 3.2106057066e+06 4.2041260889e+06 6.0349242445e+06 3.3463298573e+07 1.2121016519e+09 7.0991142506e+10 2.7903035946e+14 hist 0 0 0 0 0 0 0 0 0 0 0 0 0 0 0 0 0 0 0 0 0 0 0 0 0 0 0 0 0 0 0 0 0 0 0 0 0 0 0 0 0 0 0 0 0 0 0 0 0 0 0 0 0 0 0 0 0 0 0 0 0 0 0 0 0 0 0 0 0 0 0 0 0 0 0 0 0 0 0 0 0 0 0 0 0 0 0 0 0 0 0 0 0 0 0 0 0 0 0 0 0 0 0 0 0 0 0 0 0 0 0 0 0 0 0 0 0 0 0 0 0 0 0 0 0 0 0 0 0 0 0 0 0 0 0 0 0 0 0 0 0 0 0 0 0 0 0 0 0 0 0 0 0 0 0 0 0 0 0 0 0 0 0 0 0 0 0 0 0 0 0 0 0 0 0 0 0 0 0 0 0 0 0 0 0 0 0 0 0 0 0 0 0 0 0 0 0 0 0 36 149098 283352 297522 239347 171333 116336 79314 52982 36271 24611 16211 10902 7166 4996 3324 2298 1559 1026 732 491 359 225 160 106 80 52 27 22 25 12 6 4 5 2 2 1 0 0 1 0 0 3 0 0 0 0 0 0 0 1 0 0 0 0 0 0 0 0 0 0 0 0 0 0 0 0 0 0 0 0 0 0 0 0 0 0 0 0 0 0 0 0 0 0 0 0 0 0 0 0 0 0 0 0 0 0 0 0 0 0 0 0 0 0 0 0 0 0 0 0 0 0 0 0 0 0 0 0 0 0 0 0 0 0 0 0 0 0 0 0 0 0 0 0 0 0 0 0 0 0 0 0 0 0 0 0 0 0 0 0 0 0 0 0 0 0 0 0 0 0 0 0 0 0 0 0 0 0 0 0 0 0 0 0 0 0 0 0 0 0 0 0 0 0 0 0 0 0 0 0 0 0 0 0 0 0 0 0 0 0
