r_min(N,c) for several barriers c  (exhaustive odd scan to 3000000)
   N    c=1.0         c=0.5         c=0.387       c=0.264       c=0.167       c=0.0          moving B_m(j)
    2   7            7            7            7            7            7             7
    3   7            7            7            7            7            7             7
    4   7            9            27           27           27           27            27
    5   27           27           27           27           27           27            27
    6   27           27           27           27           27           27            27
    7   27           27           27           27           27           27            27
    8   27           27           27           27           27           27            27
    9   27           27           27           27           27           27            27
   10   27           27           27           27           27           27            27
   11   27           27           27           27           27           27            27
   12   27           27           27           27           27           27            27
   13   27           27           27           27           27           27            27
   14   27           27           27           27           27           27            27
   15   27           27           27           27           27           27            27
   16   27           27           27           27           27           27            27
   17   27           27           27           27           27           27            27
   18   27           27           27           27           27           27            27
   19   27           27           27           27           27           27            27
   20   27           27           27           27           27           27            27
   21   27           27           27           27           27           27            27
   22   27           27           27           27           27           27            27
   23   27           27           27           27           27           27            27
   24   27           27           27           27           27           27            27
   25   27           27           27           27           27           27            27
   26   27           27           27           27           27           27            27
   27   27           27           27           27           27           27            27
   28   27           27           27           27           27           27            27
   29   27           27           27           27           27           27            27
   30   27           27           27           27           27           27            27
   31   27           27           27           27           27           27            27
   32   27           27           27           27           27           27            27
   33   27           27           27           27           27           27            27
   34   27           27           27           27           27           27            27
   35   27           27           27           27           27           27            27
   36   27           27           27           27           27           27            27
   37   27           27           27           703          703          703           703
   38   27           27           27           703          703          703           703
   39   27           27           27           703          703          703           703
   40   703          703          703          703          703          703           703
   41   703          703          703          703          703          703           703
   42   703          703          703          703          703          703           703
   43   703          703          703          703          703          703           703
   44   703          703          703          703          703          703           703
   45   703          703          703          703          703          703           703
   46   703          703          703          703          703          703           703
   47   703          703          703          703          703          703           703
   48   703          703          703          703          703          703           703
   49   703          703          703          703          703          703           703
   50   703          703          703          703          703          703           703
   51   937          937          2223         2223         2223         10087         10087
   52   1249         2223         2223         2223         2223         10087         10087
   53   2223         2223         2223         2223         2223         10087         10087
   54   2223         2223         2223         2223         2223         10087         10087
   55   10087        10087        10087        10087        10087        10087         10087
   56   10087        10087        10087        10087        10087        10087         10087
   57   10087        10087        10087        10087        10087        10087         10087
   58   10087        10087        10087        10087        10087        10087         10087
   59   10087        10087        10087        10087        10087        10087         10087
   60   10087        10087        10087        10087        10087        10087         10087

ratio r_min(N,c)/r_min(N,1) (the bootstrap gain factor):
   N    c=0.5       c=0.387     c=0.264     c=0.167     c=0.0     
    5   1.000      1.000      1.000      1.000      1.000    
   10   1.000      1.000      1.000      1.000      1.000    
   15   1.000      1.000      1.000      1.000      1.000    
   20   1.000      1.000      1.000      1.000      1.000    
   25   1.000      1.000      1.000      1.000      1.000    
   30   1.000      1.000      1.000      1.000      1.000    
   35   1.000      1.000      1.000      1.000      1.000    
   40   1.000      1.000      1.000      1.000      1.000    
   45   1.000      1.000      1.000      1.000      1.000    
   50   1.000      1.000      1.000      1.000      1.000    
   55   1.000      1.000      1.000      1.000      1.000    
   60   1.000      1.000      1.000      1.000      1.000    

log2 r_min(N,c) / N  (exponential rate of the frontier):
   N    c=1.0       c=0.5       c=0.387     c=0.264     c=0.167     c=0.0       harm
   10   0.4755     0.4755     0.4755     0.4755     0.4755     0.4755     0.4755
   15   0.3170     0.3170     0.3170     0.3170     0.3170     0.3170     0.3170
   20   0.2377     0.2377     0.2377     0.2377     0.2377     0.2377     0.2377
   25   0.1902     0.1902     0.1902     0.1902     0.1902     0.1902     0.1902
   30   0.1585     0.1585     0.1585     0.1585     0.1585     0.1585     0.1585
   35   0.1359     0.1359     0.1359     0.1359     0.1359     0.1359     0.1359
   40   0.2364     0.2364     0.2364     0.2364     0.2364     0.2364     0.2364
   45   0.2102     0.2102     0.2102     0.2102     0.2102     0.2102     0.2102
   50   0.1891     0.1891     0.1891     0.1891     0.1891     0.1891     0.1891
   55   0.2418     0.2418     0.2418     0.2418     0.2418     0.2418     0.2418
   60   0.2217     0.2217     0.2217     0.2217     0.2217     0.2217     0.2217
